100
Language_0
8
0
1 3 4 5 7 
a b c 
3 0 7 1 4 1 1 1 4 0 6 0 6 0 4 0 
4 1 0 -1 1 -1 4 1 0 1 4 0 5 -1 3 -1 
4 1 5 0 5 1 1 0 2 0 4 0 5 0 1 1 
7 0 4 1 3 0 3 -1 1 0 4 -1 0 0 3 -1 
1 0 5 1 6 0 7 1 2 0 2 0 2 1 1 1 
2 -1 4 0 4 -1 5 0 4 -1 0 -1 5 1 6 -1 
Language_1
8
0
0 1 3 6 7 
a b c 
7 0 3 0 1 0 6 1 7 1 6 1 1 1 3 0 
7 0 6 1 5 -1 1 1 5 -1 5 0 0 -1 1 1 
2 0 7 0 5 0 6 1 7 0 4 1 0 0 2 0 
3 1 7 1 4 0 3 0 5 1 2 -1 3 0 6 0 
1 1 2 0 5 1 4 0 2 1 0 1 6 0 3 0 
7 -1 2 0 4 -1 7 -1 7 -1 3 -1 1 0 7 1 
Language_2
8
0
0 1 2 3 4 5 6 
a b c 
7 1 3 1 6 0 7 1 4 1 6 1 3 1 3 0 
6 -1 7 0 4 1 2 -1 3 0 0 -1 6 1 4 0 
7 1 1 1 4 1 6 1 7 1 7 0 2 1 2 1 
5 -1 3 0 0 0 6 0 5 -1 3 -1 2 1 7 1 
2 0 0 1 5 0 0 1 1 1 5 1 0 1 1 1 
1 -1 6 -1 3 0 2 1 6 1 6 -1 3 1 6 1 
Language_3
8
0
1 3 4 
a b c 
2 0 5 1 5 0 2 1 4 0 6 1 7 1 4 0 
5 0 0 -1 0 1 0 -1 6 -1 1 0 4 0 6 0 
4 1 3 0 6 1 5 0 2 1 0 1 5 0 5 0 
6 -1 4 0 4 1 2 0 1 0 4 0 7 0 5 0 
6 0 5 1 6 0 1 0 5 1 3 1 2 1 5 1 
7 1 1 1 3 -1 2 0 4 0 1 -1 3 0 6 0 
Language_4
8
0
0 1 3 
a b c 
6 1 7 1 7 0 6 1 2 1 7 0 6 0 5 0 
4 1 6 0 2 0 0 0 6 0 6 -1 2 -1 0 0 
1 1 4 0 3 0 7 1 4 0 2 0 2 0 6 1 
6 -1 6 -1 3 0 5 1 0 -1 7 0 6 -1 0 -1 
5 0 0 1 2 1 6 0 6 1 3 0 5 0 1 1 
7 1 6 -1 0 0 4 1 0 -1 3 0 4 0 5 -1 
Language_5
8
0
0 1 2 3 4 5 7 
a b c 
2 0 6 0 4 0 3 0 4 0 0 1 5 0 2 1 
3 0 5 -1 6 -1 2 1 4 -1 3 1 2 0 4 0 
2 1 0 1 3 1 4 0 0 1 3 1 6 1 1 0 
2 0 6 0 7 0 6 1 1 1 7 1 3 1 6 0 
1 1 6 0 1 1 1 1 7 0 2 1 3 0 5 0 
6 0 7 1 5 0 3 -1 3 -1 6 1 3 0 7 -1 
Language_6
8
0
1 2 3 5 6 7 
a b c 
4 0 6 0 7 1 5 0 0 1 3 0 7 1 4 0 
4 -1 0 -1 0 0 1 1 7 1 4 0 5 1 3 1 
2 0 0 1 2 1 1 0 7 1 4 0 5 1 1 0 
4 1 0 1 6 -1 6 0 2 1 7 1 2 0 3 0 
4 1 5 1 5 1 4 1 5 0 2 1 2 0 2 1 
5 -1 7 -1 6 0 6 0 3 0 7 1 7 -1 2 1 
Language_7
8
0
2 4 6 
a b c 
0 1 3 0 7 1 0 0 0 0 5 0 2 0 7 0 
7 -1 3 1 5 0 3 1 0 -1 3 -1 1 1 7 1 
1 1 2 0 5 1 2 1 5 0 4 0 5 1 6 1 
4 1 3 0 5 1 0 0 7 0 2 0 3 0 2 0 
5 0 3 1 7 0 6 1 7 1 4 1 6 1 6 1 
2 1 7 1 3 -1 4 -1 6 1 7 0 5 -1 4 -1 
Language_8
8
0
0 1 2 3 5 7 
a b c 
0 0 4 1 5 1 0 1 4 1 4 1 4 1 0 1 
3 0 4 1 0 -1 6 1 3 -1 0 0 5 1 6 -1 
1 1 5 0 5 0 1 1 7 0 6 0 6 1 2 0 
7 -1 6 -1 6 -1 5 0 3 1 7 -1 2 0 5 -1 
0 1 3 1 6 0 3 1 1 0 0 1 5 0 7 0 
2 0 1 1 0 0 0 0 6 0 4 0 7 0 6 0 
Language_9
8
0
0 1 2 4 6 7 
a b c 
4 0 2 0 7 1 2 1 7 1 6 1 7 1 5 0 
5 0 2 0 3 1 6 0 5 0 2 0 3 1 1 0 
5 0 0 1 5 0 3 1 0 0 3 0 6 0 5 1 
7 1 3 -1 0 1 2 1 5 0 1 1 4 0 4 0 
2 1 3 1 5 0 5 0 5 0 4 0 7 1 0 1 
5 -1 4 1 7 0 7 -1 4 0 2 -1 1 1 5 -1 
Language_10
8
0
2 5 7 
a b c 
5 0 7 1 1 1 5 1 4 1 0 1 7 1 5 0 
2 1 3 -1 2 -1 7 0 5 1 7 0 0 1 5 1 
0 1 0 0 5 0 4 1 1 1 7 1 4 0 4 0 
0 -1 1 1 7 -1 2 1 1 -1 6 0 0 -1 2 0 
3 0 1 1 1 0 1 1 4 0 3 1 7 1 7 1 
0 1 0 0 6 0 5 0 0 0 1 -1 5 1 1 0 
Language_11
8
0
4 7 
a b c 
0 1 5 0 7 1 4 0 0 0 5 0 7 0 0 0 
0 1 1 -1 5 0 0 0 3 1 3 0 3 -1 1 0 
4 0 6 1 2 0 4 1 1 1 7 0 1 0 6 0 
1 1 1 1 7 1 2 -1 3 0 5 1 3 -1 7 1 
1 1 3 0 1 0 4 0 5 0 5 0 6 0 2 0 
6 -1 1 1 0 -1 0 0 5 1 7 0 6 0 1 1 
Language_12
8
0
3 4 
a b c 
5 0 2 1 5 0 4 1 6 0 5 0 0 0 2 0 
0 0 3 -1 1 -1 0 -1 4 1 5 -1 7 1 4 0 
1 1 6 0 5 0 2 0 7 0 3 1 3 0 5 1 
3 1 1 1 7 -1 2 -1 0 1 1 0 7 -1 7 1 
0 0 2 0 6 0 3 0 5 1 7 1 6 0 1 0 
2 -1 0 0 4 0 1 -1 7 -1 7 1 6 1 3 0 
Language_13
8
0
2 3 4 
a b c 
2 0 6 1 2 1 3 0 1 1 1 0 4 0 7 1 
2 -1 6 -1 0 0 6 0 6 1 5 1 5 1 6 0 
2 1 4 0 5 1 4 1 7 0 1 0 2 0 5 0 
6 1 5 0 3 1 4 1 1 0 4 0 3 1 5 1 
2 1 6 0 4 1 3 1 7 0 2 0 5 1 0 1 
3 -1 4 0 4 -1 6 -1 3 1 3 0 0 1 4 0 
Language_14
8
0
2 4 5 7 
a b c 
2 1 1 1 2 1 5 1 6 0 4 1 3 1 1 0 
6 -1 6 -1 1 -1 6 0 3 1 6 0 4 1 2 1 
1 1 6 0 0 0 6 1 6 0 7 0 0 1 2 1 
5 -1 0 -1 0 -1 5 -1 2 -1 1 1 6 0 2 1 
7 1 3 0 6 1 5 1 3 1 0 0 3 1 5 0 
6 0 7 0 6 0 0 0 2 1 3 -1 2 -1 2 1 
Language_15
8
0
1 2 4 5 6 
a b c 
0 0 1 0 5 1 3 1 7 0 6 1 0 0 6 1 
2 -1 6 -1 3 1 0 1 1 -1 7 -1 2 1 5 -1 
4 0 1 0 5 0 6 0 0 0 5 0 6 1 4 0 
5 1 7 0 4 1 3 -1 2 1 3 -1 4 -1 1 0 
4 0 6 1 2 1 1 0 5 1 3 0 2 0 5 0 
4 0 2 1 5 0 4 -1 6 0 0 1 2 0 7 0 
Language_16
8
0
1 4 5 
a b c 
4 0 1 0 7 0 1 0 0 1 0 0 3 0 0 0 
1 -1 6 -1 2 0 5 1 2 -1 2 0 1 -1 4 -1 
4 1 2 0 7 1 5 1 1 0 4 0 0 0 1 0 
1 1 5 1 4 -1 3 -1 3 -1 2 -1 3 -1 6 0 
4 1 6 0 2 0 2 1 3 0 0 1 5 1 5 0 
4 -1 0 -1 0 0 4 -1 3 -1 7 -1 1 -1 6 0 
Language_17
8
0
3 4 7 
a b c 
0 1 3 0 1 0 7 0 1 0 5 1 0 1 7 1 
4 -1 2 0 1 0 0 1 1 0 0 0 3 -1 4 0 
7 0 3 0 1 0 1 1 3 1 1 1 4 0 0 0 
0 -1 5 -1 4 0 1 1 5 -1 1 1 1 0 7 -1 
2 0 4 1 0 0 5 0 0 1 3 1 2 0 2 0 
5 -1 1 0 7 1 2 1 1 0 0 1 4 1 6 1 
Language_18
8
0
0 2 4 5 6 7 
a b c 
4 0 0 0 7 0 0 0 0 1 2 0 4 1 1 1 
2 -1 5 1 7 0 4 1 6 0 4 -1 0 -1 1 -1 
5 1 1 0 3 0 1 1 7 1 7 1 2 1 4 0 
3 -1 3 1 1 1 6 0 4 -1 3 0 1 -1 6 1 
4 0 5 1 7 1 4 0 2 1 7 0 2 0 4 1 
1 -1 7 0 3 0 2 1 6 0 1 -1 0 1 6 1 
Language_19
8
0
4 5 6 
a b c 
4 0 6 1 0 1 7 1 3 0 7 0 2 1 6 1 
0 1 5 1 4 -1 5 1 1 0 0 1 5 0 1 1 
4 1 1 0 1 1 7 1 6 1 2 1 4 0 2 0 
1 1 4 0 2 -1 0 1 7 1 6 1 1 -1 2 0 
4 1 1 0 4 1 3 0 1 0 7 0 4 0 3 0 
1 0 6 1 5 -1 5 -1 2 0 2 0 6 -1 2 1 
Language_20
8
0
3 
a b c 
6 1 0 0 3 0 6 0 7 1 3 1 3 1 3 0 
1 1 0 -1 0 0 7 1 7 0 6 1 2 0 5 -1 
1 0 5 1 0 0 7 1 1 1 5 0 4 0 2 0 
7 1 5 -1 4 -1 2 0 6 0 5 -1 5 1 5 1 
0 1 3 0 2 0 7 0 4 1 3 1 3 0 6 0 
7 0 0 -1 7 1 6 0 7 1 3 1 1 1 4 0 
Language_21
8
0
1 3 5 6 
a b c 
2 0 6 0 0 0 7 1 5 1 2 0 6 1 7 1 
6 0 6 0 6 1 7 -1 5 -1 6 -1 1 -1 1 -1 
2 1 4 0 7 0 1 0 0 1 7 1 0 0 5 1 
3 0 6 1 2 1 3 1 3 1 5 1 3 0 6 1 
7 1 6 1 6 0 7 0 1 0 3 0 0 1 1 1 
2 -1 5 1 3 0 2 0 4 0 4 1 0 0 7 1 
Language_22
8
0
0 1 2 3 7 
a b c 
3 1 7 1 7 1 5 1 4 1 0 1 2 0 6 1 
4 -1 6 -1 7 1 5 1 0 0 3 1 7 1 4 -1 
3 0 4 1 3 0 1 1 2 0 3 0 7 1 2 0 
4 -1 2 -1 1 1 5 -1 5 -1 0 1 5 1 6 -1 
2 0 7 1 1 0 4 1 7 1 2 1 3 1 1 0 
0 0 2 1 6 -1 2 0 4 -1 2 0 7 0 3 0 
Language_23
8
0
2 3 4 5 6 7 
a b c 
5 0 1 0 1 1 1 0 2 1 7 0 4 0 6 1 
0 -1 0 0 2 0 4 -1 5 0 7 1 7 1 4 1 
2 1 1 1 2 0 7 0 0 1 7 0 5 1 1 0 
4 0 5 1 5 -1 4 -1 1 1 3 1 1 1 2 -1 
0 1 2 1 5 1 6 0 1 0 6 0 3 0 6 1 
6 0 7 0 0 -1 5 0 4 1 7 1 4 -1 0 -1 
Language_24
8
0
1 2 3 5 7 
a b c 
2 0 5 1 2 0 5 1 0 1 4 1 7 0 5 1 
7 0 1 1 6 -1 7 1 4 0 2 -1 0 0 2 1 
2 0 4 0 6 0 0 0 5 0 6 0 4 0 0 0 
4 0 6 0 7 -1 4 0 3 1 6 1 7 0 4 0 
3 1 2 1 0 0 1 0 2 1 7 1 2 0 2 0 
4 0 6 0 0 1 1 1 7 1 3 -1 3 1 7 -1 
Language_25
8
0
0 2 3 5 6 
a b c 
1 1 6 0 1 0 0 0 3 0 1 1 6 1 1 1 
2 1 3 -1 1 -1 7 1 2 -1 6 0 3 1 5 1 
0 1 3 1 4 1 0 1 2 0 1 1 2 0 3 1 
0 1 4 1 1 -1 4 1 6 0 5 0 7 0 0 0 
1 0 1 0 7 0 1 1 5 1 3 1 0 0 3 0 
7 1 7 1 6 1 1 0 0 -1 0 -1 4 -1 1 0 
Language_26
8
0
4 6 
a b c 
0 0 5 0 3 1 4 1 1 1 6 1 3 0 7 0 
1 1 6 -1 1 1 4 1 3 0 4 0 5 0 0 1 
5 0 6 1 2 0 1 1 0 1 5 1 1 1 3 0 
1 -1 6 -1 3 -1 3 1 1 1 4 -1 0 -1 2 1 
6 1 3 1 1 0 6 1 5 1 2 1 7 1 5 0 
5 -1 5 1 5 1 0 0 2 1 1 1 5 -1 1 -1 
Language_27
8
0
0 1 3 5 6 
a b c 
4 1 3 1 4 0 5 0 1 1 2 0 1 0 2 0 
2 1 5 -1 1 0 0 -1 3 1 3 1 6 -1 2 -1 
4 0 5 1 1 0 5 0 4 1 2 1 6 1 5 1 
7 1 1 1 2 -1 3 1 5 -1 6 1 0 -1 3 1 
3 0 5 1 4 1 2 1 1 0 3 1 2 1 6 0 
0 0 7 -1 6 0 7 -1 5 0 0 1 3 1 7 0 
Language_28
8
0
0 1 6 7 
a b c 
0 0 3 0 1 1 4 1 7 1 2 0 0 0 3 1 
3 -1 5 0 2 0 7 1 7 -1 4 -1 4 1 6 0 
4 1 1 1 2 0 6 0 6 1 2 0 4 0 2 0 
1 1 2 0 7 1 3 -1 2 -1 3 0 7 -1 6 0 
7 1 3 1 3 1 0 0 6 1 0 0 4 1 6 0 
5 1 6 0 4 0 4 0 0 -1 4 -1 5 0 3 1 
Language_29
8
0
0 2 4 6 7 
a b c 
0 1 4 0 3 1 3 0 0 0 3 0 0 1 2 1 
5 0 0 -1 5 1 3 -1 5 1 4 1 7 0 6 0 
6 0 5 1 4 0 1 1 3 1 1 1 2 0 2 0 
0 -1 3 0 5 0 4 -1 5 1 7 -1 3 0 7 0 
6 0 4 0 0 0 4 1 6 0 0 1 7 1 5 1 
6 0 0 -1 1 0 1 1 0 -1 0 0 1 0 4 0 
Language_30
8
0
0 3 5 7 
a b c 
2 1 0 0 1 0 5 0 0 0 4 0 3 1 1 1 
3 -1 5 1 5 -1 2 1 2 0 4 -1 7 1 5 1 
5 0 1 1 6 0 4 1 0 0 1 0 4 0 4 0 
2 1 2 0 5 -1 6 0 6 0 3 -1 6 0 1 1 
4 0 6 0 7 1 6 0 6 1 7 0 7 1 1 1 
1 1 1 -1 6 0 7 0 1 1 5 0 3 -1 4 -1 
Language_31
8
0
1 3 5 6 7 
a b c 
7 1 3 1 5 1 4 0 2 0 4 0 2 0 3 0 
0 -1 1 -1 1 0 1 1 0 1 0 -1 7 1 3 1 
2 1 0 0 2 1 6 1 2 1 6 0 2 1 7 1 
5 -1 6 -1 4 1 2 0 3 0 7 0 1 1 7 0 
5 1 5 1 7 1 5 0 7 1 7 1 6 0 2 0 
3 -1 4 -1 5 0 5 0 0 0 5 1 6 1 7 1 
Language_32
8
0
1 5 6 
a b c 
4 0 0 1 1 0 6 1 5 1 2 1 7 0 6 0 
4 1 2 1 4 0 5 0 2 0 5 -1 5 0 6 0 
7 1 7 0 6 1 4 1 4 1 1 0 2 0 1 1 
7 1 4 -1 4 -1 7 0 1 1 4 -1 0 0 1 0 
6 0 6 0 7 1 4 0 2 1 6 1 7 0 0 0 
0 1 3 1 1 0 0 -1 3 -1 2 -1 1 0 3 -1 
Language_33
8
0
5 6 
a b c 
4 0 7 1 2 1 7 0 3 1 3 0 0 1 0 0 
5 0 1 -1 4 0 6 1 3 0 5 -1 3 0 3 0 
3 0 6 0 5 1 4 1 5 0 4 0 2 1 7 0 
5 1 4 1 3 0 0 0 0 -1 2 -1 3 -1 4 -1 
2 1 1 0 0 0 3 0 2 0 0 0 4 0 2 0 
0 -1 7 -1 7 -1 4 -1 6 -1 5 -1 1 -1 2 -1 
Language_34
8
0
0 5 
a b c 
6 1 5 1 6 0 7 1 2 1 6 1 3 0 2 1 
0 0 0 -1 7 0 0 0 7 1 6 0 1 0 2 -1 
5 0 5 1 4 0 7 0 7 1 1 1 7 0 6 1 
0 -1 3 1 3 -1 4 -1 2 1 3 1 3 0 0 -1 
1 0 4 1 6 0 5 0 6 0 5 0 3 1 1 0 
2 -1 4 1 7 1 5 1 3 0 7 1 1 0 4 -1 
Language_35
8
0
0 1 2 3 5 6 
a b c 
3 0 6 0 4 0 6 1 6 1 3 0 0 0 1 1 
2 -1 3 1 5 0 0 0 6 1 0 0 2 0 7 0 
0 0 3 1 7 0 7 1 2 0 5 1 7 1 0 0 
4 0 1 0 6 -1 0 0 2 -1 2 0 1 1 7 0 
2 0 2 1 3 0 7 0 5 1 3 0 2 1 7 0 
7 -1 6 -1 5 0 1 1 4 -1 2 -1 3 1 4 1 
Language_36
8
0
2 3 4 6 7 
a b c 
4 1 7 0 7 1 0 0 3 0 0 0 5 0 5 0 
0 -1 4 -1 7 1 4 -1 2 0 3 -1 1 1 2 -1 
5 0 5 0 5 0 7 0 0 0 6 0 5 0 6 0 
7 0 2 -1 7 1 3 -1 5 0 6 1 0 -1 3 1 
5 1 0 1 4 0 6 0 6 0 1 1 6 1 5 0 
6 -1 2 -1 1 0 4 1 6 1 0 0 4 0 0 1 
Language_37
8
0
3 7 
a b c 
4 0 5 0 3 0 7 0 7 0 4 0 5 0 6 0 
6 1 4 -1 1 -1 5 0 2 -1 0 1 1 1 3 1 
5 1 2 1 5 0 2 1 5 1 2 1 2 1 2 1 
6 0 6 -1 2 0 3 -1 0 -1 1 1 5 1 0 0 
2 0 6 0 0 1 6 1 6 0 5 0 4 1 5 0 
6 1 5 1 7 1 2 -1 2 0 3 1 4 -1 4 1 
Language_38
8
0
1 2 4 6 7 
a b c 
7 0 4 1 0 0 5 0 0 1 6 1 7 1 5 0 
1 -1 1 0 0 1 2 1 7 0 6 -1 3 -1 2 -1 
6 1 4 0 0 1 2 0 0 0 0 0 3 0 1 0 
5 0 1 -1 3 0 1 -1 1 1 5 0 5 0 2 1 
2 1 1 1 4 0 5 0 3 1 0 1 2 1 2 0 
7 0 5 1 0 1 7 0 6 -1 3 1 1 0 6 -1 
Language_39
8
0
0 2 6 7 
a b c 
7 1 6 1 6 1 7 1 5 0 3 1 6 0 7 0 
3 1 2 1 3 1 5 -1 5 -1 5 1 6 -1 7 1 
3 0 2 0 7 1 3 1 4 1 4 0 2 1 6 0 
2 1 7 1 6 0 2 0 7 0 1 -1 5 -1 4 0 
0 1 1 1 7 0 1 0 1 1 2 1 0 1 6 0 
1 -1 5 0 2 0 2 0 1 0 7 1 3 0 7 1 
Language_40
8
0
0 1 2 4 7 
a b c 
6 1 4 0 0 1 7 0 2 1 7 0 5 0 6 1 
0 -1 1 0 6 0 5 -1 6 -1 7 1 7 0 7 0 
7 0 7 1 1 0 3 1 7 0 2 1 4 1 2 0 
4 1 2 0 3 -1 0 0 7 0 4 1 5 0 0 1 
3 0 5 1 2 0 1 1 1 0 7 1 4 0 2 1 
2 -1 4 1 1 -1 5 1 1 0 0 -1 6 0 7 1 
Language_41
8
0
0 1 3 4 5 7 
a b c 
0 1 2 0 0 0 3 0 5 1 0 1 2 0 2 0 
1 -1 0 1 7 -1 1 1 6 0 3 0 7 -1 2 0 
0 1 6 1 4 1 0 0 7 1 6 0 0 0 3 1 
1 -1 7 -1 3 1 4 -1 2 -1 3 0 6 1 0 -1 
6 1 4 1 0 1 5 1 6 1 6 0 1 0 3 0 
7 -1 3 -1 5 1 5 0 6 -1 0 -1 3 -1 6 1 
Language_42
8
0
0 1 2 4 5 7 
a b c 
7 0 5 1 7 0 6 1 3 1 1 1 4 1 0 1 
4 0 4 -1 2 1 2 1 6 0 5 -1 4 0 3 0 
2 0 1 0 2 0 7 0 3 0 0 1 0 1 7 0 
6 0 3 1 2 1 1 -1 5 0 0 -1 0 1 7 0 
4 0 6 1 5 0 7 0 0 0 5 1 2 0 4 0 
2 -1 5 -1 0 0 7 0 4 0 1 1 0 -1 0 1 
Language_43
8
0
0 
a b c 
5 0 7 0 0 0 3 0 6 1 1 1 1 1 5 1 
5 0 4 0 6 1 5 -1 6 1 5 1 7 1 7 1 
6 0 1 1 6 0 0 1 0 1 6 1 5 1 1 0 
4 -1 3 0 0 1 5 -1 7 -1 1 0 2 -1 6 1 
4 1 3 0 0 0 0 0 5 1 5 0 3 1 1 1 
4 1 7 1 6 1 1 1 0 0 5 0 3 0 5 -1 
Language_44
8
0
0 1 3 5 6 7 
a b c 
0 1 2 1 4 0 7 0 0 1 7 0 2 0 1 1 
1 0 6 1 2 -1 6 1 7 1 5 0 0 0 5 -1 
2 0 2 0 1 1 5 0 0 1 7 1 4 1 0 0 
6 0 4 1 7 -1 5 1 7 0 4 0 4 0 5 0 
3 1 4 0 6 0 2 1 5 1 1 0 7 1 6 0 
4 -1 0 0 7 1 3 1 1 0 4 1 7 -1 7 -1 
Language_45
8
0
0 1 3 4 6 7 
a b c 
1 1 4 0 3 1 0 1 6 0 7 0 7 0 7 1 
7 -1 2 0 4 0 6 -1 5 1 3 0 0 -1 7 0 
0 0 7 0 5 1 6 0 6 0 7 1 3 0 4 0 
2 1 1 1 4 0 6 1 4 1 6 1 4 0 5 -1 
3 1 1 0 1 0 0 1 2 1 3 0 3 1 2 1 
0 0 0 1 0 -1 3 1 1 0 5 0 1 -1 7 1 
Language_46
8
0
1 3 4 5 
a b c 
5 1 7 0 5 1 6 1 5 1 6 0 5 1 0 1 
5 -1 0 1 4 1 2 0 0 1 4 1 0 -1 5 0 
3 0 7 0 5 1 3 0 0 0 5 0 7 1 1 0 
2 0 2 0 6 1 1 0 2 0 0 0 2 0 5 0 
0 1 7 1 0 1 1 0 0 1 2 1 7 0 7 1 
6 -1 6 0 4 -1 1 0 2 1 1 0 6 -1 0 -1 
Language_47
8
0
0 1 6 7 
a b c 
2 0 0 0 5 1 7 1 7 1 4 1 0 0 3 1 
3 0 5 -1 7 0 4 -1 6 1 7 -1 1 0 4 -1 
4 1 7 0 5 1 3 1 7 1 6 1 3 1 0 1 
5 0 7 -1 1 -1 4 -1 6 1 4 1 2 1 7 1 
0 1 2 1 7 1 2 1 2 1 7 1 6 0 5 1 
1 -1 2 0 2 -1 2 1 1 -1 3 1 5 -1 6 0 
Language_48
8
0
0 2 3 4 7 
a b c 
3 0 2 0 6 1 3 0 7 1 5 0 2 0 1 0 
1 0 2 1 4 -1 5 0 2 1 2 1 0 1 5 0 
5 1 1 0 4 1 7 1 1 0 7 0 6 0 7 0 
7 -1 6 0 7 1 0 1 7 -1 1 0 3 -1 4 -1 
2 0 1 1 4 1 0 0 6 0 1 1 4 1 3 1 
6 1 2 -1 4 -1 1 0 3 1 3 1 5 1 2 0 
Language_49
8
0
0 1 2 3 4 
a b c 
0 0 7 0 3 0 2 1 2 1 1 0 5 1 0 0 
7 0 5 -1 5 1 6 1 7 -1 2 1 7 1 3 0 
6 0 2 0 0 0 6 0 2 1 2 0 2 0 4 1 
6 0 7 0 4 0 5 1 3 0 7 1 4 0 5 1 
3 0 3 1 7 0 7 1 4 0 7 1 5 1 3 1 
7 -1 2 -1 1 -1 2 0 7 1 4 -1 7 0 6 1 
Language_50
8
0
0 5 
a b c 
7 1 2 0 3 1 6 0 1 1 3 1 3 0 1 0 
3 -1 5 0 0 -1 0 1 0 1 7 0 1 0 5 0 
5 0 0 0 6 0 3 0 7 1 5 1 1 0 2 0 
6 -1 7 0 7 0 1 0 2 -1 1 0 6 1 3 1 
6 0 3 1 1 0 2 1 2 1 5 1 2 1 4 0 
5 1 2 0 6 -1 2 1 0 1 2 -1 7 -1 4 0 
Language_51
8
0
0 4 5 6 
a b c 
5 1 2 1 0 0 7 1 7 1 0 0 7 0 3 1 
0 0 3 1 1 1 7 1 6 0 0 -1 1 1 4 -1 
1 0 1 0 7 0 4 1 7 0 4 0 7 1 0 1 
4 -1 4 -1 1 0 4 1 4 1 1 -1 2 -1 6 1 
5 1 5 1 7 1 3 0 6 1 4 1 0 0 5 1 
3 1 5 1 3 -1 1 1 3 0 3 0 4 1 1 0 
Language_52
8
0
1 3 4 5 7 
a b c 
0 0 3 0 7 1 0 0 3 0 1 1 4 1 3 0 
5 0 3 0 0 0 4 1 6 0 0 -1 5 0 3 -1 
2 0 4 1 2 1 6 1 5 0 2 1 7 1 3 1 
7 1 0 0 7 -1 4 1 2 1 7 1 2 -1 1 0 
3 0 3 0 2 0 1 0 3 1 4 1 7 0 6 0 
7 1 6 1 6 -1 1 0 3 1 0 1 2 0 2 -1 
Language_53
8
0
1 3 4 7 
a b c 
0 1 1 1 2 0 6 0 7 1 5 0 1 0 7 1 
6 1 3 0 6 0 6 1 5 1 7 -1 0 -1 0 0 
6 1 6 1 3 0 2 1 7 0 5 1 7 0 5 1 
6 -1 5 0 5 0 4 0 0 1 1 1 6 1 6 0 
0 1 4 1 6 0 0 1 0 1 0 0 3 1 1 0 
3 1 2 0 6 -1 6 0 3 1 7 -1 4 1 0 0 
Language_54
8
0
0 3 
a b c 
6 0 5 0 5 1 7 0 0 0 4 0 4 0 5 0 
7 -1 1 1 2 -1 2 1 3 1 0 -1 0 0 5 0 
5 0 5 0 3 1 2 0 2 0 6 0 1 1 7 0 
2 -1 6 0 1 0 2 0 0 1 7 -1 6 1 7 -1 
1 1 6 1 2 1 3 0 6 1 5 0 6 1 4 1 
3 1 7 -1 7 -1 5 -1 6 -1 4 0 3 -1 7 -1 
Language_55
8
0
0 3 6 
a b c 
6 1 4 1 4 0 2 1 4 1 2 0 1 0 3 1 
0 -1 0 1 4 1 3 0 1 0 3 -1 5 0 3 -1 
4 0 7 0 7 1 7 1 1 1 7 0 1 0 1 1 
2 0 7 -1 7 0 3 -1 3 -1 7 0 4 -1 1 -1 
6 1 1 1 4 1 6 0 7 0 0 1 1 1 3 0 
4 0 2 0 5 1 5 1 2 1 3 -1 7 1 2 1 
Language_56
8
0
1 2 5 6 7 
a b c 
4 1 7 1 6 0 2 1 1 1 7 0 6 0 2 1 
6 0 7 0 1 1 7 -1 5 0 5 -1 7 1 5 0 
2 0 5 0 7 0 6 1 6 1 5 1 5 0 0 0 
5 0 5 0 5 0 7 -1 6 1 6 -1 0 -1 1 0 
0 0 3 0 5 1 6 0 6 0 0 0 3 0 4 1 
1 1 3 1 1 -1 1 1 7 0 3 1 6 -1 0 0 
Language_57
8
0
0 1 2 3 5 
a b c 
1 0 4 1 0 0 5 1 7 0 0 0 6 1 2 0 
6 0 1 0 7 0 2 0 0 -1 5 0 5 -1 7 0 
0 0 0 0 1 1 4 0 5 0 4 0 6 0 4 0 
2 -1 6 1 0 0 4 1 7 1 7 1 5 -1 6 0 
7 0 2 0 2 0 4 0 2 0 7 1 0 1 6 1 
7 1 2 1 3 0 1 1 1 1 7 -1 2 -1 1 0 
Language_58
8
0
1 2 
a b c 
2 1 6 1 1 1 4 0 0 0 4 1 5 1 1 1 
5 -1 7 0 4 -1 6 1 5 0 4 1 7 0 5 1 
0 0 6 0 7 1 0 0 4 1 3 0 4 0 7 0 
6 1 0 1 2 -1 0 1 2 0 6 1 3 -1 6 0 
7 0 5 0 1 1 7 1 6 0 1 0 7 1 5 1 
1 1 1 1 2 -1 6 1 6 -1 3 0 0 1 4 0 
Language_59
8
0
2 4 6 7 
a b c 
3 0 6 0 5 0 7 0 7 0 3 0 1 1 3 0 
4 -1 1 1 7 -1 3 1 5 -1 2 0 7 1 3 1 
0 0 3 0 3 0 5 0 1 0 2 0 7 1 1 0 
0 1 7 -1 1 -1 7 0 1 -1 0 -1 3 -1 5 0 
1 1 1 1 1 0 7 1 1 1 6 1 2 1 7 0 
4 1 4 0 7 -1 6 1 7 0 0 0 5 -1 6 -1 
Language_60
8
0
0 1 5 6 7 
a b c 
7 0 1 0 7 0 4 0 7 0 5 1 1 1 4 0 
7 1 3 1 2 0 0 1 6 -1 4 0 3 -1 3 0 
7 1 5 1 0 0 5 0 5 0 2 0 7 0 3 1 
0 -1 4 0 3 -1 1 0 2 0 2 1 2 1 2 -1 
6 0 0 0 6 0 3 1 2 1 4 0 6 1 2 1 
3 1 5 1 6 -1 4 0 1 0 1 1 1 0 2 1 
Language_61
8
0
0 1 2 3 
a b c 
3 0 5 1 3 1 0 1 1 0 2 0 1 0 4 0 
6 0 4 -1 7 -1 7 1 6 0 2 -1 3 -1 1 1 
0 0 1 1 4 0 2 0 2 1 4 1 1 1 0 0 
0 -1 1 -1 1 1 1 -1 5 1 7 1 2 1 6 -1 
7 1 4 1 5 0 0 0 3 0 3 1 3 1 7 0 
1 -1 2 1 0 1 5 -1 6 -1 7 0 0 0 3 -1 
Language_62
8
0
0 1 5 7 
a b c 
2 0 1 0 0 0 2 0 3 0 0 1 7 0 6 0 
3 0 3 1 5 0 7 0 4 -1 7 0 4 -1 4 1 
1 0 7 1 7 0 5 0 1 0 2 1 5 1 0 1 
2 -1 4 1 7 1 6 -1 3 -1 2 -1 0 1 3 1 
4 1 5 0 6 0 6 0 1 1 0 0 0 1 0 0 
6 -1 2 0 3 -1 4 1 4 -1 5 -1 5 1 0 1 
Language_63
8
0
0 1 2 4 6 
a b c 
7 1 5 1 4 1 3 1 2 0 4 1 3 1 4 0 
2 -1 7 1 3 -1 4 0 1 0 0 0 5 0 0 -1 
0 1 0 0 3 1 3 0 5 0 7 0 5 0 1 1 
1 -1 4 1 5 1 5 1 3 1 7 0 4 1 5 -1 
7 1 6 0 1 0 1 1 1 0 4 0 7 0 7 0 
5 1 2 1 6 0 0 1 3 -1 5 1 0 1 3 -1 
Language_64
8
0
1 2 3 5 7 
a b c 
1 0 3 0 7 1 4 0 2 0 2 0 1 1 2 0 
1 0 7 -1 3 0 6 0 1 1 3 1 6 -1 5 0 
2 0 1 0 0 0 3 0 5 1 7 1 5 0 6 1 
2 1 6 1 1 0 0 -1 5 0 6 1 0 1 5 -1 
7 0 7 0 1 1 1 1 5 1 5 1 6 1 1 1 
0 -1 6 0 1 -1 6 -1 2 -1 2 0 2 -1 1 0 
Language_65
8
0
3 5 6 7 
a b c 
6 1 7 1 5 1 4 0 5 0 5 1 2 1 5 0 
2 0 0 -1 3 1 7 0 1 -1 3 0 0 1 2 0 
7 1 6 1 4 1 0 0 3 1 0 1 5 0 3 1 
3 1 1 -1 6 -1 1 1 7 -1 7 1 3 -1 2 1 
6 1 3 0 1 1 5 0 2 1 0 0 3 1 2 1 
1 1 5 0 0 0 6 1 2 0 1 -1 6 -1 6 -1 
Language_66
8
0
0 1 3 4 5 6 7 
a b c 
4 1 6 0 2 1 6 1 5 1 7 1 5 0 3 0 
3 0 5 1 1 1 0 -1 4 -1 0 1 2 0 1 0 
5 0 5 0 1 1 5 1 1 1 3 1 5 0 6 1 
6 1 1 0 0 -1 6 0 1 -1 7 0 0 -1 0 1 
7 1 2 0 3 1 2 0 4 1 6 1 2 1 4 0 
5 0 5 -1 1 1 2 0 6 -1 4 1 6 1 4 -1 
Language_67
8
0
1 2 4 6 7 
a b c 
4 0 6 0 1 0 5 0 3 0 2 0 6 1 0 1 
4 0 7 0 5 0 2 -1 3 1 3 1 2 1 4 -1 
2 1 4 0 3 0 3 1 5 0 2 1 2 0 0 0 
0 -1 3 1 5 -1 6 -1 6 0 2 -1 3 -1 7 -1 
7 0 6 0 0 1 2 1 1 1 5 1 4 0 2 0 
5 0 1 0 2 -1 2 -1 6 0 2 0 2 0 0 0 
Language_68
8
0
2 
a b c 
3 1 2 1 6 0 4 0 0 1 1 0 6 0 4 0 
1 -1 1 -1 3 0 1 0 3 0 2 0 6 0 7 0 
1 0 4 0 7 0 3 1 6 0 3 0 1 0 1 0 
0 -1 3 -1 2 1 5 -1 0 1 6 -1 0 1 5 0 
7 0 0 0 3 0 0 1 4 0 3 1 3 1 3 0 
7 0 7 1 5 0 0 1 7 -1 7 1 0 0 1 1 
Language_69
8
0
2 3 5 6 
a b c 
7 1 7 0 4 0 7 0 1 1 2 0 4 1 0 0 
4 -1 1 1 4 0 3 1 6 0 5 0 1 0 7 -1 
1 1 3 1 6 0 0 0 4 1 0 0 0 1 5 0 
2 -1 3 1 7 1 0 -1 6 1 2 -1 6 1 0 0 
4 0 3 1 3 1 4 0 5 0 2 0 1 1 0 1 
4 1 5 1 0 0 6 1 4 0 4 -1 5 -1 2 1 
Language_70
8
0
0 1 2 3 4 5 
a b c 
5 1 4 1 7 0 7 1 1 1 1 0 4 0 7 0 
3 -1 3 0 1 -1 6 0 0 1 4 0 4 0 6 1 
0 1 4 0 1 1 0 1 0 1 5 0 2 1 4 0 
1 1 0 1 5 1 2 1 1 1 3 0 6 0 6 1 
7 0 3 1 6 0 4 0 5 0 5 1 2 0 2 0 
5 0 3 -1 6 0 4 0 4 -1 6 -1 5 0 2 0 
Language_71
8
0
0 2 3 5 7 
a b c 
3 1 7 1 0 1 5 1 2 1 5 1 3 0 6 1 
5 0 2 1 3 0 0 0 6 1 2 0 5 1 5 0 
1 0 0 0 5 0 2 0 7 0 3 0 7 0 7 1 
4 0 4 1 5 0 1 0 6 1 6 1 7 1 2 -1 
1 0 4 1 2 0 3 1 0 0 2 0 5 1 5 1 
2 -1 2 -1 6 1 0 -1 3 0 7 0 6 1 2 1 
Language_72
8
0
0 1 3 
a b c 
2 0 7 1 5 1 4 1 7 0 3 1 7 0 7 1 
6 1 6 1 7 0 0 1 7 -1 6 -1 5 -1 7 1 
3 0 5 1 4 1 3 0 2 1 7 1 4 0 1 1 
2 -1 4 -1 0 -1 4 1 0 -1 0 1 1 1 0 1 
6 0 5 0 0 0 1 1 6 0 6 1 7 1 6 1 
2 1 3 0 3 1 4 1 6 0 7 0 4 -1 7 -1 
Language_73
8
0
0 1 3 4 5 6 
a b c 
7 0 0 0 3 1 1 1 4 1 2 0 4 1 3 0 
3 -1 4 1 4 -1 4 1 6 0 2 -1 7 -1 4 0 
2 0 5 0 4 1 5 0 3 0 0 0 3 1 6 0 
1 1 0 0 3 -1 0 -1 6 0 3 1 0 0 3 1 
7 1 6 1 1 0 2 1 4 0 5 0 3 1 2 0 
5 0 1 1 4 1 2 -1 6 1 0 -1 6 0 0 -1 
Language_74
8
0
0 2 3 6 
a b c 
7 1 4 1 4 1 6 0 7 1 0 0 7 1 2 1 
4 -1 1 -1 3 0 0 0 6 -1 0 1 6 1 0 1 
4 1 1 1 5 1 7 1 5 1 5 1 3 1 1 0 
2 1 5 0 5 1 4 1 1 -1 5 0 5 -1 7 1 
2 1 1 1 6 0 5 0 7 1 3 1 7 1 5 1 
7 1 2 1 0 -1 7 -1 7 1 5 -1 4 -1 1 1 
Language_75
8
0
0 1 3 4 5 6 
a b c 
0 0 6 1 7 0 3 1 5 1 6 1 6 0 5 1 
2 0 6 1 7 0 2 1 5 -1 2 0 4 -1 2 0 
1 1 3 1 7 1 5 1 2 0 6 0 2 0 7 1 
0 1 5 -1 2 -1 5 1 6 0 4 1 0 0 2 0 
0 0 5 0 4 1 6 1 4 0 4 0 5 0 4 1 
2 0 4 0 6 0 0 0 6 0 1 -1 7 0 7 -1 
Language_76
8
0
1 4 5 7 
a b c 
7 0 4 1 4 0 2 1 5 0 1 0 4 1 7 1 
4 -1 1 -1 5 1 6 -1 3 1 5 -1 3 0 6 0 
5 0 1 1 2 0 1 0 7 0 3 0 4 1 0 0 
6 0 4 1 3 1 0 -1 7 0 1 -1 2 0 5 1 
0 1 3 0 5 1 7 0 6 0 7 0 4 0 7 0 
6 0 6 0 0 1 0 1 5 0 6 1 3 -1 0 -1 
Language_77
8
0
0 1 2 3 4 6 7 
a b c 
7 0 6 0 3 0 4 0 4 0 2 0 1 1 1 0 
6 -1 0 0 3 1 3 0 3 1 2 1 7 0 6 0 
1 0 4 0 3 0 3 1 6 1 4 0 7 0 7 0 
3 -1 2 1 6 0 3 0 5 0 4 1 0 0 7 0 
2 0 4 1 1 0 0 1 1 0 2 1 7 0 4 0 
4 -1 3 0 7 -1 3 0 0 1 2 1 5 -1 7 1 
Language_78
8
0
3 4 6 7 
a b c 
0 1 3 0 3 0 1 1 5 1 1 1 0 1 3 1 
5 0 1 1 5 -1 6 1 6 1 0 -1 0 -1 5 1 
0 0 6 1 7 1 1 1 6 0 2 1 2 1 1 0 
1 1 0 1 0 1 2 -1 3 1 3 1 7 -1 7 -1 
2 1 3 0 5 0 4 1 0 0 1 0 5 1 4 1 
2 0 3 0 1 0 6 -1 4 0 7 0 2 -1 5 0 
Language_79
8
0
0 2 3 4 6 7 
a b c 
0 0 0 1 2 0 0 1 7 0 7 1 6 0 4 0 
2 1 0 -1 3 -1 0 0 0 -1 2 -1 5 1 6 1 
7 0 2 1 2 1 7 0 0 1 2 1 0 0 1 1 
3 0 3 1 5 0 1 1 0 0 0 0 2 1 3 -1 
0 0 2 1 5 1 1 0 5 0 1 1 7 0 7 0 
3 -1 5 1 3 -1 6 -1 1 -1 1 1 3 -1 4 1 
Language_80
8
0
1 2 5 6 7 
a b c 
5 0 1 0 2 1 0 1 4 0 4 1 4 0 7 1 
6 -1 2 1 6 0 6 -1 5 0 3 -1 6 1 4 0 
3 0 6 0 5 1 2 1 6 1 3 1 5 0 2 0 
0 1 1 1 6 -1 3 1 0 -1 3 0 4 0 1 1 
4 0 5 0 2 0 1 0 1 0 2 0 7 1 6 1 
7 0 3 0 7 0 0 1 7 0 6 -1 3 1 6 1 
Language_81
8
0
2 3 4 5 
a b c 
0 0 0 1 0 0 7 0 4 0 6 0 7 1 3 0 
6 0 5 1 2 1 4 0 0 1 0 0 6 1 5 0 
6 0 2 1 6 0 1 1 4 1 3 1 7 1 4 1 
7 1 2 0 4 1 4 -1 0 -1 1 1 2 -1 6 -1 
2 0 5 1 5 0 2 1 2 1 3 0 4 0 6 0 
4 0 6 1 1 0 2 -1 0 0 6 -1 5 0 7 -1 
Language_82
8
0
0 1 5 7 
a b c 
1 0 7 0 5 0 2 0 3 1 7 0 2 0 5 1 
2 1 2 -1 6 1 7 0 6 -1 1 -1 4 0 7 1 
6 0 7 1 0 0 7 0 0 1 7 1 4 1 5 1 
6 1 1 0 5 0 1 0 5 1 5 1 2 0 6 -1 
3 0 2 1 7 0 2 1 2 1 7 1 6 1 7 0 
4 1 1 0 6 -1 7 1 7 0 2 -1 1 -1 6 -1 
Language_83
8
0
2 3 7 
a b c 
6 1 4 1 6 0 4 0 6 1 6 0 5 0 2 1 
1 0 2 0 7 0 2 -1 1 0 1 -1 0 1 2 1 
5 0 6 0 7 0 0 1 0 1 2 1 4 0 7 0 
6 -1 1 0 3 0 3 1 3 1 7 1 6 -1 4 1 
2 1 4 0 7 1 2 0 1 0 1 0 5 0 6 1 
7 0 6 0 0 -1 5 -1 1 0 5 0 5 1 4 1 
Language_84
8
0
0 5 
a b c 
0 1 4 0 7 1 4 1 1 1 4 1 2 0 3 1 
0 -1 2 0 5 0 1 1 0 0 2 1 4 1 5 1 
5 0 2 1 3 1 7 0 0 1 5 0 3 1 2 0 
7 1 6 1 6 0 0 -1 0 1 2 0 7 0 1 1 
7 1 7 1 4 0 4 1 3 1 7 0 0 0 6 0 
0 -1 1 0 7 0 5 0 7 0 7 -1 7 1 0 -1 
Language_85
8
0
0 4 5 6 7 
a b c 
5 0 7 1 1 1 5 0 5 1 0 0 6 0 2 0 
2 0 4 -1 1 0 6 0 3 -1 7 0 5 -1 7 -1 
1 1 4 1 7 0 0 0 4 0 3 1 5 0 5 1 
6 1 4 1 3 1 0 -1 0 0 2 0 5 -1 5 1 
5 0 1 0 5 0 3 0 6 1 2 0 5 1 0 1 
2 0 2 1 3 0 5 0 5 1 6 0 4 0 0 0 
Language_86
8
0
4 5 6 7 
a b c 
7 1 7 0 4 1 7 1 1 1 7 1 4 0 3 1 
3 0 0 1 6 0 6 1 4 1 2 0 0 1 1 0 
4 0 2 1 0 0 7 0 3 0 1 1 1 1 5 0 
4 1 3 -1 1 0 7 1 2 1 6 -1 0 1 6 1 
6 0 7 0 1 1 7 0 2 0 1 1 3 1 1 0 
4 1 1 1 7 1 3 -1 0 -1 2 0 7 1 3 0 
Language_87
8
0
1 3 5 6 
a b c 
3 0 2 0 7 1 6 0 3 1 5 0 1 1 0 0 
2 -1 7 0 5 1 2 0 6 -1 7 0 2 1 4 -1 
7 0 6 1 0 0 1 0 5 1 6 0 5 1 0 0 
4 1 5 1 0 1 7 -1 2 -1 3 1 2 -1 7 0 
1 0 0 1 0 1 0 1 5 1 0 0 6 0 5 0 
1 1 2 1 0 -1 6 1 7 -1 3 1 0 1 2 -1 
Language_88
8
0
2 4 6 7 
a b c 
6 0 4 1 0 1 1 1 1 0 2 0 6 0 7 0 
2 1 3 0 3 -1 3 0 0 -1 7 -1 1 -1 7 -1 
0 0 5 1 3 1 0 1 4 1 7 0 3 0 4 1 
2 -1 7 -1 5 1 5 -1 4 1 1 0 2 0 5 0 
7 1 7 1 6 0 0 1 6 0 4 0 1 1 5 1 
6 0 4 0 7 1 1 1 0 -1 3 1 0 -1 3 -1 
Language_89
8
0
1 2 4 7 
a b c 
7 0 7 1 5 1 1 1 0 0 5 0 2 0 4 1 
3 0 4 1 7 -1 4 1 5 0 2 1 6 1 4 1 
1 1 2 1 5 1 5 1 7 0 2 1 5 1 0 1 
1 1 4 1 5 -1 3 0 6 1 5 1 6 1 2 -1 
2 0 0 0 3 0 4 0 0 1 5 0 2 1 1 1 
0 0 4 1 0 0 3 -1 0 1 1 1 2 -1 0 1 
Language_90
8
0
4 5 6 7 
a b c 
1 1 3 1 5 1 2 1 7 1 2 1 2 1 0 1 
0 0 7 0 0 1 7 1 2 0 7 -1 6 0 7 -1 
2 0 2 1 0 0 4 0 4 0 5 0 2 1 4 1 
6 1 4 0 7 -1 5 -1 5 -1 4 0 1 -1 6 -1 
6 1 6 0 7 0 0 1 0 0 5 0 6 1 6 1 
5 0 4 -1 1 0 0 -1 7 -1 4 0 2 0 6 0 
Language_91
8
0
0 1 2 4 5 7 
a b c 
6 0 5 0 7 1 5 1 3 1 4 1 3 0 5 0 
3 1 6 1 2 0 0 -1 0 0 4 -1 7 -1 1 1 
1 0 7 0 6 1 5 1 5 1 6 0 5 1 0 0 
5 -1 0 -1 3 1 1 -1 0 0 5 0 7 0 7 0 
4 1 2 0 7 1 1 1 2 0 7 1 0 0 4 1 
1 1 1 1 7 1 1 -1 0 -1 3 0 3 1 2 0 
Language_92
8
0
0 2 5 7 
a b c 
6 0 1 0 2 1 2 1 7 0 3 0 7 1 6 0 
2 1 7 1 1 0 1 0 4 -1 3 1 2 1 3 1 
4 0 4 0 0 0 1 0 4 1 6 1 1 0 6 0 
3 1 2 1 0 -1 6 1 2 1 0 1 3 1 2 -1 
3 1 7 0 5 1 1 1 7 1 4 1 1 1 5 1 
1 1 1 -1 5 -1 6 0 1 -1 7 -1 4 -1 6 0 
Language_93
8
0
0 2 3 4 6 7 
a b c 
1 1 0 0 3 0 7 0 1 0 4 1 5 1 3 1 
6 0 0 -1 6 -1 3 -1 2 0 5 0 6 1 7 1 
2 1 4 0 6 1 2 1 2 0 3 0 5 0 2 0 
0 -1 3 -1 2 1 7 0 5 0 3 -1 6 1 6 0 
1 1 0 0 6 0 1 1 1 1 3 1 0 0 7 1 
0 -1 2 0 2 -1 3 1 1 -1 4 1 5 1 0 -1 
Language_94
8
0
2 4 6 
a b c 
5 0 7 1 7 1 2 0 2 0 4 0 4 1 3 0 
5 0 2 0 6 -1 1 -1 6 1 4 1 7 1 3 -1 
0 1 4 0 4 0 6 1 7 1 2 0 0 0 7 1 
1 1 3 0 0 0 2 -1 5 1 5 1 3 0 2 1 
4 0 4 1 1 1 0 1 3 1 2 1 0 0 3 0 
0 1 1 1 3 1 2 -1 1 0 0 -1 4 1 3 1 
Language_95
8
0
1 6 7 
a b c 
0 1 4 0 4 0 2 1 2 0 4 0 4 1 5 1 
3 -1 4 -1 7 -1 5 1 7 -1 1 0 1 1 4 1 
6 1 3 1 6 0 7 1 1 1 1 1 6 0 7 0 
1 1 3 1 5 -1 4 -1 1 -1 1 1 2 1 1 1 
0 0 6 1 7 1 7 1 3 1 6 0 1 1 4 1 
6 1 6 -1 5 -1 4 1 6 1 5 -1 2 1 2 1 
Language_96
8
0
1 2 3 4 5 7 
a b c 
6 0 7 1 3 1 6 0 2 0 2 0 1 0 6 1 
4 1 5 0 7 1 1 1 0 -1 2 1 0 -1 2 1 
0 0 1 0 4 1 2 1 4 0 1 1 6 1 3 0 
3 0 2 1 7 0 5 0 2 0 4 0 1 -1 2 -1 
3 1 5 0 4 0 0 0 2 1 6 0 7 0 7 1 
3 -1 0 1 4 1 6 -1 7 1 0 0 0 0 2 -1 
Language_97
8
0
0 5 6 7 
a b c 
1 1 1 1 2 1 0 1 6 1 1 0 3 0 2 0 
7 0 3 1 6 1 1 0 0 1 1 0 6 1 7 1 
4 1 0 1 5 1 4 0 3 1 3 1 3 0 7 0 
3 -1 4 -1 7 0 6 -1 0 -1 4 -1 7 0 6 -1 
5 1 0 0 0 1 2 1 1 0 2 0 0 1 2 0 
7 0 2 1 7 -1 1 1 3 -1 6 0 1 0 5 0 
Language_98
8
0
3 4 
a b c 
0 0 4 1 3 0 2 1 1 0 2 0 3 0 6 0 
6 -1 0 -1 7 -1 4 1 6 0 4 -1 6 -1 3 1 
4 0 6 0 7 1 2 0 5 0 2 0 2 0 4 1 
5 0 4 1 2 -1 7 -1 6 0 2 0 0 -1 5 0 
3 1 7 1 5 0 4 1 5 1 5 1 0 0 7 1 
5 0 3 0 1 -1 0 -1 1 -1 7 0 6 0 7 -1 
Language_99
8
0
0 1 2 3 5 6 7 
a b c 
3 0 2 0 1 1 3 0 3 0 1 0 5 1 2 1 
2 1 0 0 3 1 3 0 3 0 1 0 2 0 6 0 
3 1 4 1 3 0 4 0 2 0 6 0 6 0 3 1 
6 -1 6 0 4 1 0 0 3 1 3 -1 2 -1 4 1 
0 0 7 0 4 0 7 0 0 0 2 1 4 1 4 0 
1 -1 6 0 3 1 2 -1 0 1 5 0 7 -1 7 -1 
