100
Language_0
3
0
0 
a b c 
0 1 2 1 1 1 
0 -1 2 -1 1 1 
2 0 1 0 2 1 
2 1 1 0 2 1 
1 1 0 0 0 1 
0 0 1 -1 1 -1 
Language_1
3
0
0 
a b c 
2 1 2 0 1 1 
0 -1 0 -1 0 -1 
0 0 0 0 1 0 
1 0 0 1 1 1 
1 0 0 0 0 1 
0 -1 0 0 2 1 
Language_2
3
0
2 
a b c 
1 1 2 0 1 0 
2 1 1 -1 2 -1 
0 0 2 1 1 1 
1 1 2 1 0 0 
2 1 0 1 2 1 
2 0 2 1 1 1 
Language_3
3
0
1 2 
a b c 
2 1 2 1 2 0 
2 0 2 0 0 1 
1 1 2 1 1 0 
1 1 2 1 2 0 
0 0 2 1 2 0 
0 1 1 1 1 1 
Language_4
3
0
0 2 
a b c 
2 1 0 1 1 1 
0 0 0 -1 0 -1 
0 0 1 1 2 1 
2 -1 2 1 1 -1 
2 1 2 0 1 1 
2 1 0 1 0 -1 
Language_5
3
0
0 2 
a b c 
0 0 0 1 1 0 
2 0 0 0 1 0 
0 0 1 1 1 0 
2 -1 2 1 1 0 
2 1 0 1 0 1 
2 0 0 -1 2 0 
Language_6
3
0
0 1 
a b c 
0 0 1 0 1 1 
2 1 2 -1 0 1 
2 1 2 0 2 1 
0 0 1 0 0 1 
0 0 2 0 0 1 
0 1 2 -1 2 -1 
Language_7
3
0
0 1 
a b c 
0 0 2 0 1 0 
1 1 1 -1 2 -1 
1 1 2 1 2 0 
1 1 2 0 2 0 
2 0 0 1 1 0 
1 -1 0 -1 2 -1 
Language_8
3
0
2 
a b c 
2 1 0 1 1 0 
1 1 1 -1 1 0 
1 1 2 1 1 0 
0 1 0 -1 1 -1 
2 0 2 1 1 1 
0 1 1 0 1 -1 
Language_9
3
0
0 2 
a b c 
0 0 1 1 2 0 
2 1 1 1 0 0 
0 0 0 0 0 1 
1 0 1 0 1 0 
0 1 1 1 1 0 
1 -1 2 0 0 0 
Language_10
3
0
0 1 
a b c 
0 1 1 1 1 0 
0 -1 1 -1 1 1 
2 1 1 1 0 1 
0 1 1 0 0 1 
0 1 1 0 1 0 
2 -1 1 1 1 0 
Language_11
3
0
0 2 
a b c 
2 0 0 1 0 0 
0 -1 1 -1 2 0 
2 0 1 1 1 0 
0 1 0 0 2 0 
1 1 1 0 2 0 
1 0 1 -1 1 -1 
Language_12
3
0
0 
a b c 
2 0 0 0 2 0 
2 0 0 1 0 -1 
0 0 0 1 1 0 
1 0 1 -1 1 1 
2 1 0 0 2 1 
1 -1 1 0 1 1 
Language_13
3
0
1 2 
a b c 
1 0 2 1 0 0 
1 1 1 1 0 0 
2 1 2 0 0 1 
1 0 1 1 2 -1 
0 0 0 0 2 1 
0 1 2 -1 2 1 
Language_14
3
0
1 2 
a b c 
1 0 0 1 2 1 
2 -1 1 0 2 0 
2 0 1 1 1 0 
0 -1 0 0 0 -1 
0 1 0 1 1 0 
2 -1 1 1 1 1 
Language_15
3
0
1 
a b c 
2 0 0 1 0 0 
2 -1 2 0 0 1 
1 0 2 0 2 1 
1 -1 1 0 0 1 
1 0 1 0 0 0 
0 -1 2 -1 2 0 
Language_16
3
0
0 2 
a b c 
1 1 2 1 0 0 
0 1 1 1 1 1 
1 1 1 0 0 0 
1 -1 2 0 2 0 
1 0 0 0 0 1 
0 -1 2 0 0 1 
Language_17
3
0
1 
a b c 
1 1 0 1 0 1 
0 -1 0 -1 2 1 
2 1 1 0 1 1 
0 0 0 1 1 0 
2 1 0 0 1 1 
0 1 1 -1 0 0 
Language_18
3
0
0 2 
a b c 
1 0 2 1 1 1 
1 1 2 1 2 1 
1 0 0 0 2 0 
1 -1 1 0 0 -1 
1 1 1 0 1 0 
0 1 0 0 0 0 
Language_19
3
0
0 1 
a b c 
0 1 0 1 2 0 
1 -1 0 0 2 -1 
2 1 1 0 0 1 
2 1 1 -1 2 1 
0 1 0 0 2 0 
2 0 1 -1 2 -1 
Language_20
3
0
0 2 
a b c 
1 1 0 1 1 1 
0 1 1 1 2 0 
1 0 1 1 0 1 
1 1 0 0 1 1 
0 1 0 0 0 1 
2 1 2 -1 0 1 
Language_21
3
0
1 
a b c 
1 0 0 1 2 0 
1 0 2 -1 2 -1 
0 0 2 1 2 0 
0 -1 2 1 0 1 
2 1 2 0 0 0 
2 0 2 0 2 -1 
Language_22
3
0
2 
a b c 
1 1 1 0 2 0 
2 1 0 0 1 0 
0 0 1 0 1 0 
2 -1 1 1 1 0 
0 1 0 1 1 1 
0 -1 1 1 1 0 
Language_23
3
0
0 1 
a b c 
1 1 2 1 0 0 
0 -1 2 0 1 -1 
1 1 1 1 2 1 
1 0 0 1 1 0 
2 0 2 0 2 1 
1 0 1 0 0 1 
Language_24
3
0
0 2 
a b c 
2 0 0 1 1 0 
1 1 1 1 2 -1 
0 0 0 0 2 0 
2 0 1 1 0 -1 
0 0 0 1 2 0 
0 -1 1 -1 1 0 
Language_25
3
0
1 
a b c 
2 1 2 0 2 1 
2 -1 2 1 2 0 
1 0 1 0 2 1 
0 1 2 -1 2 -1 
2 1 2 0 2 1 
1 -1 1 0 0 -1 
Language_26
3
0
0 1 
a b c 
2 1 2 1 0 1 
2 -1 1 1 0 -1 
1 1 2 0 2 0 
2 0 0 -1 0 0 
2 1 2 1 2 0 
1 1 2 0 0 1 
Language_27
3
0
0 2 
a b c 
2 0 2 1 1 1 
0 1 2 0 2 1 
1 1 2 1 2 1 
1 -1 0 1 0 0 
2 1 1 0 1 1 
2 1 1 0 2 0 
Language_28
3
0
1 2 
a b c 
0 0 1 0 1 0 
0 -1 1 -1 0 1 
2 0 2 1 1 0 
0 0 0 0 1 -1 
0 0 0 0 1 0 
1 0 1 1 1 1 
Language_29
3
0
0 2 
a b c 
2 0 1 1 2 0 
1 -1 1 -1 0 1 
2 1 1 1 2 0 
1 -1 1 -1 0 1 
0 0 1 1 1 0 
0 0 2 -1 2 1 
Language_30
3
0
2 
a b c 
2 0 1 0 2 1 
0 1 1 1 1 -1 
1 1 2 0 1 1 
1 -1 0 -1 0 -1 
1 0 0 1 0 0 
0 -1 0 1 0 -1 
Language_31
3
0
2 
a b c 
2 1 0 1 0 0 
2 0 2 1 1 -1 
0 1 1 0 0 0 
1 1 2 0 1 1 
0 1 1 0 0 1 
0 0 0 -1 2 -1 
Language_32
3
0
0 
a b c 
1 0 1 0 2 0 
2 1 1 0 0 1 
0 0 2 1 1 1 
1 -1 1 -1 1 -1 
2 1 2 0 1 1 
2 -1 1 0 1 0 
Language_33
3
0
1 2 
a b c 
0 0 2 1 1 1 
2 0 2 1 2 -1 
1 0 1 0 0 1 
2 0 2 -1 2 0 
2 0 1 0 0 1 
0 -1 2 -1 1 0 
Language_34
3
0
0 
a b c 
1 0 1 1 1 1 
2 0 0 0 2 0 
0 0 2 1 0 1 
0 -1 1 0 0 1 
2 0 2 1 2 1 
2 1 1 -1 1 -1 
Language_35
3
0
0 
a b c 
1 0 2 1 0 0 
1 -1 1 1 2 1 
0 0 1 1 2 1 
2 0 0 0 1 1 
0 1 1 0 0 1 
1 1 2 1 2 0 
Language_36
3
0
2 
a b c 
0 0 0 1 1 1 
0 0 0 1 2 -1 
2 0 0 1 1 1 
2 -1 1 -1 2 -1 
0 1 1 0 1 1 
2 1 2 0 0 1 
Language_37
3
0
1 2 
a b c 
1 1 0 1 0 1 
2 0 1 -1 1 -1 
2 1 1 0 0 1 
1 1 0 1 1 0 
2 0 0 0 2 1 
2 1 1 -1 2 1 
Language_38
3
0
0 1 
a b c 
0 1 2 1 0 1 
1 0 0 -1 0 -1 
1 1 1 0 0 0 
1 1 2 -1 2 -1 
1 0 2 1 2 0 
2 0 0 -1 2 0 
Language_39
3
0
2 
a b c 
1 0 1 1 1 1 
1 0 0 1 0 1 
0 0 0 0 2 0 
2 -1 1 1 2 -1 
2 1 1 1 2 0 
0 1 2 1 1 1 
Language_40
3
0
2 
a b c 
0 1 0 0 1 0 
1 0 2 -1 1 1 
1 0 0 1 0 0 
1 1 2 0 1 -1 
1 1 0 1 0 0 
0 1 1 0 0 1 
Language_41
3
0
2 
a b c 
2 0 1 1 1 0 
2 -1 0 0 1 0 
0 1 2 0 0 0 
1 0 2 -1 1 0 
2 0 2 1 2 0 
2 0 2 0 1 0 
Language_42
3
0
1 2 
a b c 
2 1 0 0 2 1 
0 0 0 0 2 1 
1 0 2 0 1 0 
2 -1 2 -1 0 1 
0 1 1 1 0 0 
2 0 0 0 0 1 
Language_43
3
0
0 
a b c 
0 1 1 1 0 0 
0 -1 2 0 0 0 
1 0 0 1 0 1 
0 1 0 1 2 0 
1 1 1 0 0 1 
0 -1 0 -1 2 0 
Language_44
3
0
1 
a b c 
0 0 0 0 0 1 
1 1 0 0 0 1 
1 0 2 0 1 0 
2 1 0 -1 2 1 
2 0 2 1 0 0 
1 1 0 -1 0 0 
Language_45
3
0
1 
a b c 
1 0 1 1 1 0 
0 0 2 0 0 -1 
2 0 2 0 2 0 
2 0 0 1 1 0 
2 1 1 1 2 1 
1 0 2 1 1 -1 
Language_46
3
0
1 
a b c 
2 1 2 1 2 0 
0 1 1 -1 0 0 
2 0 2 1 2 0 
2 -1 0 -1 2 0 
1 0 1 0 1 1 
1 -1 2 1 1 -1 
Language_47
3
0
2 
a b c 
1 1 0 1 2 1 
0 -1 0 1 1 0 
1 0 1 0 1 1 
2 -1 2 0 1 -1 
0 1 0 0 0 1 
0 -1 2 1 0 1 
Language_48
3
0
0 
a b c 
1 0 2 1 1 0 
1 0 2 0 2 1 
0 1 2 0 0 1 
0 0 2 0 1 -1 
0 1 1 0 2 0 
2 1 0 0 1 -1 
Language_49
3
0
2 
a b c 
1 0 1 1 1 0 
1 0 2 -1 2 -1 
1 1 0 0 0 1 
0 1 2 -1 1 0 
1 0 1 0 0 1 
2 0 0 -1 2 0 
Language_50
3
0
0 2 
a b c 
0 1 1 1 1 1 
2 -1 2 0 2 -1 
1 1 0 0 1 0 
0 0 1 -1 2 1 
1 1 2 1 1 1 
0 -1 1 1 2 1 
Language_51
3
0
1 2 
a b c 
1 0 0 0 2 0 
2 1 2 1 1 1 
1 0 0 1 2 1 
1 0 2 1 1 0 
0 0 1 1 1 0 
0 -1 0 1 1 0 
Language_52
3
0
0 
a b c 
1 0 0 1 0 1 
2 -1 0 -1 2 0 
1 1 2 0 2 0 
0 -1 2 1 1 0 
2 0 2 0 1 0 
0 1 0 1 0 0 
Language_53
3
0
0 1 
a b c 
2 0 2 0 0 1 
0 0 1 1 0 -1 
1 1 0 1 0 0 
0 -1 1 1 2 0 
2 0 1 1 2 1 
1 1 0 1 1 1 
Language_54
3
0
0 2 
a b c 
1 0 1 0 0 0 
2 1 0 0 1 -1 
0 0 1 1 1 0 
2 0 0 0 2 1 
2 1 1 0 2 0 
0 1 2 0 1 -1 
Language_55
3
0
1 2 
a b c 
0 1 2 1 0 0 
2 0 1 0 2 -1 
0 0 2 1 2 0 
0 1 1 -1 2 -1 
1 1 2 1 0 1 
1 -1 1 1 2 0 
Language_56
3
0
0 1 
a b c 
2 1 2 1 0 1 
2 0 1 1 0 0 
2 0 1 0 0 0 
1 1 2 1 1 0 
0 0 2 1 0 0 
0 -1 1 1 0 1 
Language_57
3
0
1 2 
a b c 
2 1 2 1 1 0 
1 0 2 0 2 0 
1 0 2 0 1 1 
1 -1 2 1 0 0 
2 0 2 0 1 0 
0 1 2 1 1 1 
Language_58
3
0
2 
a b c 
0 0 0 1 0 1 
0 1 1 0 1 0 
2 1 0 0 2 1 
2 -1 1 0 2 1 
0 1 1 0 0 1 
2 -1 2 0 2 0 
Language_59
3
0
0 
a b c 
2 1 0 1 2 1 
2 -1 0 -1 2 1 
1 1 0 1 2 0 
2 1 2 0 0 1 
0 0 0 0 1 0 
1 0 1 1 1 1 
Language_60
3
0
0 2 
a b c 
0 1 0 0 0 0 
2 1 2 0 1 1 
1 1 0 1 0 1 
2 1 2 1 2 0 
2 0 2 0 0 0 
2 -1 1 0 2 -1 
Language_61
3
0
2 
a b c 
2 0 0 0 0 0 
1 1 0 0 1 1 
2 1 2 1 1 1 
2 0 2 0 2 -1 
0 1 0 0 0 1 
1 1 2 -1 0 0 
Language_62
3
0
0 2 
a b c 
0 1 1 1 0 0 
1 -1 1 1 1 0 
1 0 0 0 0 0 
0 -1 2 -1 2 0 
1 0 2 0 0 1 
2 -1 2 1 1 -1 
Language_63
3
0
1 2 
a b c 
2 1 1 1 0 0 
1 1 0 -1 1 -1 
0 1 0 1 1 0 
2 -1 1 1 0 0 
1 0 1 0 2 0 
1 1 2 -1 2 -1 
Language_64
3
0
0 1 
a b c 
2 1 1 0 2 1 
0 -1 2 0 1 -1 
2 0 0 0 0 1 
2 0 1 -1 0 0 
0 1 0 1 2 0 
0 0 2 0 1 -1 
Language_65
3
0
0 2 
a b c 
2 1 2 0 0 0 
2 0 0 1 0 -1 
0 0 2 0 2 1 
2 -1 2 1 1 0 
1 1 1 1 0 1 
0 1 0 1 1 -1 
Language_66
3
0
0 
a b c 
1 1 2 1 2 0 
1 -1 2 -1 2 1 
1 1 1 1 0 0 
2 1 1 1 0 1 
0 1 2 0 0 1 
0 1 0 1 0 0 
Language_67
3
0
0 2 
a b c 
1 0 1 0 0 0 
0 1 0 -1 1 0 
2 0 2 1 2 1 
1 0 1 1 2 0 
1 1 2 1 0 1 
1 -1 2 1 0 0 
Language_68
3
0
0 2 
a b c 
0 1 2 1 0 0 
0 -1 2 0 2 -1 
0 0 1 1 0 0 
1 -1 2 0 2 1 
2 0 2 0 0 1 
0 1 0 -1 2 1 
Language_69
3
0
2 
a b c 
1 1 1 0 0 1 
1 -1 1 1 2 0 
2 0 1 0 2 1 
0 1 2 0 1 -1 
2 0 1 0 1 0 
1 0 2 1 1 1 
Language_70
3
0
1 
a b c 
1 0 1 0 1 0 
0 -1 0 0 2 1 
2 0 0 1 2 0 
0 0 0 -1 2 0 
0 0 1 1 1 0 
2 -1 1 0 1 1 
Language_71
3
0
0 1 
a b c 
1 1 1 1 0 1 
1 0 2 1 2 0 
2 0 1 1 0 1 
0 1 1 1 1 0 
0 1 0 1 1 1 
0 1 1 -1 1 -1 
Language_72
3
0
0 
a b c 
2 1 0 1 0 1 
0 -1 0 1 0 -1 
0 0 2 0 0 1 
0 0 1 -1 0 1 
1 1 2 0 2 1 
2 -1 0 1 0 -1 
Language_73
3
0
1 
a b c 
0 1 2 1 2 1 
2 1 0 0 1 0 
2 1 1 1 0 1 
0 1 0 0 1 1 
0 1 0 1 1 0 
1 1 1 1 1 1 
Language_74
3
0
0 
a b c 
2 1 2 1 0 0 
1 -1 0 1 1 -1 
1 0 2 0 0 1 
1 1 1 -1 0 1 
0 0 1 0 0 1 
1 -1 2 0 0 1 
Language_75
3
0
0 2 
a b c 
0 0 1 1 0 1 
2 0 1 1 2 -1 
1 1 1 0 1 1 
0 -1 0 1 0 0 
1 1 1 0 1 0 
2 -1 2 0 2 1 
Language_76
3
0
0 1 
a b c 
2 1 1 0 0 1 
2 0 2 0 1 -1 
0 0 2 1 1 1 
2 1 1 0 2 -1 
2 1 1 0 2 1 
2 0 2 -1 2 1 
Language_77
3
0
0 
a b c 
0 0 1 1 2 1 
1 1 1 -1 2 1 
1 1 2 1 1 1 
2 -1 0 1 0 0 
2 0 0 1 1 1 
2 0 1 0 1 0 
Language_78
3
0
1 2 
a b c 
1 0 0 0 1 0 
0 0 2 0 0 1 
1 1 0 1 2 0 
1 -1 1 1 2 1 
1 0 0 0 0 0 
0 0 1 -1 0 0 
Language_79
3
0
0 2 
a b c 
2 0 0 0 0 1 
2 -1 1 -1 0 1 
2 0 1 1 1 1 
2 0 0 0 1 0 
1 1 2 1 0 0 
2 -1 2 -1 1 0 
Language_80
3
0
1 
a b c 
1 1 1 1 0 0 
0 -1 0 1 2 0 
2 1 1 0 1 1 
2 1 2 0 2 0 
1 0 2 0 2 0 
1 1 1 0 1 -1 
Language_81
3
0
1 
a b c 
0 1 1 1 1 0 
0 -1 2 0 1 0 
0 1 1 0 1 1 
2 1 1 1 1 0 
0 0 1 1 1 1 
1 1 1 0 1 1 
Language_82
3
0
2 
a b c 
1 1 0 0 0 1 
0 -1 2 1 1 0 
1 1 2 0 0 0 
2 1 1 0 1 -1 
1 0 0 1 2 0 
0 -1 0 0 0 -1 
Language_83
3
0
1 
a b c 
2 1 1 1 2 0 
0 0 2 1 0 -1 
0 1 1 0 1 0 
1 0 1 1 2 -1 
2 1 2 0 1 1 
2 1 2 1 1 1 
Language_84
3
0
2 
a b c 
1 1 2 0 0 0 
2 0 0 1 2 -1 
1 1 0 1 1 1 
1 0 2 1 0 1 
0 1 2 0 0 1 
1 -1 2 0 0 0 
Language_85
3
0
0 
a b c 
1 0 2 0 2 1 
0 -1 2 1 0 0 
2 0 0 1 0 1 
0 -1 0 0 1 0 
0 1 2 0 2 1 
2 1 1 1 0 0 
Language_86
3
0
1 
a b c 
0 0 0 1 0 1 
1 0 1 -1 1 1 
1 0 2 1 0 0 
2 0 2 0 0 1 
1 0 0 0 0 1 
2 1 2 0 2 -1 
Language_87
3
0
0 1 
a b c 
1 1 0 1 1 1 
2 -1 1 -1 2 0 
0 0 1 0 0 1 
2 1 1 -1 2 -1 
1 1 1 0 2 1 
1 -1 0 -1 1 -1 
Language_88
3
0
0 
a b c 
1 0 2 0 1 1 
2 -1 0 -1 0 -1 
1 1 2 1 2 1 
1 0 2 0 1 1 
0 1 0 1 1 0 
1 -1 1 -1 2 1 
Language_89
3
0
2 
a b c 
1 0 1 0 1 0 
1 -1 0 0 1 0 
2 1 2 0 0 0 
1 0 1 0 1 1 
0 0 1 0 0 0 
2 -1 0 -1 0 0 
Language_90
3
0
1 2 
a b c 
0 1 2 0 1 0 
2 -1 2 -1 1 0 
2 0 0 1 2 0 
2 -1 1 1 0 -1 
2 1 1 1 0 1 
2 0 0 -1 2 0 
Language_91
3
0
0 1 
a b c 
2 0 0 0 2 1 
1 -1 1 0 0 -1 
2 0 0 1 1 0 
1 -1 0 1 0 -1 
1 0 2 0 0 1 
0 1 2 1 1 -1 
Language_92
3
0
1 
a b c 
0 0 2 0 0 1 
2 -1 0 -1 1 -1 
0 0 2 0 1 1 
1 0 2 -1 0 -1 
0 1 2 1 2 1 
0 -1 0 -1 0 1 
Language_93
3
0
0 
a b c 
0 1 0 1 0 0 
0 0 0 0 0 0 
2 1 1 1 0 0 
2 1 1 0 2 1 
0 0 0 0 0 1 
1 0 2 1 1 -1 
Language_94
3
0
1 2 
a b c 
1 1 1 0 2 0 
0 -1 2 1 0 -1 
0 0 1 0 2 0 
1 1 2 0 0 -1 
2 0 1 1 2 1 
0 -1 0 1 0 1 
Language_95
3
0
0 
a b c 
2 0 0 0 0 1 
1 1 0 1 0 1 
1 1 0 0 1 0 
2 1 0 -1 1 1 
0 0 0 0 2 1 
2 0 1 1 2 1 
Language_96
3
0
1 
a b c 
0 1 0 0 0 1 
2 0 1 1 0 1 
1 1 0 1 1 0 
0 0 0 0 2 1 
1 0 1 0 2 0 
1 1 0 -1 0 1 
Language_97
3
0
0 
a b c 
2 0 2 1 1 1 
2 -1 0 1 2 1 
2 1 1 1 1 1 
2 -1 2 0 0 -1 
2 1 1 1 1 0 
1 1 0 -1 2 1 
Language_98
3
0
0 2 
a b c 
2 1 0 1 2 1 
1 0 0 1 0 -1 
0 1 0 0 2 1 
0 -1 1 0 2 -1 
1 0 1 0 0 1 
0 1 1 -1 0 -1 
Language_99
3
0
1 
a b c 
1 1 1 0 2 1 
0 0 2 1 1 0 
2 0 0 0 1 0 
0 1 0 -1 2 -1 
1 0 0 0 2 0 
2 1 0 1 0 1 
