100
Language_0
6
0
1 4 
a b c d e 
1 1 1 0 2 1 4 0 0 1 2 1 
5 1 2 0 1 0 3 -1 2 -1 4 1 
3 0 3 1 1 0 0 0 0 1 2 1 
5 1 0 0 4 1 4 1 2 0 4 0 
3 1 4 1 3 1 4 1 4 0 3 0 
5 0 3 -1 3 -1 1 -1 5 1 4 -1 
3 1 4 0 0 1 0 0 3 1 3 0 
0 0 0 0 3 0 2 1 5 1 4 -1 
3 0 3 1 1 0 5 0 1 1 0 1 
4 1 3 1 2 1 4 1 4 -1 3 0 
Language_1
6
0
0 3 4 5 
a b c d e 
5 0 0 1 5 1 0 0 2 0 5 0 
5 1 5 0 2 -1 3 0 3 -1 1 0 
5 1 2 1 3 0 3 1 4 1 5 0 
5 1 4 1 2 -1 2 1 4 0 5 0 
2 1 5 1 4 1 4 1 1 0 5 0 
1 1 5 1 4 -1 5 0 0 1 0 -1 
0 0 4 0 3 0 4 0 3 1 5 1 
3 0 5 0 0 -1 5 0 0 -1 0 -1 
0 1 5 0 0 0 5 1 4 1 1 0 
2 0 1 1 4 -1 2 -1 0 -1 4 0 
Language_2
6
0
2 3 4 
a b c d e 
2 0 2 1 1 0 4 1 3 1 5 0 
0 -1 0 0 2 -1 0 0 4 0 3 0 
1 1 3 0 4 0 5 0 4 1 3 1 
4 1 5 0 4 -1 2 1 0 -1 5 1 
5 1 0 0 4 0 2 1 1 1 4 1 
2 -1 2 0 2 0 5 1 4 1 2 0 
3 1 0 1 0 0 0 1 0 0 2 1 
1 -1 3 0 5 -1 1 0 0 1 0 1 
2 0 5 1 1 1 3 1 2 1 5 0 
5 1 3 1 2 1 5 1 3 1 3 -1 
Language_3
6
0
1 2 3 5 
a b c d e 
1 0 1 1 0 0 5 1 3 1 2 0 
5 0 1 0 1 1 3 0 4 -1 0 1 
1 0 0 0 0 0 3 1 5 1 1 1 
5 -1 3 0 3 0 4 -1 1 0 3 0 
1 1 5 0 3 1 3 1 0 0 0 1 
0 0 3 -1 4 -1 4 1 2 1 3 -1 
3 0 5 0 1 1 3 0 3 0 5 1 
3 1 1 1 1 0 0 1 4 1 4 1 
4 1 0 0 3 0 2 1 3 0 0 0 
0 -1 2 -1 4 1 5 0 2 1 4 -1 
Language_4
6
0
0 2 3 4 5 
a b c d e 
2 1 3 1 5 0 5 1 2 0 3 0 
1 -1 1 1 2 1 3 0 2 -1 0 -1 
1 1 0 0 2 1 1 1 1 0 0 1 
3 1 5 -1 1 0 0 1 1 1 4 1 
3 1 4 0 4 1 5 0 3 1 3 1 
2 -1 4 0 4 -1 0 0 3 0 3 1 
3 0 1 0 5 1 4 0 3 1 4 1 
1 0 0 1 3 0 1 0 5 -1 4 1 
3 1 2 1 2 1 5 0 2 1 2 1 
5 -1 3 -1 5 1 5 1 1 -1 2 -1 
Language_5
6
0
1 3 4 5 
a b c d e 
5 1 1 1 3 1 5 0 2 1 5 0 
5 0 2 0 5 -1 5 1 2 -1 1 1 
5 1 2 1 5 0 5 1 0 1 2 1 
4 -1 2 0 3 -1 1 1 0 1 1 -1 
0 1 3 1 5 1 2 1 3 0 0 0 
3 0 2 0 1 1 4 0 3 1 0 -1 
0 0 2 0 3 1 4 0 5 1 0 1 
3 0 0 0 0 -1 3 -1 3 -1 5 1 
1 1 4 1 5 0 0 1 3 1 1 1 
2 -1 2 1 0 -1 1 0 2 0 4 -1 
Language_6
6
0
1 2 
a b c d e 
4 1 0 1 4 1 2 1 5 0 2 0 
5 -1 4 -1 2 -1 2 -1 0 -1 2 1 
1 1 0 1 4 0 0 0 4 1 5 1 
5 1 1 -1 3 -1 1 0 3 1 5 -1 
0 0 3 1 3 0 4 0 3 1 5 0 
3 -1 5 1 3 -1 4 0 5 0 2 0 
5 1 4 0 2 1 1 1 1 1 5 0 
4 -1 4 1 1 -1 1 1 1 0 0 0 
0 0 2 0 3 1 3 1 5 0 0 1 
5 -1 3 1 3 -1 1 0 3 -1 4 -1 
Language_7
6
0
3 5 
a b c d e 
2 1 3 1 5 1 1 1 4 0 0 0 
4 1 2 0 5 -1 5 0 5 1 3 0 
1 1 2 1 5 0 2 1 4 1 4 0 
1 1 4 -1 0 1 4 0 2 0 4 1 
1 0 4 1 4 0 2 1 3 0 2 0 
2 -1 2 1 0 0 3 -1 3 -1 5 -1 
0 0 5 1 4 1 5 1 4 0 4 1 
2 0 0 0 2 1 4 1 1 1 3 -1 
0 0 2 1 3 1 2 0 0 0 4 1 
0 0 1 1 1 -1 2 0 2 -1 5 0 
Language_8
6
0
1 4 
a b c d e 
3 0 5 1 3 0 2 1 1 0 0 1 
0 1 0 0 3 1 1 0 4 1 3 1 
3 1 4 0 3 0 2 0 2 0 5 1 
1 0 3 -1 4 1 3 0 2 -1 1 0 
3 1 1 1 3 1 0 0 1 0 1 0 
1 0 4 -1 1 -1 5 1 0 0 1 1 
2 1 4 1 2 1 3 1 4 1 4 1 
5 -1 2 0 5 -1 4 1 5 -1 1 -1 
1 1 1 0 0 0 2 1 0 0 4 1 
3 0 5 1 3 1 2 1 4 0 3 1 
Language_9
6
0
3 4 5 
a b c d e 
5 0 4 1 4 1 0 0 2 0 5 0 
5 1 1 1 3 0 2 -1 5 1 5 0 
4 1 0 0 1 1 5 1 2 1 4 0 
4 0 5 -1 4 1 0 1 2 -1 5 1 
2 1 1 0 5 0 2 0 3 0 0 1 
4 1 1 1 3 0 5 -1 4 -1 0 0 
2 0 0 1 4 0 0 1 0 0 4 1 
0 0 2 -1 1 0 2 -1 0 -1 2 1 
4 1 4 0 1 1 2 0 5 0 1 0 
0 1 2 1 0 0 4 1 1 0 4 1 
Language_10
6
0
1 3 4 
a b c d e 
1 1 0 1 2 0 4 1 3 0 1 0 
5 0 3 1 1 0 3 -1 0 1 5 0 
0 0 2 0 0 0 4 0 5 1 2 0 
3 -1 5 1 4 0 5 1 2 0 2 -1 
2 1 2 1 2 1 0 1 5 1 4 0 
1 -1 0 -1 5 1 1 1 5 -1 0 0 
0 1 4 1 3 0 2 0 5 0 1 0 
1 -1 0 -1 0 0 3 -1 1 1 1 0 
5 1 4 0 4 0 0 0 5 0 1 0 
0 0 0 1 2 -1 4 1 2 1 3 -1 
Language_11
6
0
0 1 2 5 
a b c d e 
0 1 2 0 4 0 3 1 2 1 5 0 
0 0 3 -1 0 1 4 -1 3 -1 4 -1 
1 0 0 1 1 0 2 0 5 1 3 0 
4 1 5 1 3 -1 3 -1 5 0 1 -1 
0 1 4 1 3 0 3 0 2 1 2 1 
4 1 0 0 2 1 4 -1 4 -1 5 1 
3 0 1 0 5 0 5 0 0 1 4 1 
3 -1 3 0 5 -1 0 1 1 0 3 -1 
0 0 0 0 3 0 3 0 5 0 3 1 
2 -1 5 0 5 0 4 0 0 -1 3 0 
Language_12
6
0
0 2 3 5 
a b c d e 
3 1 0 0 5 0 0 0 4 1 4 0 
5 -1 4 1 2 0 2 -1 0 0 2 0 
0 1 4 1 2 1 5 0 0 0 3 1 
5 0 5 0 2 -1 5 0 0 -1 5 0 
2 1 1 0 1 1 1 0 5 0 1 1 
1 1 1 1 3 1 0 1 2 -1 0 0 
5 0 3 1 2 0 3 0 4 0 5 1 
4 1 1 0 2 0 2 0 2 1 3 0 
0 0 3 0 2 1 2 0 2 0 3 0 
1 1 2 1 3 -1 2 0 4 1 0 1 
Language_13
6
0
0 5 
a b c d e 
3 0 3 0 3 0 1 1 0 1 5 0 
3 0 5 -1 5 1 3 0 3 -1 2 1 
2 0 3 0 0 0 2 1 2 1 4 1 
0 1 3 1 2 1 5 1 0 -1 1 0 
1 1 4 0 0 1 0 0 3 0 2 1 
5 -1 5 0 0 -1 0 -1 2 -1 1 1 
3 1 4 1 3 1 0 0 2 1 1 1 
1 0 1 -1 3 -1 2 1 1 -1 4 1 
4 1 2 1 3 1 0 1 4 0 1 0 
2 1 3 1 5 -1 4 0 5 -1 1 -1 
Language_14
6
0
0 1 
a b c d e 
2 0 1 1 3 0 5 0 2 0 2 1 
1 -1 5 -1 0 -1 1 -1 1 0 0 0 
2 0 1 0 4 1 1 0 1 0 5 1 
1 0 2 1 2 0 4 0 1 0 5 0 
1 0 3 1 5 1 2 0 0 0 0 1 
5 -1 0 1 4 0 2 -1 1 1 2 0 
5 1 4 0 4 0 3 1 2 0 5 1 
0 0 5 1 3 0 0 -1 1 1 4 1 
5 1 3 0 2 0 1 0 2 1 4 1 
5 -1 0 -1 0 1 5 0 4 -1 0 0 
Language_15
6
0
0 1 2 
a b c d e 
3 1 5 1 5 0 2 1 0 1 0 1 
5 1 1 0 4 1 1 1 3 0 4 -1 
2 1 0 0 4 1 1 0 3 0 0 1 
1 0 2 0 1 1 4 0 0 1 4 1 
5 1 4 0 4 1 2 0 5 0 3 0 
2 0 1 1 4 0 1 1 4 0 2 -1 
2 1 0 0 5 0 0 1 4 1 0 1 
4 1 2 -1 2 0 3 -1 0 0 1 0 
0 0 1 1 4 0 4 0 1 1 5 0 
5 1 1 -1 0 -1 2 -1 5 0 0 1 
Language_16
6
0
1 4 
a b c d e 
3 1 3 0 3 1 1 1 0 1 2 1 
1 1 0 -1 5 -1 0 1 1 0 4 0 
4 0 2 1 0 0 4 0 3 0 5 0 
0 -1 4 -1 3 1 0 1 4 -1 3 -1 
3 0 5 1 4 0 5 0 0 0 3 0 
1 1 2 -1 4 0 5 0 2 -1 1 0 
2 0 4 1 1 0 2 0 1 1 2 1 
5 0 2 0 2 -1 5 1 0 0 3 -1 
3 0 1 0 4 1 3 1 3 1 2 0 
5 0 0 1 2 0 2 -1 2 0 3 0 
Language_17
6
0
4 
a b c d e 
4 0 5 1 5 0 3 0 0 1 5 0 
5 -1 1 -1 0 -1 2 1 0 1 5 1 
1 1 4 1 2 0 3 1 5 1 5 0 
2 1 5 1 5 -1 3 0 4 1 3 1 
2 0 2 0 5 1 5 0 2 0 3 1 
5 1 3 -1 0 -1 1 0 5 -1 0 -1 
0 0 4 0 5 1 5 1 0 0 3 1 
2 -1 5 0 4 0 3 0 5 -1 0 1 
5 0 2 0 5 0 4 1 0 0 4 0 
1 0 1 1 0 0 3 1 2 -1 1 0 
Language_18
6
0
0 1 4 5 
a b c d e 
1 1 3 0 4 1 1 0 5 1 5 1 
1 -1 2 -1 3 0 0 1 5 1 5 -1 
5 0 2 1 3 1 2 1 4 1 5 0 
1 -1 2 -1 3 0 3 1 4 0 4 1 
2 0 1 0 1 0 0 0 2 0 5 0 
5 1 5 0 1 1 5 1 1 0 3 -1 
0 0 4 1 1 0 0 0 1 0 0 0 
1 1 2 -1 1 -1 0 1 1 0 4 -1 
0 1 4 0 3 0 3 0 0 1 5 0 
4 1 0 0 4 0 5 1 1 -1 2 -1 
Language_19
6
0
1 2 3 4 
a b c d e 
1 1 3 0 2 1 3 1 1 1 1 0 
2 1 0 0 1 1 0 1 2 1 2 0 
0 0 4 0 0 1 4 1 5 1 5 1 
2 1 0 -1 0 0 4 1 2 0 1 1 
2 1 4 0 3 1 1 0 0 1 3 0 
2 1 1 0 4 1 2 -1 4 -1 0 0 
3 0 3 1 5 0 1 0 0 0 5 1 
1 -1 1 1 1 0 2 0 0 0 2 -1 
3 1 4 1 4 1 0 1 3 0 1 0 
4 -1 0 -1 0 1 4 1 4 1 3 0 
Language_20
6
0
0 1 2 5 
a b c d e 
3 0 4 0 5 0 3 0 3 0 1 1 
5 0 3 1 2 0 2 0 4 -1 2 1 
4 1 3 1 1 1 0 0 1 1 3 0 
1 1 5 1 2 0 2 -1 2 0 0 -1 
2 1 0 0 1 0 5 0 5 1 1 0 
1 -1 0 1 5 1 2 0 3 1 4 -1 
3 0 2 1 0 0 3 1 0 0 2 1 
1 0 5 1 1 1 5 -1 1 0 5 -1 
4 0 2 0 2 0 4 0 4 0 1 1 
5 0 5 -1 4 -1 5 -1 4 0 2 0 
Language_21
6
0
1 4 
a b c d e 
2 1 3 0 1 1 5 0 4 0 0 0 
5 -1 4 -1 1 0 4 -1 4 -1 4 0 
1 1 1 1 4 1 3 1 4 1 5 0 
5 -1 3 -1 4 1 4 0 4 1 5 -1 
5 1 1 0 4 1 2 1 5 1 4 1 
1 0 0 -1 2 0 0 0 0 -1 0 1 
4 1 0 0 1 0 2 1 5 1 2 0 
3 1 2 1 2 1 5 1 5 1 2 1 
4 1 3 1 0 0 5 0 4 0 0 1 
4 0 2 0 5 -1 0 1 0 1 0 1 
Language_22
6
0
0 2 4 
a b c d e 
3 1 2 1 5 0 5 0 2 1 3 0 
4 1 1 1 0 -1 0 0 1 1 0 1 
5 0 4 0 1 1 4 1 3 0 3 0 
0 0 4 1 5 -1 5 -1 5 0 0 0 
3 1 5 1 4 0 1 0 3 1 1 1 
5 0 0 0 0 1 3 -1 2 1 0 0 
0 1 0 0 5 1 3 0 4 0 4 0 
3 -1 0 1 4 0 0 -1 5 -1 1 0 
3 0 1 0 4 0 5 0 0 1 0 1 
3 1 4 0 4 0 1 0 3 -1 5 1 
Language_23
6
0
1 2 3 4 5 
a b c d e 
4 0 3 1 2 1 2 1 3 0 0 0 
2 -1 4 1 4 -1 1 1 2 0 0 0 
4 0 3 1 2 0 0 0 4 1 4 1 
3 1 2 1 5 -1 0 -1 1 1 3 0 
3 0 3 0 1 0 1 1 5 1 4 0 
2 0 3 0 1 1 2 1 5 -1 3 1 
0 1 5 0 2 1 1 0 2 1 5 1 
4 0 5 -1 2 1 4 -1 5 0 0 -1 
2 0 2 0 4 0 3 0 3 0 3 0 
5 1 0 1 0 0 1 0 5 1 1 1 
Language_24
6
0
1 
a b c d e 
2 0 0 0 5 1 4 1 3 0 2 0 
0 1 4 -1 1 1 3 0 5 0 5 -1 
2 0 1 1 0 0 5 0 0 1 3 0 
0 1 0 1 3 1 4 0 2 0 4 -1 
0 0 0 1 3 0 0 0 0 1 3 1 
3 -1 4 -1 0 0 5 0 4 1 3 1 
3 1 4 0 1 1 4 0 5 0 2 0 
2 -1 2 -1 2 -1 2 -1 5 -1 3 -1 
1 0 3 1 0 1 1 1 1 1 2 1 
1 1 3 -1 0 1 0 -1 5 0 5 1 
Language_25
6
0
2 4 5 
a b c d e 
5 0 5 1 5 1 4 0 4 0 4 1 
5 -1 4 0 5 1 2 -1 4 0 1 -1 
3 0 2 0 4 1 3 0 3 1 2 1 
4 -1 1 -1 2 0 5 -1 0 0 1 -1 
5 1 5 1 0 1 3 0 0 1 3 1 
3 0 1 1 5 0 5 1 0 -1 1 0 
3 0 2 1 2 0 2 0 1 1 5 0 
5 0 4 -1 4 -1 1 1 1 -1 1 1 
1 1 1 1 2 1 3 0 3 0 5 0 
4 -1 1 0 4 1 5 1 0 -1 4 0 
Language_26
6
0
0 3 4 
a b c d e 
5 1 4 0 1 0 0 1 2 1 0 0 
5 -1 3 0 1 -1 1 -1 5 1 4 -1 
3 1 4 0 5 0 0 1 4 0 5 0 
4 -1 1 1 3 0 1 0 5 -1 2 -1 
1 1 3 0 1 1 5 1 4 1 2 0 
4 0 2 0 3 0 5 1 1 0 1 0 
2 0 3 1 0 1 4 1 1 1 3 0 
4 1 1 0 4 1 2 1 5 -1 5 0 
4 1 4 1 3 1 1 0 5 1 4 1 
0 0 1 0 1 -1 5 1 4 1 2 1 
Language_27
6
0
0 1 2 
a b c d e 
1 0 5 1 1 0 2 1 3 0 0 1 
3 1 4 0 5 -1 1 -1 3 0 2 0 
2 0 4 1 2 0 4 0 1 1 2 1 
3 1 3 0 3 1 4 0 2 -1 4 0 
4 1 1 1 1 0 4 0 5 0 5 0 
2 -1 0 0 5 0 3 -1 1 1 3 1 
1 0 1 1 0 1 3 1 2 1 5 0 
1 -1 0 -1 2 -1 1 1 1 -1 3 0 
1 1 1 1 1 1 2 1 0 0 4 0 
5 1 0 -1 1 0 0 0 2 1 1 0 
Language_28
6
0
1 2 5 
a b c d e 
0 1 2 0 0 0 4 0 5 0 4 1 
0 -1 1 -1 3 -1 2 1 3 0 2 -1 
0 0 5 1 2 1 4 0 4 0 4 0 
2 0 1 -1 2 0 5 -1 4 -1 1 -1 
5 0 2 0 4 1 3 0 5 0 0 1 
2 0 4 1 2 -1 0 0 5 1 2 -1 
2 1 3 1 2 1 3 1 2 1 1 1 
3 -1 1 -1 1 0 1 -1 2 0 0 -1 
0 0 5 0 3 0 0 0 5 0 0 0 
3 1 3 0 0 0 2 1 0 0 4 -1 
Language_29
6
0
2 3 4 
a b c d e 
3 0 2 1 4 1 4 0 2 0 0 0 
3 0 0 -1 4 0 5 0 1 0 3 -1 
1 0 4 1 3 0 0 1 4 0 5 0 
0 0 1 1 5 -1 2 0 4 -1 2 -1 
5 0 2 1 5 1 5 0 5 0 2 1 
0 1 0 0 4 0 2 0 1 1 2 1 
4 1 3 0 4 1 5 0 1 1 2 0 
1 1 1 0 1 0 3 -1 3 1 3 0 
1 0 5 0 1 0 3 0 2 0 5 0 
1 1 5 -1 0 0 5 0 4 -1 5 0 
Language_30
6
0
1 3 
a b c d e 
5 0 3 0 2 0 3 0 3 1 1 1 
0 0 4 -1 2 0 5 0 2 0 3 1 
4 0 5 0 2 0 5 0 1 0 0 0 
5 1 0 0 3 -1 1 0 4 -1 1 -1 
3 0 2 0 4 1 3 1 0 0 5 0 
0 1 2 -1 0 -1 4 -1 2 0 1 0 
3 0 4 1 5 0 5 0 5 1 4 1 
4 1 0 0 1 -1 4 1 3 0 4 1 
3 0 1 1 0 1 1 0 0 0 0 0 
0 0 2 1 3 1 5 0 1 1 1 1 
Language_31
6
0
0 1 4 5 
a b c d e 
0 1 1 0 0 0 0 1 3 0 1 1 
2 1 3 0 5 -1 0 0 1 -1 5 0 
5 0 2 0 4 1 2 0 1 1 3 0 
4 0 3 -1 0 1 0 -1 2 0 4 -1 
0 1 3 1 5 0 2 0 5 1 4 0 
4 0 0 0 5 1 5 0 2 1 0 -1 
4 1 1 0 4 1 2 0 0 0 1 0 
3 0 4 -1 0 1 1 1 5 1 0 1 
3 1 1 1 1 1 2 0 4 0 2 0 
1 0 3 -1 4 -1 2 0 3 -1 0 -1 
Language_32
6
0
0 2 
a b c d e 
2 1 5 1 1 0 1 1 3 1 0 1 
1 1 1 1 0 1 3 -1 2 -1 2 1 
1 1 3 0 5 0 4 0 1 1 3 0 
5 -1 5 1 1 0 1 0 3 0 1 -1 
0 1 1 0 0 1 3 1 1 1 0 0 
1 -1 4 -1 2 1 3 1 3 1 1 1 
0 0 0 0 2 1 4 0 0 1 5 1 
2 -1 4 -1 5 0 1 -1 3 -1 2 -1 
1 1 4 1 0 0 5 0 5 1 2 1 
5 0 5 -1 1 1 2 1 1 0 5 0 
Language_33
6
0
0 5 
a b c d e 
1 0 0 0 4 1 1 0 3 1 4 1 
4 -1 0 -1 2 1 1 1 4 -1 2 1 
5 0 5 1 1 1 5 1 4 0 3 1 
1 1 5 1 1 1 1 0 5 1 4 0 
3 0 5 0 2 0 2 0 1 0 3 1 
5 -1 4 1 4 0 0 0 2 1 0 0 
2 1 0 1 5 0 3 0 4 0 2 0 
0 0 0 1 3 -1 4 1 3 -1 2 -1 
1 0 0 0 1 0 4 0 5 1 5 0 
2 1 3 -1 4 1 5 1 0 -1 2 1 
Language_34
6
0
2 3 
a b c d e 
2 0 4 1 0 0 5 0 0 0 2 0 
3 -1 5 0 1 0 4 0 4 1 4 1 
0 0 2 0 3 0 5 1 1 0 1 1 
5 1 2 -1 3 1 0 1 2 -1 5 0 
4 1 1 0 0 1 3 1 0 1 5 1 
1 1 2 -1 0 1 4 -1 5 -1 2 1 
3 0 1 1 0 0 0 1 5 1 2 1 
1 -1 3 -1 3 -1 1 0 3 1 2 -1 
3 1 4 0 2 1 2 0 5 0 2 0 
1 -1 5 -1 4 -1 1 -1 4 -1 3 1 
Language_35
6
0
1 2 5 
a b c d e 
2 1 2 1 1 0 3 1 4 1 2 1 
3 0 0 1 5 -1 2 1 4 0 4 1 
2 1 3 0 2 1 0 0 3 0 5 1 
3 0 5 1 3 -1 4 0 0 1 5 -1 
2 1 0 1 3 0 3 0 1 1 0 0 
3 0 3 0 0 -1 0 0 5 0 2 -1 
1 0 4 0 3 0 5 0 1 0 4 0 
1 0 1 0 4 0 5 0 5 -1 2 0 
5 1 1 0 1 1 4 0 1 0 0 1 
0 0 5 0 1 0 4 0 0 -1 2 0 
Language_36
6
0
1 4 
a b c d e 
4 1 2 0 4 0 1 0 0 1 1 1 
4 -1 4 0 2 1 1 1 1 -1 1 0 
1 1 1 0 2 1 4 1 4 1 2 1 
1 0 3 1 4 1 3 -1 5 0 4 1 
3 1 5 0 0 1 1 1 0 0 3 0 
1 0 4 -1 3 0 1 0 0 1 5 -1 
3 0 5 0 2 0 4 0 5 1 1 1 
5 -1 2 0 5 0 4 -1 5 1 5 -1 
1 1 2 0 2 1 2 0 4 1 1 0 
3 1 2 0 4 1 4 1 1 1 1 -1 
Language_37
6
0
0 5 
a b c d e 
1 0 4 0 4 0 4 0 4 1 5 1 
2 -1 2 -1 5 0 1 -1 5 -1 3 1 
2 1 1 0 0 1 1 1 4 0 5 1 
0 -1 2 1 3 1 0 1 3 1 2 0 
1 1 0 0 1 1 5 0 5 1 4 1 
0 1 5 0 3 -1 5 1 5 1 3 1 
2 1 3 0 0 0 0 1 2 0 4 0 
3 1 2 -1 3 0 0 -1 2 1 0 1 
3 0 4 0 4 1 2 0 5 1 5 0 
5 0 4 -1 1 1 0 -1 0 -1 1 -1 
Language_38
6
0
0 2 5 
a b c d e 
5 0 1 0 0 1 2 0 0 0 0 0 
0 -1 5 1 4 -1 4 1 0 -1 4 -1 
3 1 0 1 1 1 4 0 3 1 1 0 
1 -1 0 -1 3 1 1 1 1 0 4 0 
3 0 2 1 0 1 5 1 4 0 5 1 
3 1 2 1 5 0 2 1 5 -1 1 1 
3 0 5 0 1 0 0 0 2 1 5 1 
5 -1 4 0 3 -1 0 -1 0 -1 2 1 
1 1 4 0 4 0 0 0 2 1 5 0 
2 0 0 -1 5 -1 0 0 4 1 1 0 
Language_39
6
0
0 1 3 
a b c d e 
1 0 3 1 0 1 3 1 2 1 4 1 
3 0 5 1 0 1 5 1 4 0 1 1 
5 1 4 1 3 0 2 0 0 1 1 1 
1 0 4 -1 2 0 1 0 3 0 5 0 
5 1 3 0 1 0 2 1 2 1 0 1 
5 1 3 1 2 1 3 1 4 1 4 -1 
1 0 1 0 2 1 0 0 2 1 1 0 
1 -1 2 0 5 1 1 1 2 -1 4 1 
0 1 2 1 5 1 1 1 1 1 5 0 
5 0 1 1 5 -1 1 -1 1 0 0 0 
Language_40
6
0
0 1 3 4 
a b c d e 
3 1 2 1 2 1 5 1 4 1 2 1 
0 -1 3 0 1 0 2 1 5 1 2 0 
2 1 3 0 3 0 1 1 4 1 3 1 
3 1 1 0 0 -1 2 1 4 -1 0 -1 
5 0 5 0 5 1 0 1 0 0 2 0 
5 1 4 0 3 1 1 1 1 1 1 1 
4 0 5 1 0 0 0 0 2 0 3 0 
4 1 2 1 4 -1 4 0 3 -1 2 -1 
4 0 1 1 2 1 3 0 2 1 3 1 
2 0 1 1 0 0 0 0 0 -1 5 0 
Language_41
6
0
1 
a b c d e 
5 0 5 0 4 1 4 1 2 0 0 1 
2 0 4 -1 2 0 1 0 1 -1 3 -1 
0 0 2 1 4 1 0 1 2 1 0 1 
0 0 1 0 3 -1 5 -1 0 -1 1 0 
0 1 5 1 3 1 4 0 3 1 3 0 
1 -1 4 -1 2 -1 1 1 5 -1 1 0 
3 1 0 0 0 0 4 0 5 1 0 1 
2 1 4 0 5 -1 3 0 0 0 4 1 
5 0 4 0 3 1 1 0 5 0 1 1 
3 -1 4 -1 1 0 1 1 3 -1 3 -1 
Language_42
6
0
3 4 
a b c d e 
2 0 1 0 0 1 4 1 4 1 0 1 
1 -1 4 1 4 0 2 0 3 -1 1 0 
1 0 3 0 0 0 2 0 3 1 4 1 
5 1 2 -1 4 0 5 0 5 0 1 -1 
3 1 3 1 4 1 1 0 2 0 2 1 
0 0 1 -1 5 1 0 -1 1 1 3 1 
1 0 2 1 5 0 0 0 5 1 5 1 
4 0 3 1 1 0 1 -1 0 1 2 0 
3 0 1 1 0 0 4 1 5 1 2 0 
0 -1 5 -1 0 1 3 1 5 -1 5 -1 
Language_43
6
0
0 1 4 
a b c d e 
2 0 0 0 4 1 5 0 0 0 1 0 
5 1 2 -1 4 1 1 -1 3 1 5 -1 
5 1 5 0 4 0 4 1 3 0 0 1 
4 0 2 0 5 -1 3 1 1 0 4 -1 
1 1 0 1 3 1 1 0 4 1 2 1 
2 1 3 0 1 0 3 0 2 0 2 0 
2 0 3 0 4 1 1 1 1 1 1 1 
2 -1 2 -1 1 -1 3 0 3 -1 1 -1 
1 0 2 0 0 0 1 1 3 0 0 0 
1 1 4 0 2 -1 1 -1 0 -1 3 0 
Language_44
6
0
0 1 5 
a b c d e 
1 0 5 0 4 1 4 1 2 1 0 0 
3 0 4 0 2 -1 0 -1 0 1 4 1 
2 0 0 0 5 0 2 0 1 1 5 0 
1 -1 0 1 3 -1 1 1 1 1 1 1 
2 1 2 0 3 1 1 1 2 0 0 0 
5 -1 4 1 0 1 1 1 2 -1 0 0 
4 0 1 1 4 1 1 1 1 0 2 1 
1 0 5 0 4 1 2 -1 3 0 4 0 
2 1 1 1 0 1 4 1 4 1 1 1 
2 1 2 0 3 0 5 -1 5 0 2 0 
Language_45
6
0
1 3 4 5 
a b c d e 
5 1 1 0 1 0 2 0 3 1 5 0 
4 1 2 1 5 1 0 -1 1 1 0 1 
5 1 2 0 1 0 3 0 3 0 3 0 
2 -1 5 1 1 1 0 -1 2 -1 0 1 
4 0 5 0 5 1 0 1 3 0 1 1 
4 -1 4 -1 4 1 3 -1 0 1 5 -1 
0 1 4 1 1 0 5 0 3 1 3 1 
1 1 3 1 2 1 2 1 2 1 4 0 
5 1 5 1 2 1 3 1 3 1 0 0 
3 1 0 1 2 1 1 1 3 1 3 -1 
Language_46
6
0
2 3 5 
a b c d e 
2 1 4 1 5 1 5 1 0 1 2 1 
1 -1 3 0 5 -1 1 0 5 1 4 -1 
0 0 4 1 0 1 1 1 2 1 5 1 
3 0 4 -1 1 -1 1 1 2 -1 1 1 
5 0 5 0 2 1 0 1 5 0 2 0 
2 1 1 -1 3 1 4 -1 2 1 5 -1 
2 1 2 0 5 1 4 1 3 1 4 0 
1 -1 4 -1 5 -1 4 1 1 0 3 0 
5 1 0 0 0 1 1 1 4 0 4 1 
5 0 1 -1 3 0 4 -1 4 0 1 -1 
Language_47
6
0
0 1 3 
a b c d e 
3 1 4 0 4 0 5 1 1 1 1 1 
5 -1 5 0 0 0 2 -1 5 -1 4 0 
3 0 1 1 3 1 2 0 0 0 3 0 
5 -1 3 0 4 1 5 0 3 0 1 0 
3 1 2 0 5 1 0 0 5 0 0 1 
0 1 5 0 1 1 4 -1 3 -1 2 0 
3 1 0 1 4 0 1 1 3 0 0 1 
2 0 4 0 2 0 4 -1 4 1 0 1 
2 0 2 0 0 0 5 0 3 0 4 0 
1 -1 1 1 1 -1 1 0 2 0 1 1 
Language_48
6
0
0 2 3 
a b c d e 
2 1 4 1 3 0 5 0 0 0 2 0 
3 -1 3 -1 4 1 5 -1 1 0 0 -1 
0 0 0 0 1 1 3 1 2 1 1 1 
0 1 0 1 3 1 5 1 3 1 4 1 
1 1 0 0 4 1 4 0 0 1 1 0 
2 0 3 -1 3 1 2 -1 4 -1 4 1 
5 1 3 1 2 0 3 1 0 1 2 0 
0 1 0 0 2 1 2 0 2 1 5 -1 
0 1 1 1 2 1 5 0 3 1 2 1 
3 -1 4 -1 5 1 5 1 0 1 0 1 
Language_49
6
0
0 1 2 3 5 
a b c d e 
4 1 5 1 0 1 0 1 4 1 0 1 
5 -1 5 0 5 0 4 1 0 1 3 0 
0 0 4 0 3 1 0 0 5 1 2 1 
4 -1 2 -1 5 -1 1 -1 0 1 0 1 
4 0 3 0 3 1 2 0 4 0 0 0 
1 1 2 0 2 1 5 -1 2 0 4 -1 
3 0 2 0 2 0 2 1 1 1 1 0 
1 0 1 0 1 -1 3 -1 0 0 3 1 
4 0 2 0 3 1 4 1 2 0 1 1 
1 1 1 1 0 1 4 1 1 0 1 1 
Language_50
6
0
5 
a b c d e 
0 1 2 0 4 1 3 1 2 1 1 0 
1 1 2 1 2 -1 3 0 4 -1 1 1 
2 0 4 0 4 0 2 1 1 0 4 0 
0 0 4 -1 1 1 1 -1 2 0 3 0 
1 1 5 1 0 0 1 0 4 0 2 0 
1 0 0 1 2 0 1 -1 4 0 5 -1 
1 0 5 0 2 0 5 1 5 1 2 1 
4 1 2 0 5 -1 5 0 2 -1 5 1 
1 0 2 1 4 1 3 1 0 0 2 1 
3 0 4 0 5 0 5 0 2 0 5 0 
Language_51
6
0
4 5 
a b c d e 
1 1 3 0 0 0 3 0 2 1 4 1 
2 -1 5 0 2 -1 5 -1 1 0 0 0 
0 0 4 0 4 1 4 0 1 1 5 0 
1 1 1 -1 3 -1 3 -1 2 1 4 0 
3 0 3 0 5 1 2 1 3 0 4 0 
1 0 2 -1 3 0 4 1 0 1 2 0 
2 0 5 1 3 0 5 1 3 0 4 1 
5 0 2 1 0 1 4 1 1 1 0 1 
4 1 5 1 3 0 2 1 0 0 2 1 
1 -1 0 1 3 1 3 1 3 1 4 0 
Language_52
6
0
2 3 
a b c d e 
1 0 0 1 2 1 4 1 3 0 1 1 
2 -1 5 1 0 0 4 0 3 0 3 0 
2 1 2 1 0 0 0 1 1 1 5 1 
4 0 2 1 2 0 4 -1 1 1 4 -1 
1 1 2 1 1 0 0 0 4 1 5 0 
2 -1 4 -1 1 1 2 -1 2 0 0 1 
0 1 2 0 1 0 4 1 3 0 1 0 
2 0 2 0 5 1 3 1 1 0 4 1 
1 1 4 1 2 0 1 0 2 0 4 0 
5 0 5 -1 1 0 3 -1 3 0 2 -1 
Language_53
6
0
1 
a b c d e 
4 1 1 1 3 0 2 0 5 1 2 1 
4 -1 4 0 4 1 3 1 0 0 2 1 
2 1 2 0 4 1 3 1 5 0 3 1 
3 -1 0 -1 1 0 1 0 3 0 0 0 
5 1 4 0 4 0 1 1 3 1 0 1 
3 0 4 -1 3 1 5 0 1 0 5 1 
5 1 2 1 3 0 5 0 2 0 1 0 
4 -1 3 1 2 0 2 -1 0 -1 2 0 
1 1 2 1 3 1 2 0 0 1 5 1 
4 1 4 -1 4 -1 1 -1 1 0 4 -1 
Language_54
6
0
0 1 2 4 5 
a b c d e 
4 1 3 0 3 0 1 0 5 1 3 1 
2 -1 2 -1 5 1 0 0 3 0 0 -1 
2 0 5 1 5 1 4 1 5 1 1 0 
5 1 2 1 1 -1 4 0 4 0 2 -1 
2 0 3 1 3 0 5 1 2 0 3 1 
3 1 0 0 5 0 2 0 2 0 4 0 
5 1 4 1 2 1 5 1 2 1 5 1 
5 0 2 -1 0 1 0 -1 2 0 2 1 
3 1 3 0 0 1 3 0 3 0 4 0 
3 1 1 1 2 -1 1 -1 4 -1 1 -1 
Language_55
6
0
0 1 
a b c d e 
0 1 4 0 1 1 1 0 5 1 4 0 
5 -1 3 1 2 1 0 1 3 0 0 -1 
2 0 1 1 0 1 5 0 5 1 5 1 
4 0 0 0 2 1 3 -1 3 0 3 1 
5 1 0 0 0 1 3 1 1 1 2 1 
1 -1 2 0 4 -1 5 -1 3 0 4 0 
1 1 5 0 1 0 3 0 4 0 4 0 
1 -1 2 -1 2 1 5 1 0 -1 3 -1 
4 0 0 0 5 0 1 1 3 0 3 0 
0 0 4 1 5 -1 2 -1 4 -1 3 1 
Language_56
6
0
1 2 3 5 
a b c d e 
2 0 1 0 1 0 5 0 4 1 5 0 
0 0 3 1 2 -1 1 -1 2 -1 3 1 
2 0 1 1 5 1 2 0 3 0 2 0 
0 0 5 0 0 0 1 1 3 -1 5 -1 
1 0 1 0 4 0 5 0 3 0 0 0 
2 0 3 0 4 0 1 1 0 -1 4 1 
0 0 0 0 5 0 0 1 2 0 1 1 
1 1 4 -1 3 -1 3 -1 1 -1 4 0 
5 0 2 1 1 0 4 1 4 0 4 1 
5 0 0 0 0 0 5 -1 1 0 3 -1 
Language_57
6
0
2 4 
a b c d e 
4 1 4 0 4 0 3 1 3 1 0 0 
1 -1 1 -1 0 0 4 1 5 0 2 -1 
3 0 2 0 2 0 4 0 0 0 5 0 
0 1 1 1 0 0 1 0 2 1 2 -1 
1 1 0 1 4 0 1 1 4 0 0 1 
1 1 3 1 0 0 0 -1 3 1 4 -1 
2 1 0 1 4 1 1 0 1 1 4 0 
2 -1 1 -1 5 0 0 1 1 1 0 1 
4 0 2 1 2 0 4 0 1 0 1 1 
0 0 0 1 5 1 4 0 1 1 0 -1 
Language_58
6
0
1 3 5 
a b c d e 
5 1 2 0 3 0 2 1 1 1 0 1 
5 -1 3 -1 4 -1 0 0 5 -1 1 0 
4 1 1 0 3 1 3 1 4 0 2 0 
1 1 3 0 3 1 0 -1 5 1 5 1 
1 1 5 1 4 0 5 1 5 1 2 1 
5 0 4 -1 2 -1 0 -1 3 -1 2 0 
3 1 2 1 4 1 4 0 5 1 1 1 
1 0 0 1 5 0 1 0 2 -1 4 1 
0 1 2 1 4 0 1 1 0 1 3 0 
2 1 1 1 1 -1 2 -1 3 1 4 1 
Language_59
6
0
0 2 3 5 
a b c d e 
3 1 2 1 2 0 1 0 1 1 4 1 
2 -1 5 1 3 0 1 0 5 1 0 0 
2 1 1 1 4 1 2 0 3 1 1 0 
4 -1 5 0 0 1 5 -1 1 1 1 0 
0 1 0 0 1 0 1 0 3 1 1 0 
0 0 3 0 4 -1 1 -1 3 0 4 1 
4 0 5 0 5 0 0 0 2 1 0 1 
4 1 3 1 3 1 4 0 3 -1 4 0 
1 0 3 1 0 1 2 1 4 0 0 0 
1 -1 1 -1 3 0 3 -1 2 0 3 0 
Language_60
6
0
0 5 
a b c d e 
3 0 3 0 2 0 3 1 2 0 2 1 
1 -1 5 0 5 1 1 0 5 0 5 0 
4 0 2 0 4 0 4 0 3 1 3 1 
3 1 0 0 4 -1 2 -1 4 1 3 -1 
4 0 4 0 4 0 5 0 4 1 0 0 
2 -1 0 -1 5 0 1 1 3 -1 3 -1 
0 1 1 1 2 1 0 1 3 0 4 1 
0 1 0 -1 4 0 4 1 2 0 2 1 
2 0 1 1 5 0 1 1 1 0 0 1 
1 0 3 0 5 1 5 -1 5 1 5 0 
Language_61
6
0
0 2 
a b c d e 
4 0 3 0 2 1 4 1 0 1 1 1 
0 1 0 1 0 -1 3 0 3 1 4 1 
4 0 1 1 3 1 4 0 5 1 1 0 
1 -1 1 0 1 -1 4 -1 0 1 4 1 
3 0 1 1 2 1 5 0 4 0 4 0 
1 0 1 1 3 0 2 -1 1 1 2 -1 
1 0 5 1 2 1 3 1 1 0 3 0 
3 -1 2 -1 4 1 3 0 2 -1 1 -1 
0 0 4 1 1 0 5 0 1 0 5 0 
5 -1 1 0 0 -1 3 1 5 0 5 0 
Language_62
6
0
0 1 2 3 5 
a b c d e 
0 1 0 1 2 0 1 1 1 0 2 0 
1 -1 0 1 1 0 2 1 3 0 2 1 
2 1 5 1 5 0 4 0 3 1 4 1 
3 0 3 1 5 -1 2 1 4 0 1 0 
2 0 5 1 1 0 5 0 4 0 3 0 
5 -1 3 1 1 0 1 -1 3 -1 1 -1 
4 1 5 0 5 1 3 0 2 1 5 1 
1 1 2 -1 2 -1 2 0 4 1 0 -1 
2 1 5 1 0 1 4 1 1 0 2 0 
0 -1 1 1 3 -1 0 1 5 1 5 -1 
Language_63
6
0
2 3 4 5 
a b c d e 
0 0 0 0 3 0 0 1 5 0 0 1 
5 1 3 0 0 -1 2 1 1 1 0 1 
3 0 4 1 5 0 4 1 0 1 1 0 
1 1 5 1 0 1 0 -1 3 -1 1 1 
3 1 1 1 3 1 2 1 5 1 3 1 
5 0 2 0 5 -1 3 -1 1 -1 5 1 
4 0 3 1 3 1 3 1 1 1 5 0 
1 0 0 0 4 -1 5 1 1 -1 1 0 
1 1 2 1 3 0 0 0 4 1 2 1 
5 1 2 0 1 -1 4 0 4 -1 3 0 
Language_64
6
0
0 2 4 
a b c d e 
5 0 5 1 3 1 5 0 3 0 4 0 
3 -1 4 1 5 1 2 0 5 1 5 1 
0 1 1 1 0 0 5 0 1 1 2 1 
3 -1 3 0 1 0 3 0 4 -1 5 0 
3 1 4 0 1 1 5 1 4 1 2 1 
4 1 0 1 5 -1 0 0 3 0 5 1 
0 1 2 0 4 0 1 1 4 0 4 1 
3 1 1 0 2 1 1 -1 3 1 1 0 
3 0 4 1 2 0 2 1 0 1 2 1 
2 0 3 0 1 0 0 0 5 -1 2 -1 
Language_65
6
0
0 1 2 4 5 
a b c d e 
5 1 5 0 1 1 4 0 4 1 2 0 
4 -1 0 0 0 1 4 1 2 0 1 0 
0 0 1 1 0 1 3 0 5 1 0 0 
4 0 0 0 1 1 1 0 4 0 3 0 
0 0 4 0 3 1 5 0 2 0 1 0 
5 -1 3 1 5 1 0 0 5 -1 1 0 
2 1 5 1 4 1 0 1 4 0 3 1 
3 0 4 1 4 -1 4 -1 5 1 1 0 
5 1 0 0 1 1 4 0 5 0 1 1 
4 1 0 -1 2 1 1 -1 1 1 0 0 
Language_66
6
0
1 3 
a b c d e 
4 0 2 0 3 1 2 1 3 1 3 0 
0 -1 4 1 0 1 0 0 3 -1 1 -1 
3 0 3 0 0 0 5 1 3 1 0 1 
4 0 0 0 1 1 1 1 5 -1 5 -1 
0 0 4 0 5 0 3 1 1 0 5 1 
0 0 3 -1 3 0 3 0 3 1 2 -1 
5 1 0 1 3 1 4 0 2 0 4 0 
3 -1 1 -1 3 1 5 0 5 1 5 1 
4 0 0 1 2 0 3 0 5 1 2 1 
3 0 2 -1 2 0 3 1 0 0 4 -1 
Language_67
6
0
1 4 5 
a b c d e 
3 1 3 0 0 0 5 0 3 0 0 1 
4 0 2 -1 4 0 4 1 2 0 3 -1 
2 1 5 1 0 1 1 1 0 1 4 0 
5 1 0 1 3 0 2 -1 5 0 0 1 
0 0 3 1 4 0 3 0 5 0 4 0 
3 0 0 1 0 1 2 0 1 0 4 -1 
4 1 3 1 3 0 2 0 2 1 2 1 
1 1 5 1 0 0 0 1 2 1 2 -1 
5 1 4 0 4 0 3 0 3 1 5 0 
2 0 3 0 4 -1 2 1 1 0 2 1 
Language_68
6
0
0 1 3 
a b c d e 
1 0 0 0 3 0 2 0 2 0 1 1 
5 0 0 0 5 -1 2 1 1 1 0 1 
5 1 4 0 5 1 2 0 4 0 0 0 
2 0 5 -1 0 -1 1 0 5 0 0 -1 
1 1 0 1 5 1 0 1 4 0 2 1 
4 1 5 0 3 -1 2 -1 1 -1 4 1 
2 0 1 0 3 1 1 0 2 0 3 1 
1 1 2 1 3 -1 0 1 1 -1 0 0 
1 0 4 1 0 1 1 1 2 1 3 1 
2 -1 0 -1 2 -1 0 0 5 0 3 -1 
Language_69
6
0
1 3 5 
a b c d e 
1 0 0 0 5 1 3 0 2 0 4 0 
2 0 4 1 3 1 2 0 2 0 4 -1 
0 0 4 1 4 0 5 1 3 1 0 1 
4 0 0 -1 1 1 3 1 5 -1 3 0 
4 1 1 0 1 0 2 1 1 1 1 1 
4 -1 2 1 4 1 0 -1 0 0 0 -1 
2 0 1 0 0 0 3 1 1 0 4 0 
0 -1 3 1 2 -1 5 1 2 1 2 0 
5 1 3 0 0 1 5 1 3 1 1 1 
5 1 1 1 2 1 1 1 2 0 0 1 
Language_70
6
0
0 2 4 
a b c d e 
5 0 5 0 1 1 0 1 3 1 2 1 
3 0 0 1 3 1 2 0 3 -1 4 1 
3 1 1 1 3 0 3 0 2 1 3 1 
5 0 4 -1 1 -1 4 0 1 0 0 -1 
2 0 2 0 3 1 1 1 2 1 5 0 
3 0 2 -1 0 -1 3 1 3 0 3 -1 
3 1 3 0 0 1 2 0 5 0 5 0 
2 -1 4 0 3 -1 3 1 1 -1 3 -1 
1 0 5 0 0 0 5 1 3 1 3 0 
3 1 2 -1 1 -1 0 0 4 -1 5 0 
Language_71
6
0
2 5 
a b c d e 
1 0 4 1 0 0 5 1 2 1 1 0 
5 1 2 1 2 0 5 1 1 -1 5 0 
3 1 2 1 3 1 5 0 1 1 3 1 
5 0 3 0 0 -1 2 0 0 -1 4 -1 
3 1 0 0 5 0 3 1 0 0 0 1 
2 0 0 -1 2 0 4 -1 0 0 0 -1 
3 1 1 0 3 1 0 1 4 1 1 1 
3 1 4 -1 4 -1 2 1 0 0 4 1 
5 0 4 1 5 0 2 0 5 0 1 1 
2 -1 5 -1 0 0 3 -1 5 1 1 -1 
Language_72
6
0
2 
a b c d e 
4 1 3 0 4 0 4 1 0 1 4 1 
0 1 1 1 3 -1 5 -1 4 -1 4 0 
2 1 3 0 0 0 1 1 5 0 5 0 
3 0 0 0 4 0 4 0 4 1 3 0 
1 0 2 1 4 1 3 0 5 1 5 0 
4 0 4 1 5 1 1 0 3 0 2 1 
4 1 1 0 1 1 1 0 1 1 5 1 
5 1 5 1 4 1 2 -1 1 -1 5 1 
1 0 3 1 1 0 1 1 1 1 1 0 
4 0 5 -1 0 0 3 -1 0 0 3 1 
Language_73
6
0
0 
a b c d e 
0 1 3 1 3 0 0 1 1 1 3 1 
1 0 2 0 2 0 3 1 1 1 1 0 
5 0 4 1 0 0 1 0 5 0 1 0 
1 -1 0 1 4 1 1 0 3 1 2 -1 
0 0 1 0 0 1 3 1 2 0 3 1 
2 -1 4 -1 3 -1 1 1 3 0 3 -1 
0 0 4 0 5 0 4 0 2 0 4 0 
2 0 3 1 0 1 0 -1 3 0 3 -1 
3 0 1 0 1 0 0 0 4 1 3 1 
3 0 3 1 0 -1 2 -1 4 1 1 -1 
Language_74
6
0
0 2 3 5 
a b c d e 
0 0 0 1 4 0 3 0 3 0 4 0 
5 -1 0 0 4 1 4 1 5 1 4 -1 
1 1 2 1 4 1 5 0 4 0 4 0 
4 -1 0 -1 3 -1 4 1 5 -1 0 1 
2 0 1 0 0 0 0 1 1 1 4 1 
5 0 0 -1 5 1 3 0 0 -1 0 1 
0 1 5 0 5 0 0 1 3 1 0 1 
2 -1 3 1 0 -1 1 1 3 0 0 -1 
1 1 0 0 5 1 1 1 0 1 4 0 
2 1 5 -1 1 1 0 0 1 1 5 1 
Language_75
6
0
4 5 
a b c d e 
1 0 1 0 2 1 3 0 5 0 3 1 
5 1 4 1 4 0 2 1 1 1 3 -1 
1 0 0 0 5 1 1 0 2 0 2 1 
5 -1 5 0 1 -1 3 1 4 -1 1 1 
2 1 1 0 1 1 2 0 1 1 1 1 
2 0 2 1 1 1 4 1 0 -1 2 -1 
1 0 5 0 2 1 4 1 3 0 4 1 
3 -1 2 1 4 0 2 1 5 -1 0 1 
4 0 3 1 1 0 2 1 0 0 4 0 
3 -1 1 1 3 -1 4 -1 2 0 5 0 
Language_76
6
0
0 1 2 3 4 
a b c d e 
0 0 1 0 5 0 3 0 1 0 3 0 
1 1 4 1 0 -1 4 -1 5 0 1 1 
0 0 3 0 2 0 4 0 3 0 5 1 
5 1 0 1 0 -1 2 0 1 0 2 -1 
0 1 5 0 5 0 1 1 1 1 1 1 
5 1 2 1 3 0 0 -1 5 1 2 -1 
2 0 2 1 1 1 1 0 5 0 1 0 
0 1 2 1 3 0 0 -1 1 0 2 -1 
0 0 3 1 5 0 4 0 2 0 1 1 
0 0 0 1 2 0 5 0 3 0 3 1 
Language_77
6
0
0 4 
a b c d e 
4 1 1 0 0 1 2 0 0 0 5 1 
2 0 3 0 0 0 3 0 3 0 5 -1 
4 0 1 1 5 0 2 1 4 0 3 1 
3 -1 0 0 1 0 0 1 2 1 3 1 
0 0 0 0 3 0 0 0 1 1 2 0 
1 1 4 0 0 -1 1 1 0 1 1 -1 
5 0 5 1 0 0 5 1 4 1 5 0 
3 0 1 -1 2 0 1 1 2 1 5 0 
1 0 4 1 5 1 1 1 5 0 3 0 
2 1 2 -1 5 1 4 0 4 -1 3 1 
Language_78
6
0
0 1 
a b c d e 
1 1 3 1 1 1 1 0 4 0 0 1 
4 0 1 0 4 1 2 -1 1 -1 0 0 
0 0 3 0 4 0 3 1 4 1 0 1 
5 1 5 0 0 1 1 -1 5 -1 2 -1 
3 0 3 0 5 0 3 0 4 1 2 0 
5 1 0 0 0 -1 1 -1 5 0 0 -1 
5 1 1 0 3 0 5 1 5 0 4 0 
1 -1 1 0 1 1 1 0 5 -1 5 1 
3 1 5 0 0 1 3 1 4 0 5 0 
5 0 5 1 3 1 5 1 1 1 5 0 
Language_79
6
0
0 2 3 4 
a b c d e 
1 1 5 1 2 1 3 0 5 1 1 1 
1 1 0 1 4 0 4 1 5 0 3 0 
3 0 0 1 1 0 4 0 4 1 3 1 
0 1 5 0 1 -1 3 -1 3 -1 3 0 
5 1 4 0 2 1 5 0 1 1 2 0 
1 0 4 0 2 -1 1 -1 5 1 1 -1 
2 0 0 0 0 1 4 0 1 1 1 1 
3 1 1 1 5 1 5 1 3 1 3 -1 
2 0 4 0 5 1 5 1 4 1 0 0 
0 0 0 1 1 0 2 1 1 -1 4 1 
Language_80
6
0
0 1 3 5 
a b c d e 
5 0 3 0 2 1 5 0 3 0 5 1 
3 1 0 0 2 -1 4 1 0 -1 4 -1 
2 0 2 0 2 1 3 0 1 0 4 1 
1 -1 4 1 3 -1 4 0 1 1 5 1 
2 1 3 1 0 0 4 1 2 0 4 0 
0 1 1 1 2 -1 4 0 5 0 0 0 
1 0 3 1 3 1 5 1 3 0 1 1 
2 0 0 -1 3 1 0 1 4 -1 0 0 
2 1 1 1 2 0 0 0 5 1 5 1 
5 0 3 0 5 0 0 0 5 1 1 0 
Language_81
6
0
0 1 2 4 
a b c d e 
4 0 1 1 0 1 4 1 2 0 0 1 
5 -1 4 -1 5 1 5 1 0 1 1 1 
2 1 5 1 1 0 3 1 1 0 2 1 
4 0 4 0 1 -1 0 1 3 1 2 1 
0 1 3 1 3 0 5 1 3 0 3 1 
0 0 2 1 2 -1 0 0 2 0 1 0 
2 0 3 0 2 1 5 0 3 0 3 1 
2 1 0 0 1 0 5 0 2 1 2 -1 
1 1 3 1 2 0 2 0 0 0 0 0 
2 -1 4 0 3 0 5 -1 4 -1 4 0 
Language_82
6
0
2 4 5 
a b c d e 
4 0 3 0 5 1 5 0 4 0 2 0 
4 1 5 1 3 0 3 0 2 1 1 1 
0 0 3 0 3 0 2 0 0 1 5 1 
2 1 0 0 1 -1 0 -1 2 1 0 1 
5 0 0 0 3 0 4 1 5 0 0 0 
0 -1 0 1 1 0 1 1 3 1 2 0 
0 0 4 0 2 0 1 0 2 1 0 1 
3 1 0 1 2 1 0 1 3 0 0 1 
4 0 4 1 3 1 1 0 4 1 2 1 
3 -1 5 -1 1 0 5 -1 2 0 5 0 
Language_83
6
0
2 3 5 
a b c d e 
3 0 5 1 5 1 1 0 3 0 5 1 
3 0 2 1 4 -1 4 -1 2 0 3 -1 
5 0 0 1 1 0 0 1 0 0 5 1 
0 1 5 0 2 -1 5 -1 2 -1 1 0 
2 0 1 1 0 0 4 0 2 1 4 0 
3 1 0 -1 4 -1 1 0 5 0 1 0 
1 0 5 0 1 1 0 1 4 1 1 1 
3 0 2 -1 4 -1 4 -1 2 1 4 0 
5 1 2 0 0 0 5 1 3 0 0 0 
4 0 0 1 2 -1 4 0 0 0 4 0 
Language_84
6
0
0 2 
a b c d e 
2 1 4 0 5 1 0 1 5 1 1 0 
0 -1 0 -1 1 0 0 -1 3 0 2 -1 
3 0 0 0 4 0 5 1 0 0 2 1 
0 1 4 -1 5 1 2 1 3 1 3 0 
5 0 1 0 0 1 5 0 3 0 0 1 
0 -1 0 -1 5 1 4 0 2 -1 1 0 
5 0 1 1 0 1 0 1 5 0 2 1 
4 -1 3 -1 1 0 0 0 3 -1 4 -1 
3 0 4 1 5 1 2 1 3 1 2 1 
0 -1 2 0 2 -1 2 1 3 0 4 0 
Language_85
6
0
0 1 3 5 
a b c d e 
0 0 1 1 5 0 3 0 2 1 2 0 
4 1 1 0 0 -1 1 -1 0 1 3 -1 
4 1 3 1 0 0 0 0 2 1 1 0 
0 1 3 1 2 0 0 1 4 1 2 1 
2 0 2 0 0 0 4 1 2 0 4 1 
5 1 4 -1 0 -1 4 0 3 -1 0 0 
3 1 0 1 3 0 3 1 3 1 2 0 
2 -1 2 0 2 0 4 1 0 0 4 -1 
4 0 1 1 0 1 5 0 3 1 0 1 
0 0 0 1 0 -1 2 0 0 1 1 -1 
Language_86
6
0
0 2 5 
a b c d e 
3 1 5 0 5 0 4 1 1 0 1 0 
0 0 4 -1 5 -1 2 -1 5 1 3 -1 
3 1 4 1 0 1 2 1 4 1 0 0 
1 0 2 0 5 -1 2 1 5 -1 0 1 
0 1 4 1 5 0 4 0 2 0 3 0 
0 0 4 0 1 1 3 1 3 1 4 0 
5 0 3 1 0 0 2 0 5 1 1 0 
4 0 3 0 4 -1 0 1 0 1 1 -1 
0 0 1 1 4 0 2 0 1 1 3 0 
3 -1 5 -1 3 0 3 0 5 -1 4 0 
Language_87
6
0
2 3 4 5 
a b c d e 
0 1 1 1 4 0 1 1 5 0 1 0 
3 -1 3 -1 3 0 5 1 3 -1 1 0 
3 1 1 1 5 0 3 1 3 0 5 0 
3 0 5 0 3 0 0 0 0 1 5 1 
3 0 5 1 5 0 1 1 1 0 1 1 
4 1 3 -1 2 0 5 -1 2 -1 4 1 
3 0 3 0 4 0 1 1 3 0 2 0 
0 0 3 0 5 -1 1 -1 4 1 2 0 
1 0 4 0 4 1 0 0 5 0 1 1 
3 1 0 0 4 0 1 0 4 0 2 0 
Language_88
6
0
2 3 4 
a b c d e 
4 0 0 0 4 1 2 0 2 1 1 0 
3 0 4 0 0 0 3 1 1 -1 4 0 
0 0 0 1 5 1 2 0 4 1 2 1 
2 0 2 -1 4 0 3 -1 3 -1 0 -1 
2 0 1 0 2 0 1 1 3 0 0 0 
3 1 3 1 1 -1 4 -1 3 1 2 -1 
5 1 2 0 4 1 3 0 2 0 0 0 
3 1 2 1 1 1 4 0 2 1 5 1 
5 1 3 0 1 0 3 0 2 1 0 0 
0 1 2 -1 1 -1 3 0 0 1 4 1 
Language_89
6
0
0 2 
a b c d e 
3 1 0 0 2 1 3 1 1 0 4 0 
0 1 4 0 1 -1 5 1 4 1 4 -1 
1 0 4 0 2 1 2 1 0 1 2 1 
1 0 2 0 5 0 2 1 2 1 3 -1 
5 0 4 0 0 1 0 0 3 0 5 0 
1 1 1 1 4 -1 2 -1 1 1 1 0 
3 1 5 0 4 0 0 0 1 0 3 1 
1 -1 2 1 4 0 3 0 3 0 0 0 
2 1 0 1 2 1 0 1 0 0 5 1 
5 0 5 -1 3 -1 3 1 3 -1 0 1 
Language_90
6
0
0 1 2 4 5 
a b c d e 
2 1 5 0 3 0 0 1 2 1 2 1 
5 0 2 0 0 1 5 1 3 1 1 -1 
3 1 4 0 3 1 2 1 2 0 5 1 
1 -1 5 0 1 1 3 -1 2 1 4 0 
3 0 1 0 3 0 3 1 0 0 0 0 
5 1 4 0 2 0 0 -1 2 1 1 0 
2 1 1 0 2 1 2 1 4 1 2 0 
4 1 1 1 1 1 4 0 0 0 3 0 
1 1 5 1 4 0 4 0 3 0 4 0 
5 0 0 1 4 1 5 0 4 0 2 0 
Language_91
6
0
3 4 5 
a b c d e 
5 1 4 0 3 1 2 0 3 1 2 0 
5 1 0 -1 0 0 1 -1 3 -1 3 -1 
4 0 3 0 0 1 4 0 5 1 2 1 
5 0 2 0 1 0 2 1 1 0 3 1 
1 0 1 1 1 0 4 1 4 0 3 1 
5 0 3 -1 0 1 0 0 3 -1 1 1 
0 1 5 0 2 1 2 1 2 0 1 1 
0 0 1 0 4 0 5 1 0 1 5 -1 
4 1 5 1 2 0 4 0 0 1 5 1 
3 0 4 0 2 0 2 0 1 1 4 -1 
Language_92
6
0
4 5 
a b c d e 
0 0 2 1 5 0 0 0 2 1 3 1 
2 -1 2 0 0 1 2 0 2 -1 1 -1 
5 0 0 1 2 1 5 0 2 0 2 1 
0 1 3 1 4 0 2 -1 1 -1 0 -1 
1 0 0 0 4 0 3 0 5 1 4 1 
3 -1 3 -1 5 0 2 -1 3 1 0 -1 
3 1 3 1 4 0 4 1 3 0 0 0 
5 1 5 -1 5 -1 0 0 1 0 5 0 
5 0 5 0 5 0 5 1 2 0 2 1 
2 0 2 0 5 -1 4 1 4 -1 5 0 
Language_93
6
0
2 3 4 5 
a b c d e 
2 0 2 0 0 0 0 0 3 1 1 0 
0 0 1 0 3 1 0 -1 1 1 1 0 
1 1 4 0 0 1 5 0 3 0 1 0 
5 0 3 0 0 1 0 -1 5 0 3 0 
5 0 0 0 1 0 0 0 2 1 0 1 
3 0 1 1 5 1 2 -1 0 0 3 -1 
4 0 2 0 3 1 3 1 1 1 2 1 
4 1 2 -1 0 -1 4 1 5 0 5 -1 
3 1 4 1 2 1 0 1 1 0 3 1 
2 0 5 1 4 1 4 0 4 -1 4 -1 
Language_94
6
0
0 2 5 
a b c d e 
3 0 4 0 1 1 4 0 1 1 3 1 
5 0 2 0 0 1 3 -1 5 0 0 -1 
5 0 0 0 5 1 3 1 4 0 0 1 
5 1 2 0 3 1 0 -1 3 1 1 0 
3 0 2 1 0 0 3 0 4 1 3 0 
3 1 5 -1 2 1 4 1 3 1 0 0 
5 0 0 0 1 0 1 1 3 1 1 0 
0 -1 5 1 2 1 2 -1 1 1 5 0 
5 1 5 0 5 1 3 0 4 1 3 1 
0 1 1 1 0 0 5 1 5 1 5 0 
Language_95
6
0
0 1 2 3 
a b c d e 
5 1 5 1 2 0 5 0 3 1 4 1 
5 1 0 0 3 1 2 0 0 -1 4 -1 
1 0 5 0 3 1 3 0 1 1 3 0 
0 -1 3 1 4 0 1 0 5 0 3 0 
4 1 5 0 4 1 2 0 2 1 3 1 
0 1 1 0 4 -1 2 0 1 0 5 -1 
2 0 0 0 5 0 2 1 0 0 4 1 
3 1 2 0 5 1 1 0 3 0 4 -1 
0 0 0 1 3 1 5 0 3 1 0 1 
1 -1 1 0 0 1 5 -1 4 0 4 0 
Language_96
6
0
0 5 
a b c d e 
5 0 1 0 3 1 5 1 0 1 1 1 
4 1 3 1 1 0 0 1 2 1 2 0 
4 1 3 0 2 1 4 0 0 0 2 1 
4 -1 1 0 5 1 4 1 3 -1 3 -1 
4 1 5 0 0 1 4 1 5 1 0 1 
0 0 5 1 3 0 5 1 5 1 5 0 
2 1 2 1 1 1 3 0 3 1 1 0 
5 0 0 0 0 1 3 0 1 1 2 0 
3 1 1 0 3 0 5 1 0 0 4 0 
1 1 3 -1 4 1 2 -1 3 1 4 1 
Language_97
6
0
0 1 
a b c d e 
2 0 3 1 1 0 4 1 1 0 3 1 
5 -1 1 1 3 0 1 1 1 1 1 0 
0 1 0 1 0 0 0 1 0 1 5 1 
5 0 2 0 5 1 4 -1 5 0 3 -1 
0 0 2 0 3 0 3 0 2 0 0 0 
5 -1 1 -1 2 1 1 0 2 0 0 -1 
3 1 3 0 2 1 3 1 0 1 4 1 
5 1 3 -1 5 1 5 0 5 0 2 0 
5 0 5 1 1 0 5 1 3 1 5 1 
3 -1 2 -1 3 -1 1 -1 1 -1 2 1 
Language_98
6
0
0 1 2 
a b c d e 
4 0 4 0 0 0 4 0 1 0 5 1 
1 -1 3 -1 5 0 5 1 0 -1 3 1 
2 0 4 0 2 0 5 1 4 0 0 0 
1 0 5 -1 0 -1 5 0 4 1 5 0 
2 1 0 0 2 0 4 1 3 0 0 0 
0 0 0 0 0 -1 3 0 4 -1 1 0 
0 0 1 0 3 1 0 1 2 0 1 1 
4 1 4 1 2 1 4 -1 1 1 0 1 
4 1 0 0 2 1 2 1 3 0 4 1 
4 1 4 0 1 1 3 0 0 -1 5 -1 
Language_99
6
0
5 
a b c d e 
3 1 2 0 0 1 4 0 5 0 3 0 
2 0 0 0 4 -1 4 1 2 1 1 1 
5 0 1 1 5 0 3 0 5 0 0 0 
0 0 4 1 3 1 1 -1 2 0 4 -1 
1 0 1 0 2 1 2 0 2 0 0 0 
0 -1 2 0 1 -1 3 1 4 -1 3 -1 
1 1 1 0 1 0 0 1 5 1 3 0 
3 -1 5 -1 1 -1 3 0 3 1 1 1 
2 1 1 1 0 0 0 1 5 0 4 0 
0 0 3 -1 3 1 1 1 5 0 3 0 
