100
Language_0
11
0
1 6 7 9 
a b c d e 
4 1 6 0 0 0 6 0 6 1 3 0 8 0 5 1 8 0 8 0 5 0 
6 0 7 1 2 1 1 1 1 0 10 0 2 0 7 -1 8 1 10 -1 3 -1 
9 1 1 1 8 0 3 1 0 1 6 0 8 0 7 0 2 1 1 1 5 1 
0 1 7 -1 6 1 9 0 2 -1 0 0 6 0 6 -1 2 0 10 -1 10 -1 
6 0 1 1 10 1 10 1 9 1 6 0 6 0 8 0 3 1 0 0 6 0 
7 1 7 -1 1 -1 3 0 9 0 2 -1 8 -1 8 -1 10 -1 9 -1 9 -1 
9 0 4 0 0 1 7 1 9 1 10 0 6 1 8 1 10 1 10 0 9 1 
3 1 9 0 9 0 9 1 4 -1 8 0 4 1 7 0 8 0 10 1 5 1 
3 0 4 0 3 1 4 1 10 1 4 0 4 0 8 1 9 0 8 1 5 1 
4 1 0 1 3 1 7 -1 10 0 7 0 5 -1 2 -1 6 -1 0 0 5 1 
Language_1
11
0
1 3 6 9 
a b c d e 
2 1 0 1 1 0 4 0 7 0 10 0 3 1 8 1 0 0 8 0 9 1 
3 -1 9 -1 7 1 5 1 4 1 7 0 10 -1 0 -1 3 0 8 1 3 1 
6 1 5 0 4 0 5 1 5 0 4 0 2 0 6 1 4 1 10 1 1 0 
4 0 5 0 10 1 9 -1 4 0 5 -1 10 -1 1 -1 3 0 0 1 5 1 
6 0 10 0 2 0 8 0 5 1 4 1 9 0 3 0 6 1 5 0 4 0 
7 0 3 1 1 -1 2 0 10 -1 10 -1 0 1 0 1 2 -1 9 0 2 0 
1 1 3 1 1 1 7 1 7 0 4 1 1 0 2 1 6 0 0 1 2 0 
2 0 7 -1 10 -1 9 -1 2 -1 7 1 1 0 0 0 7 -1 1 1 3 0 
10 1 0 0 6 1 3 1 9 0 8 0 2 0 0 1 2 0 7 1 7 0 
5 -1 7 0 7 0 0 1 5 1 10 0 0 1 8 0 5 1 10 0 5 -1 
Language_2
11
0
0 1 3 4 6 7 8 9 
a b c d e 
3 0 7 1 8 1 3 0 2 1 9 1 4 1 4 0 0 1 10 0 1 1 
9 0 7 1 7 -1 2 0 4 1 5 -1 2 -1 6 1 9 0 0 0 0 -1 
7 1 9 1 10 0 1 0 3 0 4 0 9 1 9 0 10 0 0 0 6 1 
9 0 4 1 3 0 7 -1 4 -1 2 1 1 -1 7 1 2 0 8 1 10 1 
6 0 6 1 10 1 9 0 5 1 7 0 2 0 10 1 1 1 7 0 10 1 
9 1 4 -1 4 0 3 1 6 1 6 -1 8 0 0 0 7 -1 0 1 6 1 
8 0 6 1 2 1 6 0 10 1 5 0 8 1 8 1 7 1 9 1 2 1 
6 -1 8 0 4 0 8 0 2 1 7 1 2 -1 2 0 1 1 5 0 1 0 
5 1 9 1 5 1 0 0 1 0 1 1 3 1 2 1 0 0 6 0 9 1 
10 -1 8 1 1 1 10 -1 8 0 4 0 1 1 1 1 8 1 9 0 7 1 
Language_3
11
0
0 1 4 7 9 10 
a b c d e 
7 0 9 0 3 1 10 0 3 1 7 1 2 1 6 0 0 0 9 1 5 0 
0 1 9 1 1 0 4 -1 10 1 3 -1 0 -1 6 1 1 -1 7 0 2 1 
8 1 8 1 6 1 6 1 9 0 2 0 8 0 4 0 2 1 9 0 2 0 
5 -1 2 -1 5 0 2 -1 9 1 8 -1 5 -1 8 0 0 0 9 -1 6 1 
0 0 10 0 10 1 5 0 2 0 0 0 4 1 9 1 4 0 2 1 2 0 
6 1 9 1 6 -1 6 0 2 1 7 1 1 -1 1 0 4 1 3 0 6 1 
5 0 9 1 2 0 5 0 5 1 6 0 10 0 7 0 0 1 5 1 4 1 
6 0 3 1 2 1 6 -1 10 1 9 0 7 1 5 1 7 0 7 -1 7 0 
10 0 2 0 4 0 3 0 7 1 2 0 3 0 7 1 8 0 8 0 2 1 
9 -1 0 0 8 0 0 0 4 0 8 -1 0 -1 1 1 2 -1 2 0 9 1 
Language_4
11
0
0 4 5 
a b c d e 
4 0 10 0 0 1 4 1 4 1 4 0 0 0 0 1 2 0 4 1 0 1 
2 -1 0 1 5 -1 0 0 6 -1 8 1 6 0 9 1 1 -1 3 -1 3 1 
2 1 6 1 6 1 4 0 8 0 1 0 7 1 3 1 8 1 10 1 4 1 
6 0 2 -1 9 1 4 0 7 0 2 1 5 1 1 0 7 0 6 1 2 1 
6 1 4 1 2 1 8 1 5 1 8 0 1 1 6 1 5 0 2 1 9 0 
7 -1 5 0 7 1 6 0 3 1 9 0 6 -1 6 -1 1 -1 10 0 1 1 
4 0 3 0 10 1 6 1 3 1 6 1 8 0 9 0 1 1 3 1 0 0 
7 -1 0 -1 9 0 1 0 7 1 1 1 9 0 6 1 0 0 8 -1 9 0 
5 1 0 0 8 0 4 1 6 1 2 1 5 1 9 0 8 1 3 1 4 0 
9 1 1 0 1 1 2 1 3 0 2 1 6 1 8 1 3 1 4 -1 1 -1 
Language_5
11
0
2 6 7 8 
a b c d e 
8 1 10 1 5 1 5 0 0 1 6 1 9 1 0 0 6 1 4 0 6 1 
5 0 0 -1 9 1 0 -1 0 -1 7 -1 2 0 5 1 8 1 9 -1 6 -1 
10 0 1 1 7 0 10 1 4 0 2 0 9 0 8 1 10 0 4 1 3 1 
5 1 0 0 8 -1 6 -1 6 -1 4 0 7 1 6 0 6 0 3 0 6 0 
2 1 1 0 10 1 5 0 2 1 0 0 10 0 5 0 8 0 6 0 7 1 
5 1 5 0 4 -1 5 0 1 1 3 0 1 1 2 -1 1 1 8 0 8 1 
6 0 4 1 3 0 10 0 3 0 6 0 0 0 9 0 1 0 5 0 9 0 
1 0 6 0 9 0 1 0 2 -1 1 -1 4 0 7 1 3 1 0 1 2 -1 
5 1 9 1 6 1 7 0 8 1 5 1 7 1 10 0 2 0 7 0 1 0 
0 0 9 -1 5 1 0 -1 1 1 9 -1 5 0 2 1 10 0 9 1 6 0 
Language_6
11
0
1 2 3 4 5 6 7 8 9 
a b c d e 
3 1 7 1 3 0 5 0 1 1 6 1 1 1 9 0 4 1 8 1 7 0 
5 0 6 -1 0 1 6 -1 5 0 2 -1 9 1 3 -1 1 0 3 -1 4 1 
7 1 9 1 10 1 7 0 10 1 3 1 3 1 0 0 2 0 7 0 5 1 
3 1 0 0 1 0 3 0 1 1 1 -1 5 0 9 0 9 0 6 -1 5 -1 
8 1 0 1 6 1 7 0 0 0 0 0 9 1 1 1 3 0 9 0 1 1 
9 -1 10 1 4 -1 5 -1 4 1 7 1 0 1 6 0 2 -1 2 0 6 0 
4 0 1 0 10 0 3 0 6 0 3 1 9 1 2 0 8 1 10 0 3 0 
5 1 7 1 8 0 3 -1 4 0 10 1 3 0 7 -1 1 1 8 0 10 0 
0 0 8 0 6 1 4 0 6 0 2 0 4 1 4 1 7 1 4 0 8 1 
4 0 7 1 6 1 8 1 8 -1 7 1 0 -1 3 -1 2 1 5 0 0 -1 
Language_7
11
0
1 4 5 6 8 
a b c d e 
1 1 4 1 4 0 7 0 7 0 2 1 2 1 8 1 7 0 9 1 2 0 
2 0 8 1 4 -1 3 0 1 -1 1 -1 1 1 3 0 10 0 2 -1 6 0 
3 1 1 0 5 0 2 0 5 1 2 1 3 0 2 1 7 1 3 1 2 0 
7 0 2 0 10 1 10 -1 8 0 5 1 6 0 0 0 4 1 0 0 0 1 
3 0 9 0 8 0 4 1 5 1 0 1 4 0 8 0 9 1 6 0 10 1 
0 0 0 0 1 -1 5 0 1 0 3 -1 5 0 7 -1 2 1 5 1 3 0 
3 0 3 0 1 0 5 1 0 0 10 1 4 0 9 1 10 0 4 1 6 0 
8 -1 8 -1 4 0 0 0 7 1 1 -1 1 0 6 0 10 1 4 -1 3 0 
2 1 3 1 7 0 3 1 4 1 9 0 2 1 7 0 8 1 1 0 4 1 
8 -1 10 0 0 0 6 -1 3 0 0 -1 6 1 2 1 10 0 1 1 10 -1 
Language_8
11
0
2 4 5 8 10 
a b c d e 
5 1 0 1 9 1 5 1 10 1 8 1 2 0 5 0 10 0 10 1 6 0 
9 -1 7 0 1 0 5 -1 5 0 4 0 9 -1 10 -1 4 1 4 1 6 0 
4 0 7 1 10 0 7 1 1 1 4 1 9 1 9 1 0 0 5 1 4 1 
7 1 2 0 9 -1 0 -1 0 1 9 1 10 -1 4 0 10 0 2 0 10 -1 
4 0 4 1 2 0 3 1 10 0 7 1 9 1 3 0 7 0 10 1 1 0 
8 1 1 -1 0 -1 0 0 2 0 9 1 1 0 7 1 3 1 1 -1 6 0 
9 1 5 0 1 1 0 1 8 0 6 0 5 1 7 0 2 0 9 0 4 1 
2 0 3 1 9 1 7 -1 4 1 4 0 0 0 0 -1 5 -1 8 0 2 -1 
9 0 10 0 1 1 3 0 3 0 9 0 7 0 4 0 1 0 5 0 6 0 
1 1 7 0 2 -1 3 1 2 1 5 -1 0 0 2 0 2 1 10 0 3 1 
Language_9
11
0
2 3 6 7 10 
a b c d e 
6 0 1 1 10 0 4 1 2 0 5 1 8 1 6 0 10 1 10 1 8 0 
4 1 9 1 1 0 1 1 7 -1 0 -1 4 1 3 0 9 -1 3 1 7 1 
10 0 0 0 2 0 10 1 7 1 6 1 2 0 5 1 4 1 0 1 7 1 
5 1 0 0 9 0 8 1 6 -1 0 0 9 -1 9 1 1 -1 2 0 10 0 
10 0 8 0 0 1 4 1 2 0 10 0 5 0 5 0 4 1 9 1 7 1 
1 -1 9 1 10 0 2 1 1 -1 9 0 2 0 9 1 10 -1 8 -1 0 0 
3 0 6 0 0 1 3 0 8 0 5 0 6 0 3 0 0 1 4 1 10 1 
8 -1 6 1 8 1 7 -1 9 -1 2 0 9 0 0 1 8 -1 2 1 4 -1 
7 1 8 0 4 1 4 1 8 1 5 1 6 1 9 1 7 0 0 1 8 1 
0 0 5 1 6 0 1 -1 4 0 10 0 0 1 4 0 2 0 8 1 7 -1 
Language_10
11
0
0 2 7 9 10 
a b c d e 
2 1 6 1 9 1 4 0 9 1 4 1 2 1 8 1 1 1 2 1 5 1 
2 1 4 0 7 0 1 -1 0 0 9 0 3 1 2 1 7 0 5 -1 5 -1 
10 1 10 0 4 0 2 1 6 1 5 1 0 1 6 1 10 0 5 0 7 1 
5 -1 4 0 8 -1 3 0 5 -1 8 1 5 0 10 -1 7 -1 1 1 0 0 
7 0 7 1 3 0 1 0 9 0 5 0 5 1 6 1 8 0 1 0 1 0 
0 1 6 -1 0 -1 7 1 0 1 4 -1 3 1 0 1 0 0 7 -1 0 0 
0 0 3 0 0 1 10 1 8 0 5 1 1 0 6 0 4 1 5 1 8 0 
4 0 4 -1 9 1 2 1 4 -1 0 -1 4 1 0 1 6 -1 4 -1 8 -1 
8 1 7 1 4 1 4 1 2 0 3 0 10 0 4 1 5 0 7 1 2 1 
1 1 4 -1 9 0 6 0 7 0 10 0 2 1 9 0 8 0 3 0 4 -1 
Language_11
11
0
1 3 8 
a b c d e 
7 1 1 1 0 1 10 1 3 1 4 1 4 1 4 0 2 0 7 1 7 0 
7 1 6 -1 1 0 9 0 1 -1 8 0 8 0 0 -1 6 -1 4 0 2 0 
4 1 5 0 10 1 0 1 7 0 10 0 9 0 7 1 9 0 3 0 5 1 
7 0 5 1 9 0 4 0 1 1 5 0 8 -1 1 -1 5 0 10 -1 7 0 
10 0 5 1 6 1 5 0 7 0 10 0 0 0 7 1 6 0 6 1 8 0 
4 -1 9 1 7 -1 3 -1 10 -1 3 -1 4 0 1 1 4 -1 3 0 3 0 
10 1 9 1 10 0 3 1 10 1 8 0 3 1 5 0 3 1 6 0 1 1 
10 -1 9 0 5 1 9 1 8 0 4 -1 4 0 7 1 0 -1 3 0 3 0 
0 0 1 0 5 0 1 0 5 0 9 0 3 1 10 0 10 0 1 1 6 1 
1 1 4 -1 3 1 5 1 0 0 3 -1 5 -1 7 1 10 -1 9 0 3 0 
Language_12
11
0
4 6 7 8 9 
a b c d e 
4 0 5 0 1 1 1 0 8 1 10 1 2 1 6 1 7 0 2 1 1 0 
2 0 9 1 5 0 10 1 1 0 10 1 6 -1 10 1 7 1 3 1 4 -1 
4 0 8 1 0 0 9 0 2 1 5 0 0 0 4 0 9 1 9 0 6 1 
4 1 7 -1 8 -1 0 -1 1 -1 10 0 9 1 8 1 9 0 9 -1 1 -1 
4 0 3 0 0 0 2 1 7 1 10 0 5 0 1 0 6 0 0 0 0 0 
3 0 0 0 5 1 7 1 6 1 10 1 4 1 6 -1 8 0 1 -1 0 0 
10 0 5 0 8 0 10 1 8 0 3 1 10 0 6 0 3 1 1 0 8 0 
6 1 3 0 5 -1 7 1 1 1 3 1 9 -1 4 -1 1 -1 1 0 10 0 
3 0 7 1 9 1 4 1 9 0 9 0 10 1 7 0 3 0 5 0 4 1 
5 1 3 0 3 0 1 -1 0 -1 3 0 6 0 10 -1 5 1 2 -1 2 -1 
Language_13
11
0
2 3 4 6 8 9 
a b c d e 
5 0 9 0 6 1 8 1 10 0 5 0 6 1 3 0 7 1 3 1 6 0 
5 0 8 -1 7 1 1 0 3 -1 9 -1 10 0 5 -1 5 0 3 1 9 -1 
1 0 5 0 7 1 2 0 4 1 3 0 4 0 7 0 5 0 0 1 4 0 
2 1 5 1 9 0 3 -1 1 0 7 -1 10 1 4 -1 10 0 5 0 8 1 
10 0 1 1 5 0 0 0 6 0 1 0 2 1 6 1 7 0 2 0 6 0 
3 -1 8 -1 2 -1 10 0 10 -1 3 -1 4 0 4 0 3 -1 4 1 7 1 
8 1 10 1 5 1 6 1 4 1 8 0 9 1 5 1 4 0 0 0 10 0 
4 -1 7 -1 7 0 4 -1 7 -1 10 -1 5 -1 1 0 0 0 7 0 7 0 
9 0 8 1 9 1 0 1 5 0 7 1 4 0 2 1 3 0 10 1 8 1 
10 0 2 0 0 1 5 1 3 -1 2 -1 6 0 7 0 8 0 3 -1 1 1 
Language_14
11
0
1 5 8 
a b c d e 
2 0 10 0 5 1 9 0 8 1 4 0 2 0 9 1 9 0 4 0 8 1 
2 -1 3 1 3 0 1 1 0 1 1 0 8 0 6 -1 4 -1 2 -1 9 1 
6 0 2 1 9 1 10 1 5 1 9 0 3 1 6 0 4 0 10 0 1 0 
4 1 8 0 0 0 8 -1 5 1 7 1 6 0 0 -1 4 0 2 1 5 1 
9 1 4 1 0 1 4 1 8 1 6 1 2 0 6 0 9 0 1 1 9 0 
0 0 0 -1 5 0 8 -1 4 -1 10 0 2 0 6 0 6 -1 6 1 1 0 
7 1 1 0 7 0 5 0 5 1 10 1 3 0 0 1 9 1 0 0 0 1 
3 -1 5 1 4 1 7 -1 3 0 1 1 1 -1 6 -1 4 -1 1 0 8 -1 
1 1 6 0 8 1 8 0 2 0 10 1 0 1 1 0 2 1 3 0 0 1 
2 1 2 1 5 0 0 0 6 1 9 1 5 1 2 -1 6 1 9 0 5 0 
Language_15
11
0
3 5 6 7 9 
a b c d e 
8 0 10 1 1 1 2 1 7 1 1 1 10 1 1 0 9 0 9 0 7 0 
9 1 6 0 4 0 2 1 10 0 5 -1 4 -1 4 -1 3 0 9 -1 3 0 
6 0 0 1 2 0 2 1 0 0 10 0 3 1 1 1 7 0 1 0 9 0 
0 1 5 0 4 1 10 -1 3 0 4 0 8 -1 3 1 7 0 3 0 1 -1 
2 1 6 0 1 0 0 1 6 0 4 0 2 0 2 1 10 1 3 0 0 0 
0 0 2 -1 0 0 5 1 8 0 8 1 2 -1 8 1 9 0 8 -1 3 0 
3 0 1 1 2 0 2 0 4 1 2 1 0 1 7 1 8 1 2 1 7 1 
10 0 9 1 4 1 3 0 3 -1 5 0 4 0 0 1 6 0 0 0 2 -1 
2 1 1 1 0 1 8 1 2 0 3 0 2 0 4 1 8 0 10 1 9 1 
8 1 6 0 5 -1 5 1 8 0 4 0 1 0 10 -1 6 1 5 -1 10 0 
Language_16
11
0
0 1 2 6 8 10 
a b c d e 
4 0 9 1 5 1 5 0 8 0 1 0 4 0 2 1 8 1 8 1 9 0 
8 0 10 0 3 0 2 0 4 0 2 0 8 1 4 1 7 0 3 1 6 1 
7 0 3 0 1 0 5 0 0 0 8 0 7 1 9 1 10 0 7 1 1 1 
9 1 2 -1 1 0 10 0 5 1 10 1 2 1 6 -1 10 0 3 1 6 0 
3 1 7 1 7 1 5 1 7 0 6 0 9 0 8 1 1 1 4 1 7 0 
2 1 0 1 9 0 3 0 5 0 2 1 2 -1 6 1 2 1 2 0 10 -1 
10 1 9 1 5 1 0 1 4 0 3 0 7 0 5 1 7 1 4 0 10 1 
8 1 0 0 0 -1 4 1 8 1 4 0 3 1 4 1 4 0 1 1 3 -1 
7 0 10 1 9 1 3 0 10 1 10 0 9 0 9 1 7 1 4 0 10 0 
2 1 2 -1 10 -1 6 0 8 -1 6 -1 0 0 0 -1 10 0 0 1 6 1 
Language_17
11
0
0 4 6 7 9 10 
a b c d e 
9 1 7 1 0 0 2 0 1 0 1 1 10 0 1 1 8 1 5 0 1 1 
1 -1 6 -1 5 -1 8 1 0 1 0 -1 9 -1 3 0 10 -1 10 -1 4 0 
8 1 6 0 7 1 10 0 9 0 3 0 7 1 8 1 3 1 0 0 7 1 
6 1 7 1 10 -1 2 -1 4 -1 8 1 8 1 7 -1 4 0 4 -1 4 1 
2 0 3 1 0 1 7 0 7 1 7 0 10 1 1 1 3 0 2 1 8 1 
4 -1 4 0 5 -1 9 -1 0 -1 2 1 4 0 6 1 9 1 1 1 8 0 
8 1 7 1 10 0 10 1 6 1 7 0 9 0 9 0 2 0 5 0 5 1 
7 1 6 0 1 -1 4 1 4 -1 9 0 3 1 9 -1 5 1 10 1 6 -1 
5 0 4 0 7 0 1 1 3 0 3 1 3 0 5 1 9 0 4 0 5 0 
5 1 5 -1 5 0 1 1 5 0 8 0 8 -1 10 0 7 -1 5 0 3 -1 
Language_18
11
0
1 5 6 7 8 10 
a b c d e 
6 0 10 1 8 1 7 0 4 0 7 0 8 0 3 0 2 1 4 1 8 1 
6 -1 7 0 7 0 6 -1 9 -1 6 0 6 0 3 1 1 0 4 -1 6 -1 
0 1 8 1 6 1 6 0 2 1 1 1 3 1 1 0 2 1 1 0 1 1 
7 1 6 0 0 1 8 -1 7 -1 2 -1 7 -1 5 0 3 0 8 0 3 -1 
3 0 9 0 8 1 6 1 8 1 5 0 9 0 1 1 8 1 9 1 0 1 
10 1 10 0 5 1 1 0 1 -1 3 0 0 0 0 1 3 1 10 -1 1 1 
5 0 3 1 3 1 9 0 4 0 0 0 1 0 5 0 2 0 6 0 0 0 
6 1 3 -1 7 1 8 0 4 0 0 -1 5 0 9 1 4 0 8 0 7 -1 
2 1 7 1 0 1 8 1 3 0 4 1 7 0 3 0 2 1 6 1 10 1 
2 -1 5 -1 7 -1 3 -1 0 0 10 1 8 -1 3 -1 10 -1 8 0 9 1 
Language_19
11
0
1 2 3 4 5 6 10 
a b c d e 
10 0 9 0 9 1 3 0 8 0 5 1 1 1 6 1 1 1 0 0 2 0 
9 -1 9 1 1 -1 3 1 0 -1 3 0 8 1 3 -1 3 -1 1 0 10 -1 
4 0 9 1 8 0 6 1 2 1 2 1 5 0 8 0 9 1 7 1 7 1 
2 -1 0 1 2 -1 3 1 3 -1 10 1 10 0 3 0 9 0 10 0 3 0 
1 1 5 1 5 1 6 1 4 0 1 1 0 1 5 1 10 0 4 1 10 1 
5 -1 5 1 4 1 1 -1 1 1 8 1 6 0 2 -1 9 1 2 0 10 1 
3 1 1 1 2 1 7 0 7 1 6 0 1 1 2 0 6 0 0 0 5 1 
0 0 2 0 0 1 5 1 9 -1 10 0 3 1 10 -1 3 0 1 1 9 -1 
1 1 10 1 0 1 7 0 6 0 8 1 0 1 4 0 4 1 6 0 0 0 
1 0 10 1 2 -1 3 -1 6 0 6 -1 0 0 5 1 5 -1 3 -1 7 0 
Language_20
11
0
0 1 5 8 9 10 
a b c d e 
3 0 2 0 3 1 10 1 3 0 1 0 1 1 5 0 4 0 8 1 7 0 
8 0 8 0 9 0 2 -1 5 0 7 -1 9 0 2 0 7 1 5 -1 9 1 
8 1 8 1 5 0 10 1 6 1 5 1 4 0 5 1 6 0 3 0 5 1 
1 1 5 0 6 -1 3 0 0 -1 9 -1 9 0 5 0 3 -1 5 -1 5 0 
7 0 7 0 7 1 2 1 6 0 0 0 5 0 7 0 5 1 5 0 6 0 
5 -1 6 0 3 -1 5 0 4 0 7 1 6 1 10 0 9 1 6 1 7 1 
0 0 0 0 6 0 6 1 0 0 1 1 8 1 4 1 4 0 5 0 0 1 
5 1 0 -1 10 -1 9 -1 6 1 9 -1 2 -1 3 1 3 1 4 1 7 1 
5 1 9 1 5 0 4 1 9 0 3 0 8 0 2 1 4 0 8 1 3 1 
0 1 5 -1 1 1 2 0 0 1 3 1 1 -1 4 -1 2 1 2 1 8 1 
Language_21
11
0
0 2 3 4 5 6 8 10 
a b c d e 
2 0 2 0 7 0 2 0 6 1 4 1 4 0 7 1 9 1 1 1 4 1 
5 0 2 -1 0 0 10 -1 0 0 4 0 9 0 4 -1 3 1 8 1 10 0 
5 1 2 0 5 1 4 1 5 1 5 1 6 1 0 0 3 0 8 1 10 1 
0 1 6 1 8 1 2 1 0 0 1 0 6 1 9 0 0 1 5 -1 3 0 
4 1 5 0 7 0 10 1 10 0 9 0 2 0 10 0 10 0 9 0 7 1 
6 -1 1 -1 9 0 0 0 7 -1 7 0 8 1 0 1 6 0 6 -1 3 1 
10 0 7 1 6 1 10 0 5 1 9 1 10 0 4 0 5 1 1 1 2 1 
1 0 6 0 10 0 6 0 10 1 9 -1 8 1 7 0 0 0 8 -1 8 -1 
0 0 9 1 5 0 7 0 4 1 1 0 4 1 1 1 6 1 3 1 10 1 
1 0 1 1 3 1 6 0 10 0 2 0 4 -1 3 1 10 0 3 1 3 0 
Language_22
11
0
1 3 4 8 10 
a b c d e 
1 0 2 0 7 1 5 0 8 0 9 1 6 0 6 1 9 1 7 1 9 1 
1 1 1 -1 2 0 4 1 3 0 0 1 8 1 9 1 1 0 10 0 5 1 
7 1 0 0 4 0 7 0 0 0 8 1 3 0 3 1 0 0 7 1 3 0 
1 -1 1 -1 2 0 2 -1 4 1 8 1 4 1 7 1 9 -1 5 1 0 0 
3 0 10 1 0 0 10 0 0 0 6 0 7 1 0 0 10 0 8 1 0 1 
2 -1 8 1 1 0 4 -1 10 0 5 -1 2 1 4 1 5 1 5 1 8 -1 
1 0 8 1 4 0 5 0 7 0 7 0 8 0 9 1 6 1 0 1 4 1 
2 0 5 -1 5 1 3 -1 6 1 8 0 0 -1 6 1 4 0 8 -1 3 1 
3 0 9 1 4 1 6 0 1 1 4 0 7 0 1 0 1 0 7 1 6 1 
3 -1 8 -1 8 0 9 0 6 0 5 1 8 1 9 1 3 1 4 -1 6 1 
Language_23
11
0
2 6 8 9 
a b c d e 
9 1 6 1 0 0 6 1 6 0 4 1 5 1 8 0 10 1 0 1 5 0 
9 0 0 1 5 -1 0 1 3 -1 7 1 6 0 3 -1 10 -1 5 0 4 1 
3 0 10 1 6 0 9 0 9 1 1 0 2 0 9 0 2 0 2 0 0 1 
8 -1 4 0 5 1 1 0 0 0 0 0 2 0 8 0 8 0 3 1 3 0 
10 1 10 0 8 0 0 0 7 1 4 1 8 0 7 1 1 0 7 0 9 1 
10 0 2 -1 3 0 9 -1 5 0 6 -1 0 1 4 1 3 0 1 -1 9 -1 
3 1 4 0 3 1 8 1 8 1 5 1 1 1 8 1 8 1 1 0 4 1 
2 0 4 0 8 1 4 1 6 1 9 1 1 -1 6 1 0 0 7 0 5 -1 
3 1 8 0 0 1 2 1 5 1 10 0 2 1 3 1 0 1 0 1 2 0 
3 1 4 1 7 1 4 0 10 -1 10 0 9 1 7 0 0 -1 3 0 5 0 
Language_24
11
0
0 3 4 7 8 10 
a b c d e 
10 0 1 0 4 0 3 1 5 0 1 1 4 1 5 1 6 1 0 0 1 1 
4 0 9 0 9 1 7 0 7 0 2 1 5 0 2 1 6 0 6 -1 4 0 
7 1 4 0 4 0 8 0 6 0 0 1 10 0 9 1 0 0 6 1 0 1 
4 1 4 -1 4 -1 4 -1 3 1 3 1 10 -1 2 0 1 0 9 1 4 1 
0 1 5 1 7 0 10 1 10 1 10 1 5 0 3 0 5 0 6 1 1 0 
7 -1 5 1 9 0 6 0 7 -1 6 0 6 -1 7 1 1 0 4 -1 1 -1 
3 1 10 1 1 1 9 0 0 1 4 0 6 0 1 1 8 1 8 1 1 0 
1 -1 5 1 0 0 9 0 2 0 8 0 1 1 1 0 10 1 10 1 3 -1 
0 1 6 0 1 0 7 1 4 0 3 0 4 1 7 1 0 0 9 0 0 0 
8 -1 3 0 0 -1 3 0 5 -1 10 1 6 1 6 0 9 1 1 1 7 0 
Language_25
11
0
0 1 2 5 9 
a b c d e 
9 1 10 1 6 1 7 1 8 1 0 1 7 0 1 0 7 0 2 0 9 1 
10 1 10 0 0 -1 1 -1 6 -1 3 0 2 0 7 0 4 1 0 1 8 0 
9 1 0 1 2 1 10 1 4 1 6 1 7 0 7 0 6 0 8 0 4 0 
2 0 9 0 4 1 5 0 3 0 9 -1 1 1 8 1 8 0 2 1 0 1 
6 0 5 0 10 1 4 0 6 0 4 1 2 0 7 0 5 1 8 1 8 1 
6 0 3 0 3 -1 2 0 2 -1 2 -1 1 0 2 -1 8 -1 4 0 2 -1 
2 0 3 0 1 1 6 0 0 1 3 0 8 0 10 0 6 0 4 1 8 1 
4 1 1 -1 7 -1 2 -1 9 1 7 -1 4 -1 9 -1 1 -1 9 1 1 -1 
8 1 8 0 2 0 6 0 2 1 9 1 4 1 0 0 9 1 4 1 8 0 
8 0 10 0 1 1 8 1 4 0 9 1 5 -1 1 -1 0 0 4 -1 2 0 
Language_26
11
0
5 6 8 9 
a b c d e 
2 0 7 0 3 0 8 1 3 1 1 0 9 0 3 0 2 0 1 1 6 1 
4 1 0 -1 2 -1 6 0 2 1 7 1 4 1 8 1 6 -1 1 -1 7 1 
4 1 1 0 1 1 7 0 2 1 6 1 8 0 9 0 3 0 3 1 2 1 
7 1 4 1 3 0 7 -1 6 -1 6 1 0 1 9 -1 9 1 7 -1 9 -1 
9 0 1 1 7 0 2 1 9 0 0 0 4 1 8 0 10 1 9 1 4 1 
10 1 6 1 0 1 2 -1 1 1 1 1 7 -1 0 -1 9 1 10 1 4 0 
5 1 0 0 3 0 0 0 3 0 8 1 2 1 1 0 5 1 8 0 9 0 
3 0 2 0 10 -1 0 0 8 0 4 1 9 0 4 0 1 1 8 0 9 -1 
8 0 1 0 5 1 9 1 9 1 7 0 3 1 2 0 7 1 5 1 2 1 
7 1 8 -1 7 1 10 1 5 -1 1 0 5 0 4 -1 3 1 3 1 2 0 
Language_27
11
0
3 5 6 7 
a b c d e 
10 1 0 0 5 1 1 1 3 1 5 1 2 1 10 0 7 0 9 1 7 0 
4 -1 3 0 2 1 7 0 8 0 7 0 4 0 3 1 8 1 6 -1 5 1 
3 1 8 1 9 0 7 0 9 1 3 0 3 0 6 0 0 1 6 1 4 0 
10 -1 10 1 8 1 3 1 5 0 3 -1 10 0 0 1 8 1 9 -1 9 0 
7 0 8 1 5 0 2 1 0 0 6 0 0 1 2 0 10 1 5 1 7 1 
9 -1 10 0 5 0 4 1 10 1 8 1 2 -1 7 1 9 -1 10 0 6 0 
10 0 6 0 0 1 3 0 4 1 6 0 0 0 10 1 4 0 2 0 4 0 
5 0 3 -1 6 1 2 0 7 -1 5 1 6 -1 4 0 8 0 4 0 10 -1 
5 0 0 0 9 0 1 0 3 0 7 1 5 0 9 0 7 0 5 1 0 0 
5 1 9 0 1 1 5 1 2 -1 9 1 6 1 1 0 9 -1 5 1 10 -1 
Language_28
11
0
0 1 2 3 8 9 
a b c d e 
7 0 5 0 9 1 4 1 8 1 2 1 0 0 3 0 1 0 6 1 3 1 
3 0 6 1 0 0 4 0 5 -1 6 0 7 -1 10 1 6 1 7 -1 2 1 
6 1 4 0 3 1 10 0 4 1 5 0 5 1 10 0 6 0 8 1 4 0 
5 1 0 0 1 -1 4 -1 9 -1 4 1 8 1 4 -1 0 -1 3 1 4 1 
5 1 3 0 0 0 10 0 3 0 1 0 4 0 8 0 3 1 2 0 1 0 
8 1 0 -1 0 0 10 0 7 0 3 1 8 0 5 -1 10 -1 6 0 6 -1 
9 1 5 1 2 1 7 0 2 1 7 1 3 0 7 1 4 0 3 0 0 1 
8 0 0 0 0 0 1 0 4 -1 9 1 6 0 0 1 2 1 5 -1 1 -1 
7 0 6 0 7 1 0 1 3 1 6 0 1 1 3 0 7 1 0 0 3 0 
4 -1 2 1 10 0 5 -1 9 1 8 1 7 1 7 -1 2 -1 9 -1 4 0 
Language_29
11
0
2 3 4 5 6 9 10 
a b c d e 
4 1 5 0 10 0 2 1 7 1 2 0 8 0 6 0 10 0 7 0 10 0 
6 1 6 1 0 -1 0 -1 4 0 6 1 6 0 1 -1 10 0 5 0 3 0 
0 0 8 1 1 0 3 0 5 0 5 0 4 1 5 0 10 1 3 1 2 1 
9 0 6 1 0 -1 6 -1 5 0 9 -1 6 0 6 1 3 1 4 -1 5 1 
5 0 10 1 10 1 3 1 6 1 1 1 10 0 9 0 8 1 3 0 3 1 
1 -1 2 0 0 -1 8 1 6 1 0 0 4 -1 0 0 3 0 2 -1 4 0 
2 0 3 0 4 0 5 1 2 0 10 1 2 0 7 1 5 0 2 0 0 1 
4 1 2 0 1 0 6 -1 3 -1 7 1 1 0 10 0 2 1 3 0 8 -1 
8 0 4 0 0 0 3 0 10 1 4 1 6 0 3 0 0 0 2 0 9 1 
9 1 1 0 5 -1 0 1 4 -1 2 -1 7 1 6 -1 3 -1 1 1 8 1 
Language_30
11
0
2 3 4 5 7 8 
a b c d e 
1 0 2 1 0 0 9 1 6 1 7 1 6 1 1 1 8 0 6 1 6 0 
1 0 8 1 7 1 10 1 5 0 8 1 9 -1 6 -1 8 -1 7 -1 0 1 
9 1 3 1 9 0 3 1 6 0 2 0 9 1 3 0 0 1 9 0 8 1 
10 1 2 -1 2 0 5 -1 2 1 4 1 5 0 4 0 10 1 2 1 2 0 
6 1 5 1 8 1 7 1 10 0 7 1 0 1 2 0 0 1 3 0 9 1 
5 -1 2 -1 9 -1 8 1 0 1 0 -1 2 0 8 0 5 -1 2 -1 10 -1 
4 1 10 1 1 0 7 0 10 1 10 0 5 1 9 1 5 0 2 0 3 1 
6 -1 7 1 7 -1 7 1 4 0 3 1 10 -1 7 1 2 -1 2 1 5 0 
4 1 8 0 8 0 8 1 2 1 9 1 4 0 6 1 6 0 3 1 7 0 
1 -1 2 0 3 1 10 1 5 1 3 0 1 -1 2 1 7 -1 9 -1 9 0 
Language_31
11
0
0 1 4 8 10 
a b c d e 
5 1 9 0 6 0 6 0 5 1 1 1 3 1 3 0 6 1 6 1 1 1 
0 0 5 1 1 1 1 0 1 1 10 0 8 1 8 0 0 0 2 1 5 1 
2 1 8 0 1 1 8 1 0 0 7 0 10 0 9 0 1 0 5 1 3 1 
9 0 0 -1 6 0 0 1 10 -1 10 -1 10 0 3 0 7 0 10 0 4 1 
9 0 9 1 8 1 10 0 6 0 9 1 2 1 2 0 10 0 2 0 3 1 
3 0 5 1 5 -1 7 1 6 -1 7 -1 7 -1 6 1 4 -1 1 -1 3 1 
7 0 10 0 1 0 6 0 0 0 7 0 1 0 10 1 1 1 1 0 0 1 
3 0 10 -1 3 -1 2 1 6 0 5 -1 4 0 1 1 1 0 4 1 5 1 
2 0 10 0 6 0 4 1 7 1 6 0 6 1 1 0 10 0 9 1 1 0 
5 -1 4 -1 6 -1 9 0 7 1 9 1 4 -1 3 1 2 -1 4 1 1 0 
Language_32
11
0
1 3 4 5 6 8 9 
a b c d e 
4 0 7 1 8 1 7 1 2 0 9 0 3 0 7 1 5 1 3 0 1 1 
4 1 7 1 1 0 10 1 9 0 3 -1 5 0 6 0 2 -1 0 0 8 1 
0 1 5 1 2 1 5 0 9 0 8 1 1 1 3 1 5 0 8 0 7 0 
5 0 8 0 10 0 5 1 4 0 0 -1 10 1 5 0 1 1 2 -1 0 1 
5 1 8 1 4 1 9 1 3 1 4 0 9 1 9 0 1 0 3 1 3 0 
4 0 10 1 0 0 7 1 4 0 6 1 7 -1 9 -1 10 0 4 0 3 0 
4 0 1 0 0 1 10 1 9 0 8 1 5 1 1 1 7 1 6 0 7 1 
2 -1 2 1 4 0 9 0 2 -1 3 -1 7 1 2 -1 8 -1 10 0 1 0 
7 1 5 1 6 0 4 1 4 1 1 1 9 0 6 1 9 1 0 1 9 1 
10 1 1 -1 0 0 6 0 1 0 9 1 1 1 7 -1 2 -1 5 1 9 0 
Language_33
11
0
1 2 3 7 8 9 
a b c d e 
7 1 7 1 3 0 8 1 7 1 1 0 3 1 1 1 3 1 0 0 8 0 
6 -1 6 1 4 -1 1 0 3 1 3 0 0 -1 4 0 2 -1 9 0 6 1 
7 0 0 1 9 1 5 0 0 1 6 0 8 0 8 1 10 1 4 1 7 0 
10 0 0 0 9 1 1 0 9 1 3 1 5 -1 7 1 2 0 7 1 10 1 
5 0 4 1 9 0 9 1 7 1 0 0 1 1 8 1 0 1 9 1 0 0 
2 1 2 0 3 1 3 0 4 0 10 -1 0 1 2 1 4 -1 1 0 6 1 
7 0 4 1 5 0 7 1 1 0 1 0 10 1 2 1 10 1 5 0 4 0 
6 -1 4 1 6 1 2 0 7 0 0 -1 9 1 8 -1 2 1 4 0 6 -1 
8 1 7 1 10 0 3 0 5 1 4 1 7 0 4 0 5 1 2 0 10 0 
1 0 0 0 2 1 9 1 9 -1 2 -1 0 0 10 -1 0 0 4 0 0 1 
Language_34
11
0
5 7 8 
a b c d e 
10 0 8 1 8 1 5 1 0 0 3 0 1 0 8 1 6 0 5 0 2 1 
4 1 6 0 7 0 6 -1 7 1 0 1 3 0 8 -1 3 0 7 1 3 -1 
2 1 0 0 8 0 3 0 1 1 4 1 1 0 3 1 5 0 4 1 9 0 
3 -1 2 -1 2 -1 2 0 1 1 6 1 8 0 0 1 1 1 3 1 10 1 
9 1 3 0 6 0 3 0 0 0 8 0 3 1 4 1 4 1 10 0 3 0 
7 -1 0 0 3 0 1 -1 0 -1 3 -1 9 1 1 1 2 1 0 -1 10 1 
2 1 10 1 8 1 0 1 5 1 9 0 8 1 6 1 7 1 9 1 6 0 
9 1 8 0 7 0 10 -1 3 0 6 0 0 1 8 1 5 0 4 0 9 -1 
3 0 6 1 3 0 6 1 8 1 10 1 3 1 7 0 9 0 7 1 10 0 
6 -1 6 0 2 0 7 1 0 0 10 -1 5 1 0 0 4 1 10 0 8 0 
Language_35
11
0
0 2 5 7 10 
a b c d e 
1 1 2 1 2 0 5 1 5 0 9 1 0 1 3 1 7 0 3 0 10 0 
5 -1 2 1 1 -1 8 1 3 1 7 -1 4 1 2 1 5 -1 8 0 2 1 
8 0 8 1 10 0 1 0 0 1 9 1 6 1 10 1 9 0 9 1 2 0 
6 0 1 0 7 -1 4 -1 0 -1 4 0 9 -1 4 1 0 -1 6 1 9 -1 
7 0 8 1 6 1 8 1 8 1 9 0 8 0 0 1 0 1 10 0 6 1 
5 0 7 -1 3 1 10 1 0 0 1 1 5 1 5 1 3 1 1 1 1 1 
3 1 5 0 3 0 1 1 2 0 1 1 3 1 7 1 6 0 3 0 3 0 
8 1 6 -1 0 0 7 1 3 1 0 0 5 -1 5 1 0 0 8 1 0 -1 
6 1 5 0 3 0 6 0 8 0 7 0 2 1 10 1 5 0 6 1 6 1 
0 -1 10 1 10 -1 7 0 9 1 2 0 5 -1 5 -1 10 -1 1 -1 6 0 
Language_36
11
0
2 4 5 7 10 
a b c d e 
7 1 3 1 8 0 1 0 4 1 6 0 8 0 1 0 9 0 6 1 7 0 
6 -1 7 0 4 -1 4 0 4 -1 8 1 4 0 4 1 9 -1 8 0 3 1 
2 1 10 0 0 1 8 0 2 1 10 1 6 0 8 1 3 0 0 1 1 1 
5 1 7 0 8 1 8 0 3 1 8 0 1 0 9 1 0 0 4 1 5 -1 
3 1 7 0 8 1 1 0 1 1 3 1 5 1 5 0 6 0 5 0 8 1 
4 -1 1 0 7 1 1 -1 3 1 8 1 7 0 7 0 4 1 3 1 5 1 
4 1 7 0 3 0 0 0 0 1 2 0 9 0 3 0 8 1 4 0 9 1 
4 0 4 1 8 -1 9 1 6 1 5 1 8 1 6 -1 2 0 1 -1 8 0 
5 1 4 1 8 0 5 0 2 1 5 1 1 1 3 1 7 1 1 0 4 1 
4 0 0 0 6 -1 6 1 4 0 5 0 4 1 6 1 3 1 1 -1 5 1 
Language_37
11
0
3 4 5 10 
a b c d e 
3 0 10 0 2 1 4 1 10 0 2 0 9 1 2 1 2 1 5 0 5 1 
4 1 6 1 6 1 1 0 10 -1 5 1 7 -1 3 0 6 -1 2 1 3 -1 
5 0 7 1 7 1 0 0 0 1 10 1 6 0 4 0 2 1 3 0 7 0 
10 -1 5 1 7 -1 10 0 2 0 1 1 0 1 3 1 1 0 10 0 6 1 
6 0 10 1 7 0 7 1 4 1 3 0 1 0 7 1 3 0 2 1 10 1 
9 0 8 0 8 0 2 0 9 -1 3 -1 2 0 1 -1 4 1 9 0 5 0 
6 1 1 1 9 0 6 0 6 1 6 1 9 0 8 1 7 1 0 1 6 0 
3 0 1 1 1 0 4 1 3 -1 9 -1 1 0 9 -1 3 0 10 0 7 0 
1 1 2 0 0 0 10 1 6 0 8 0 6 1 7 1 3 0 1 0 1 0 
8 0 3 1 9 0 6 1 7 0 0 1 3 1 3 -1 1 1 4 -1 10 1 
Language_38
11
0
1 2 3 4 9 
a b c d e 
10 0 8 1 2 0 7 0 9 0 1 1 6 0 6 1 7 1 9 1 2 0 
9 -1 9 -1 6 1 0 0 8 0 3 -1 3 0 6 -1 6 -1 2 1 5 0 
0 1 7 0 2 1 4 0 9 1 8 1 10 0 6 1 5 0 10 1 4 1 
10 0 8 0 6 -1 9 1 8 0 6 -1 2 0 0 0 2 0 2 -1 2 0 
0 0 3 0 1 1 10 1 5 0 8 1 4 1 9 0 9 1 1 1 4 1 
7 0 9 0 5 0 2 -1 7 0 7 1 2 1 6 -1 4 0 5 1 2 -1 
9 0 9 1 5 0 6 1 0 0 8 1 9 1 10 0 8 1 6 1 8 0 
3 0 2 1 3 -1 6 0 2 -1 0 0 7 0 8 0 1 1 2 1 10 0 
8 0 2 1 8 1 2 0 0 0 6 1 2 0 5 1 4 1 10 1 10 1 
0 -1 0 -1 3 1 9 0 10 -1 7 1 9 1 5 0 1 -1 10 0 3 0 
Language_39
11
0
0 2 5 7 8 9 
a b c d e 
8 0 1 1 5 0 7 1 1 0 4 0 6 1 3 1 2 1 2 1 0 1 
4 0 6 0 5 0 6 0 2 0 5 0 1 -1 6 0 3 0 0 0 3 1 
2 1 4 0 3 0 9 1 7 0 0 1 0 1 10 1 10 1 1 0 5 0 
8 0 5 -1 6 1 8 -1 10 -1 9 1 0 1 0 1 1 0 7 1 2 1 
10 0 0 1 7 0 9 0 7 1 1 1 3 1 1 0 6 0 10 1 2 0 
1 -1 10 -1 2 -1 7 1 8 1 0 0 9 -1 3 1 1 1 5 -1 7 -1 
4 0 9 1 3 1 4 1 9 0 0 0 1 1 6 1 1 0 2 0 10 1 
0 1 9 0 5 -1 5 0 3 0 4 -1 3 0 8 1 1 0 9 1 2 -1 
0 0 4 1 7 0 0 0 9 0 7 0 2 1 2 1 6 0 10 0 8 1 
0 0 6 0 3 1 7 0 3 -1 2 0 3 1 10 -1 1 1 8 1 9 1 
Language_40
11
0
1 3 4 5 
a b c d e 
7 1 10 0 8 1 5 1 6 0 9 0 0 0 9 1 0 0 7 0 8 0 
8 -1 5 1 10 0 4 1 4 1 5 -1 0 0 8 1 0 0 3 -1 10 -1 
3 1 3 1 9 0 2 0 7 1 8 1 8 1 2 1 4 1 9 1 0 1 
4 1 8 1 10 -1 0 1 2 1 1 -1 3 0 5 1 3 1 3 1 4 -1 
8 1 0 1 5 0 6 0 6 1 3 0 3 0 6 1 6 0 8 1 4 0 
10 0 10 0 8 1 3 0 9 0 0 -1 1 0 3 -1 8 -1 9 0 2 -1 
5 0 6 1 9 0 2 1 0 0 2 1 4 0 9 1 7 0 8 0 1 1 
1 1 8 1 0 0 10 0 1 0 9 -1 4 1 5 1 10 1 4 -1 6 -1 
9 0 1 1 9 1 0 0 9 1 1 0 10 1 4 1 2 0 2 1 5 1 
9 1 10 1 9 -1 1 1 7 1 2 -1 3 1 4 0 10 1 5 -1 1 0 
Language_41
11
0
0 2 3 4 6 7 9 10 
a b c d e 
9 0 3 1 9 0 1 1 1 1 6 1 4 1 8 1 8 0 6 0 4 0 
2 -1 1 1 9 -1 5 -1 7 -1 3 1 10 0 4 -1 3 0 6 0 2 -1 
1 0 0 1 5 1 1 0 5 1 1 0 0 0 10 0 5 0 2 0 2 1 
6 1 9 0 2 -1 6 -1 6 -1 1 0 10 1 1 -1 4 -1 8 -1 6 0 
0 1 5 1 10 1 9 1 1 1 5 0 7 0 0 1 5 0 5 0 6 0 
2 0 4 -1 9 -1 8 -1 9 -1 6 1 6 -1 5 -1 8 -1 7 0 0 -1 
0 1 10 1 9 1 7 0 0 1 5 0 10 1 3 0 5 0 1 0 5 1 
8 1 1 0 5 1 7 1 4 0 7 -1 6 -1 0 1 2 -1 3 -1 10 1 
7 0 4 0 9 0 5 1 7 1 7 1 7 0 2 1 2 0 8 0 5 0 
10 0 7 -1 5 1 9 1 3 0 9 1 7 0 8 0 5 0 4 0 7 0 
Language_42
11
0
1 2 4 7 8 9 10 
a b c d e 
7 1 5 1 10 0 7 0 10 1 9 1 3 0 5 0 5 1 0 0 10 1 
10 -1 6 -1 6 1 2 -1 7 1 5 0 1 0 8 0 2 0 0 1 4 0 
2 1 5 1 8 0 4 1 5 1 9 1 5 0 7 0 9 1 1 1 10 0 
0 -1 3 -1 7 0 6 -1 4 1 10 0 6 -1 8 1 2 1 8 -1 0 -1 
8 0 7 0 3 0 1 1 7 0 4 0 10 0 8 0 1 0 9 0 3 0 
8 1 5 1 9 -1 5 -1 4 -1 9 0 0 0 0 0 5 1 2 -1 7 0 
9 0 1 1 9 1 5 1 9 1 1 0 10 0 4 1 10 1 4 0 10 1 
8 1 4 -1 5 1 6 0 8 -1 0 -1 4 1 10 1 10 1 6 -1 6 -1 
4 1 6 1 7 0 1 0 7 1 8 0 5 0 6 0 8 0 8 0 7 0 
4 -1 2 -1 2 -1 2 1 8 1 7 0 6 1 4 1 3 1 10 1 7 -1 
Language_43
11
0
0 3 4 5 8 9 
a b c d e 
3 1 7 1 1 0 6 1 2 1 9 0 2 1 8 0 4 0 8 1 7 1 
9 1 6 0 1 -1 2 -1 10 1 9 -1 4 0 10 1 1 0 0 1 9 0 
7 1 4 1 4 0 7 1 2 0 8 0 2 1 8 1 4 0 9 1 3 0 
3 1 7 1 7 0 10 0 3 1 3 -1 2 0 4 0 5 0 3 -1 3 -1 
2 0 1 1 0 0 0 0 1 0 3 1 0 0 1 1 3 0 5 0 7 1 
2 -1 7 0 5 1 10 1 4 -1 6 1 10 0 5 0 2 0 4 -1 0 -1 
4 1 8 0 2 0 8 0 1 1 3 1 7 1 1 0 9 1 10 0 4 0 
7 1 4 -1 10 0 8 1 5 0 8 0 7 -1 2 -1 0 -1 3 1 6 0 
5 1 2 0 1 0 2 1 1 1 5 1 7 0 2 1 0 1 3 1 3 1 
7 -1 1 -1 8 0 6 -1 9 -1 3 0 6 -1 8 -1 10 -1 2 0 5 -1 
Language_44
11
0
0 1 2 
a b c d e 
4 0 5 1 4 1 7 1 1 1 5 1 2 1 0 1 5 1 10 1 1 0 
3 0 3 0 2 0 5 1 6 0 8 -1 0 1 2 1 5 1 3 1 2 -1 
9 0 4 0 1 0 1 0 1 1 8 1 4 1 10 0 10 0 2 1 5 1 
0 0 5 1 6 0 8 1 8 -1 2 1 4 0 3 -1 1 0 9 0 4 0 
5 0 2 0 3 1 5 0 10 0 6 0 0 0 3 0 1 1 1 0 2 1 
4 0 5 0 6 1 7 0 1 -1 8 -1 10 0 4 0 5 1 9 -1 4 -1 
7 1 10 0 3 0 4 1 4 1 8 1 0 0 7 1 10 0 0 1 8 1 
8 -1 10 1 7 1 0 1 8 0 9 1 5 0 3 -1 10 1 6 0 3 1 
1 1 0 1 6 0 0 0 6 1 10 1 4 1 4 1 2 1 5 1 6 0 
3 1 8 -1 5 -1 5 0 10 1 8 -1 4 1 3 -1 4 1 8 0 6 1 
Language_45
11
0
0 2 4 5 7 8 10 
a b c d e 
4 1 1 0 3 1 7 0 10 0 4 1 10 1 2 0 2 1 5 0 6 1 
9 1 4 -1 0 0 10 1 6 1 3 1 3 1 9 1 2 -1 1 0 10 1 
4 0 0 0 5 0 4 1 10 0 3 0 2 1 6 0 10 0 2 1 1 1 
5 0 2 0 4 -1 1 0 8 0 7 -1 9 0 1 0 10 0 2 1 2 1 
1 1 8 0 2 1 3 0 6 0 0 1 0 0 1 1 9 0 10 1 0 0 
6 1 3 0 9 0 6 1 5 0 5 0 2 1 4 1 7 1 3 -1 6 1 
0 1 2 0 2 0 10 1 7 0 7 0 3 1 8 0 4 1 0 0 6 0 
1 -1 4 0 8 1 10 -1 2 -1 3 0 8 -1 5 -1 4 0 8 0 10 -1 
1 1 2 1 4 0 4 0 7 0 1 0 6 0 7 0 2 1 0 0 0 0 
8 -1 9 -1 8 -1 0 -1 7 0 9 1 5 -1 2 1 1 -1 0 1 1 -1 
Language_46
11
0
0 1 2 4 5 8 9 
a b c d e 
7 0 0 0 3 0 8 0 5 1 6 0 4 0 3 1 1 0 10 1 2 1 
6 -1 4 0 9 -1 10 0 4 -1 9 -1 10 1 10 -1 10 -1 2 0 0 -1 
6 1 5 0 9 0 8 1 10 0 10 0 4 0 7 0 3 0 10 1 1 1 
2 -1 2 -1 6 -1 0 1 7 0 7 -1 1 1 6 0 4 0 10 0 2 -1 
9 1 3 1 6 0 8 1 0 1 10 0 1 1 6 0 8 1 10 0 0 0 
5 -1 2 -1 3 1 3 1 7 -1 10 -1 5 -1 10 0 9 1 2 -1 9 1 
5 1 4 1 9 1 4 1 10 1 3 0 10 0 0 1 8 1 10 0 6 1 
3 1 3 0 6 -1 6 -1 10 1 9 -1 5 -1 4 -1 6 1 4 -1 5 1 
5 0 8 1 5 1 0 1 6 0 8 0 3 0 5 0 9 1 3 1 10 1 
10 1 1 1 2 -1 9 0 4 0 4 1 6 1 6 1 1 0 6 0 9 1 
Language_47
11
0
0 2 4 6 
a b c d e 
0 1 4 0 0 1 5 0 10 1 7 0 3 0 2 0 6 1 6 0 7 1 
6 1 5 0 4 -1 1 0 6 0 7 -1 9 0 10 1 7 0 1 1 3 1 
2 1 10 1 1 0 3 0 1 1 6 1 2 0 2 1 8 0 3 0 1 0 
7 1 1 0 9 -1 2 -1 10 -1 9 -1 4 1 4 -1 3 -1 4 0 10 -1 
9 1 3 1 10 0 5 0 7 0 6 0 0 1 7 1 1 1 10 0 6 1 
1 1 7 -1 8 1 2 1 1 1 5 1 5 0 7 -1 3 1 9 -1 1 0 
6 1 7 0 2 0 4 0 5 0 5 0 3 0 1 0 3 0 1 1 4 0 
7 1 6 0 1 0 6 1 10 1 7 -1 9 1 9 -1 0 0 9 1 0 -1 
7 1 7 1 1 0 7 1 4 1 8 1 1 0 1 0 6 0 0 0 2 1 
0 1 10 1 3 1 1 0 4 1 9 0 3 1 4 -1 5 0 6 1 7 1 
Language_48
11
0
0 1 3 6 8 9 10 
a b c d e 
9 0 8 0 7 0 2 1 4 0 9 1 0 1 5 1 6 1 3 0 0 0 
3 1 6 1 0 0 0 1 7 -1 9 -1 9 0 1 -1 0 0 10 -1 3 -1 
5 1 0 0 2 0 8 0 6 1 7 0 3 1 1 1 7 0 3 1 5 0 
9 0 7 -1 0 -1 0 -1 6 -1 3 -1 5 0 8 0 4 0 0 -1 5 0 
3 1 7 1 0 0 8 1 8 1 10 1 2 1 1 0 9 0 10 0 0 1 
3 0 0 0 2 0 6 1 8 1 0 1 7 -1 4 -1 3 1 3 -1 3 0 
0 1 9 0 9 0 0 1 0 0 8 1 4 0 9 0 9 1 2 0 6 0 
0 -1 9 -1 1 -1 4 -1 8 1 0 -1 6 0 0 0 3 0 10 0 2 0 
0 1 5 0 9 0 9 1 7 1 5 1 2 1 1 0 10 1 3 0 8 0 
2 -1 9 0 0 1 5 -1 0 1 5 1 2 -1 1 0 0 -1 3 -1 10 -1 
Language_49
11
0
0 3 4 6 9 
a b c d e 
8 0 5 1 10 1 10 1 1 1 2 0 8 1 7 1 6 1 7 1 9 1 
9 1 10 1 1 1 1 1 9 1 2 -1 0 1 1 1 3 1 7 -1 1 -1 
5 1 8 0 2 1 10 0 9 0 9 1 3 1 2 1 4 0 8 0 1 1 
5 -1 9 -1 0 -1 1 -1 6 -1 8 1 5 -1 8 -1 6 0 6 -1 7 -1 
7 1 5 1 0 0 5 0 1 0 8 1 2 1 4 1 1 0 1 1 10 1 
10 1 1 1 0 0 5 1 6 -1 5 1 5 0 7 0 8 0 3 0 3 0 
5 1 2 0 1 1 4 0 2 1 2 1 4 0 6 1 2 0 6 1 1 0 
7 -1 0 -1 9 -1 7 -1 0 0 4 -1 6 -1 4 -1 4 1 10 0 4 -1 
2 0 4 0 1 1 3 1 9 1 6 1 7 1 5 0 4 1 1 0 4 0 
6 -1 8 1 9 1 3 1 10 1 3 -1 0 1 1 1 1 1 10 0 7 1 
Language_50
11
0
0 2 4 6 7 10 
a b c d e 
5 1 8 0 6 0 5 1 1 1 9 0 1 0 1 1 1 1 9 1 6 0 
9 -1 6 0 5 0 6 0 4 1 3 -1 1 0 10 0 1 -1 3 -1 10 -1 
9 0 10 0 6 1 10 0 10 1 2 0 3 0 10 0 3 0 10 1 7 1 
4 -1 7 0 3 -1 9 1 5 1 10 0 5 0 9 -1 1 -1 1 1 1 0 
5 0 6 1 0 1 1 0 3 1 6 1 0 0 8 0 5 1 2 0 0 1 
4 -1 7 -1 0 1 7 0 0 0 5 1 7 0 8 1 7 -1 10 -1 3 -1 
8 1 2 0 7 0 9 1 8 0 5 1 8 0 3 0 2 0 0 0 6 1 
1 1 7 0 1 -1 5 -1 0 0 9 1 2 0 5 -1 6 1 0 -1 10 0 
1 0 3 1 0 1 0 0 2 1 6 0 2 1 1 1 2 1 3 0 6 0 
4 -1 1 1 2 0 0 0 1 1 2 0 3 1 8 0 1 -1 9 -1 0 -1 
Language_51
11
0
1 2 3 4 6 8 9 10 
a b c d e 
0 1 10 0 2 1 1 0 0 1 3 1 7 0 7 1 9 0 5 0 3 0 
8 -1 7 1 0 1 10 -1 9 1 7 1 1 -1 4 -1 4 -1 7 -1 10 0 
0 1 3 1 4 0 7 0 1 0 2 0 9 1 6 1 4 1 7 0 6 1 
3 0 2 -1 5 0 4 0 2 0 5 1 1 0 4 -1 4 1 3 -1 0 1 
10 0 7 0 3 0 4 1 6 1 7 0 6 0 5 1 3 0 0 1 8 1 
0 1 4 1 7 -1 4 0 10 0 9 -1 0 -1 3 -1 4 1 9 -1 9 -1 
9 1 3 1 4 1 7 1 8 0 1 1 5 1 2 0 10 1 8 1 1 0 
7 0 1 0 7 0 7 0 7 1 3 -1 6 1 4 1 8 -1 5 1 6 -1 
10 0 3 1 5 0 0 1 6 0 3 1 6 0 2 1 9 1 10 1 0 0 
3 0 4 -1 1 0 10 1 1 1 9 0 10 1 9 -1 9 1 3 1 2 -1 
Language_52
11
0
1 6 7 9 10 
a b c d e 
0 0 7 1 8 0 7 0 8 0 7 1 9 1 1 0 10 1 5 1 6 1 
5 -1 0 0 1 0 8 -1 2 1 2 1 3 -1 7 0 1 0 4 1 5 0 
4 1 4 0 2 1 1 1 3 1 10 0 9 1 8 1 10 0 10 0 9 0 
5 0 4 0 8 1 9 -1 8 0 9 -1 2 1 8 0 6 -1 3 0 5 1 
5 0 0 0 9 0 3 1 5 0 4 0 1 1 3 0 8 0 10 0 3 0 
4 -1 1 -1 1 -1 6 -1 0 -1 8 1 8 0 10 -1 8 1 4 1 2 -1 
6 1 2 1 8 1 8 0 6 0 5 0 1 1 9 1 4 1 9 1 0 0 
8 -1 4 0 3 1 3 0 9 0 10 0 9 0 9 0 5 -1 0 -1 2 0 
4 0 10 0 10 1 3 0 2 0 0 1 5 0 9 0 10 0 0 1 6 1 
7 0 0 -1 1 -1 2 -1 9 -1 5 -1 6 -1 5 -1 4 0 9 1 0 -1 
Language_53
11
0
8 9 10 
a b c d e 
3 0 10 0 10 1 2 1 2 0 5 1 10 1 1 0 0 0 0 0 8 1 
7 1 5 1 5 1 4 0 10 1 10 1 0 1 10 1 1 -1 7 0 0 1 
4 1 9 1 3 0 1 0 6 1 9 1 5 1 8 1 8 1 2 0 7 0 
5 0 10 1 3 -1 6 -1 5 -1 10 1 8 0 0 0 5 0 0 1 2 0 
6 0 10 0 4 0 2 1 7 1 7 0 4 1 10 1 1 1 7 0 10 1 
3 0 0 0 4 -1 3 1 5 0 1 1 7 -1 2 0 7 1 10 -1 2 -1 
7 0 3 1 1 0 0 1 9 0 7 0 1 1 2 1 9 0 2 1 2 1 
9 -1 7 0 6 1 5 -1 10 -1 7 0 3 -1 4 0 1 -1 8 1 5 0 
7 1 8 1 0 0 5 0 4 1 2 1 3 0 3 0 5 1 0 0 9 0 
3 -1 4 -1 1 -1 5 1 6 0 6 0 2 -1 5 0 9 0 10 0 2 0 
Language_54
11
0
0 3 6 10 
a b c d e 
3 1 9 0 7 0 5 0 1 0 0 0 10 0 3 0 2 1 1 1 1 0 
0 1 7 0 8 1 8 0 2 0 7 -1 6 0 6 -1 10 1 4 1 1 1 
5 0 8 0 10 1 4 0 9 0 5 0 3 1 10 0 1 1 0 0 3 0 
3 -1 2 0 3 0 2 -1 9 -1 3 1 1 -1 3 -1 3 -1 5 1 8 1 
0 0 8 0 9 0 8 1 2 1 3 0 2 1 2 0 2 1 8 0 9 1 
5 0 10 0 5 1 1 1 8 0 1 1 0 0 1 1 0 0 0 1 4 1 
2 0 1 0 9 0 8 1 6 1 5 1 10 1 10 1 10 1 5 0 1 0 
8 -1 5 -1 4 0 4 1 1 0 3 1 2 -1 3 -1 1 1 2 0 1 0 
7 1 1 0 2 1 4 1 6 1 10 0 8 1 5 0 5 0 10 1 5 0 
2 0 6 -1 2 0 0 0 3 1 4 0 4 0 4 1 7 -1 10 0 1 -1 
Language_55
11
0
3 4 6 7 9 10 
a b c d e 
8 0 4 0 5 0 5 1 9 0 5 1 3 0 3 1 9 0 10 0 10 1 
5 1 7 -1 10 1 5 0 10 -1 8 1 4 -1 2 1 0 1 4 1 5 -1 
10 1 0 0 10 0 4 0 0 0 8 0 9 1 5 1 1 0 0 0 4 0 
1 -1 4 -1 2 1 7 0 4 0 10 -1 1 0 9 0 1 -1 2 0 4 0 
3 1 7 1 7 0 10 0 8 1 0 0 10 1 7 0 7 1 5 1 0 0 
2 -1 7 1 9 -1 10 -1 3 -1 5 1 7 0 9 -1 3 1 9 0 6 1 
4 0 2 1 1 1 10 0 6 0 0 0 2 1 6 1 5 1 1 1 0 1 
8 1 2 1 3 -1 4 0 2 0 9 0 5 -1 6 0 9 0 7 1 3 1 
5 0 1 0 4 0 10 0 4 0 8 0 2 0 3 1 10 0 7 0 3 0 
1 0 0 1 1 1 2 -1 7 0 8 0 10 0 9 1 5 -1 6 1 9 0 
Language_56
11
0
0 2 3 4 5 8 9 
a b c d e 
6 1 7 0 2 0 7 0 8 1 10 1 3 1 9 1 0 1 10 1 2 1 
6 -1 7 0 2 0 1 -1 3 1 0 1 8 -1 9 -1 4 1 7 -1 2 -1 
4 0 4 0 8 1 8 1 2 1 6 1 10 0 4 0 2 0 6 0 3 0 
3 -1 10 -1 9 -1 10 1 10 -1 10 -1 6 -1 5 0 1 1 2 1 1 -1 
10 0 7 0 4 1 3 0 10 1 1 0 8 0 2 0 5 1 7 0 5 0 
9 0 5 1 8 1 2 -1 1 0 6 -1 0 0 8 -1 5 1 0 0 3 1 
2 1 5 0 3 1 3 1 5 1 10 1 2 1 0 1 6 1 6 1 5 1 
3 -1 10 1 7 1 2 1 5 1 8 0 8 0 3 -1 7 -1 5 1 1 -1 
7 0 10 1 2 0 4 0 10 1 8 0 8 1 9 0 6 1 10 1 10 0 
5 -1 4 0 3 -1 0 -1 1 1 6 0 5 0 8 0 9 0 1 1 6 1 
Language_57
11
0
1 2 6 7 8 10 
a b c d e 
1 1 2 0 9 1 6 0 8 1 9 1 10 1 8 0 10 0 0 1 2 0 
1 -1 4 1 1 -1 2 -1 10 0 5 1 10 0 9 1 0 -1 10 1 4 0 
8 1 7 0 2 0 9 1 2 0 7 0 4 1 9 1 4 0 7 1 2 0 
10 1 10 -1 6 0 5 1 6 0 1 -1 8 1 7 0 5 1 8 1 9 -1 
6 1 1 1 2 0 4 0 2 0 3 0 8 1 1 1 0 1 0 0 0 1 
7 0 8 0 2 1 4 -1 7 -1 2 0 2 -1 9 -1 6 -1 4 -1 0 -1 
6 1 3 0 10 1 2 1 6 0 4 0 6 0 2 1 3 1 8 1 9 1 
10 1 8 1 2 1 6 1 10 0 1 -1 3 -1 10 0 10 1 9 1 7 1 
8 1 5 1 4 1 7 1 5 0 8 0 1 1 9 1 7 0 8 1 2 0 
2 -1 2 -1 9 0 0 0 4 1 7 0 0 0 8 0 3 1 5 1 8 1 
Language_58
11
0
0 2 3 4 5 7 8 10 
a b c d e 
4 1 2 1 8 0 0 1 3 1 8 1 2 1 9 1 10 0 7 0 6 0 
2 -1 7 1 5 -1 9 1 4 0 10 -1 3 1 6 -1 5 -1 4 1 5 1 
7 1 0 0 3 1 5 1 3 1 3 1 0 1 3 0 7 1 1 0 8 1 
4 1 1 0 5 1 7 -1 0 0 9 -1 8 -1 9 -1 5 0 8 0 9 0 
10 1 2 1 4 1 4 0 2 0 6 0 2 1 2 0 9 0 8 1 1 0 
9 1 2 0 3 1 2 0 9 1 8 1 10 1 6 0 8 -1 10 -1 6 0 
9 0 5 1 8 1 10 1 7 1 6 1 10 1 10 0 7 1 5 1 4 1 
8 1 10 -1 3 0 5 0 1 0 7 -1 6 -1 5 -1 2 1 10 -1 5 0 
9 0 6 1 2 1 4 1 6 0 8 1 3 1 3 0 9 0 10 1 6 0 
7 0 6 0 3 -1 6 0 4 0 3 0 1 -1 9 0 2 1 2 1 4 -1 
Language_59
11
0
1 2 5 9 10 
a b c d e 
4 0 2 1 4 0 5 0 2 1 1 1 4 1 4 0 2 0 4 1 3 0 
0 1 7 1 9 -1 1 -1 10 -1 8 0 9 -1 6 1 6 1 6 0 3 1 
6 0 3 0 3 1 9 0 0 0 6 1 4 1 0 1 4 1 8 1 3 1 
7 0 1 1 4 0 7 1 0 1 8 0 9 0 1 -1 8 1 6 0 10 -1 
6 0 5 1 7 0 6 0 3 1 8 1 8 0 3 1 1 1 2 0 8 1 
5 0 3 0 2 0 1 1 9 -1 6 -1 0 -1 6 0 4 -1 0 0 8 0 
6 0 2 0 4 0 2 0 6 1 4 1 0 1 6 1 8 1 7 0 4 1 
8 -1 6 -1 4 1 9 1 5 0 7 1 3 -1 0 0 7 0 3 1 9 0 
0 0 9 0 4 1 0 0 3 1 8 0 0 1 1 1 7 0 10 1 4 0 
7 1 10 -1 4 0 10 0 5 0 5 1 0 -1 10 -1 5 1 0 1 10 0 
Language_60
11
0
2 7 9 10 
a b c d e 
6 0 5 0 6 0 8 0 4 1 8 1 10 1 1 1 7 0 10 0 6 0 
0 0 4 1 10 1 0 -1 6 0 5 -1 4 0 10 0 9 1 10 -1 4 1 
1 0 0 1 8 1 0 1 1 1 10 0 5 0 1 0 10 0 2 1 4 0 
10 1 0 0 9 0 2 0 4 0 3 1 8 0 9 0 1 1 3 0 4 -1 
9 1 2 0 7 0 4 1 9 0 8 0 1 0 1 0 7 0 1 1 3 0 
0 -1 7 0 9 1 4 0 3 -1 4 -1 9 1 8 -1 4 -1 9 1 5 -1 
6 1 0 0 7 0 9 1 3 0 4 0 6 1 2 0 5 0 7 0 10 1 
10 0 9 0 0 1 1 1 3 -1 3 -1 10 0 10 0 4 1 0 0 5 -1 
9 1 1 1 8 0 0 0 2 1 4 0 6 1 9 1 9 0 0 1 9 0 
5 1 0 -1 9 0 1 0 10 -1 1 -1 2 1 7 -1 6 0 8 1 1 -1 
Language_61
11
0
3 8 
a b c d e 
3 1 7 1 6 0 1 0 7 0 6 1 5 0 2 0 6 1 0 1 9 1 
10 -1 3 0 7 0 10 1 0 0 5 0 4 0 10 1 10 0 5 1 2 -1 
8 0 3 0 7 1 7 1 3 1 6 0 0 1 6 1 1 0 5 0 10 1 
6 0 7 1 4 0 4 -1 5 -1 10 0 3 -1 9 1 9 1 3 0 6 0 
2 0 9 1 2 0 6 1 6 0 2 0 1 1 5 0 2 0 8 0 2 1 
1 0 1 -1 6 -1 6 -1 8 0 3 0 10 1 0 1 0 1 0 1 10 -1 
8 0 4 0 3 0 5 0 5 1 3 1 10 0 1 1 9 0 9 0 6 1 
7 -1 0 -1 0 -1 9 0 3 -1 6 0 0 -1 10 1 1 1 0 0 6 0 
8 1 4 0 10 0 8 0 8 1 3 1 8 0 3 0 5 1 2 1 9 0 
7 1 3 0 8 1 5 -1 3 -1 0 -1 8 1 6 1 7 0 9 1 5 1 
Language_62
11
0
0 1 2 3 4 7 8 9 
a b c d e 
5 0 2 0 9 1 5 0 1 0 0 1 7 1 8 0 5 0 8 0 1 0 
5 1 4 0 8 -1 8 -1 5 0 6 0 7 1 1 1 0 -1 7 0 4 1 
1 1 7 1 3 0 2 1 2 1 2 1 4 0 10 0 4 0 1 0 4 1 
0 -1 2 0 8 0 6 0 0 0 9 -1 3 -1 7 1 9 0 7 1 3 -1 
4 1 9 1 1 1 4 0 4 0 2 0 7 0 3 0 5 1 6 0 0 0 
9 -1 5 -1 1 1 0 -1 1 0 6 1 0 0 10 0 7 -1 7 1 3 -1 
7 1 10 0 6 0 10 0 2 1 1 1 6 1 9 1 6 1 6 0 1 0 
4 0 0 1 9 0 10 -1 2 -1 7 -1 8 0 6 1 9 0 6 -1 2 1 
8 0 9 0 10 0 6 0 9 1 8 0 7 0 2 1 2 1 0 1 2 0 
10 -1 0 1 4 1 5 1 0 0 7 1 6 0 2 0 5 0 1 -1 2 0 
Language_63
11
0
3 6 7 8 9 
a b c d e 
10 1 7 0 9 1 3 0 9 0 3 0 10 1 8 0 1 0 0 0 0 0 
2 -1 2 1 1 0 8 0 9 0 5 -1 10 0 10 1 7 1 0 -1 0 0 
1 0 6 1 1 0 9 1 6 1 7 1 5 1 10 0 0 1 8 0 7 1 
9 -1 4 -1 8 -1 1 -1 1 0 10 -1 2 1 9 -1 10 0 1 1 4 -1 
2 0 10 1 6 1 7 0 3 1 8 1 1 1 5 1 3 0 6 0 1 1 
6 -1 7 -1 8 0 9 1 9 0 8 1 10 -1 2 -1 6 0 1 1 9 1 
10 1 5 1 7 0 1 0 3 1 3 1 2 0 3 0 8 0 3 1 10 0 
2 1 2 -1 6 0 2 0 5 1 3 -1 6 -1 10 1 6 1 7 0 7 1 
5 1 7 0 9 0 1 1 8 0 7 1 5 0 0 1 9 0 4 0 4 0 
6 1 3 -1 10 -1 0 0 10 1 10 -1 7 1 4 1 0 0 6 -1 2 -1 
Language_64
11
0
0 1 8 9 
a b c d e 
10 1 3 0 8 0 7 1 4 1 9 1 3 1 4 0 0 1 3 0 10 0 
2 -1 10 0 3 -1 9 1 2 0 9 1 1 1 6 1 6 0 2 0 4 0 
1 1 9 0 10 1 3 1 4 1 3 0 5 0 0 1 4 1 2 1 3 0 
0 1 9 1 5 0 2 0 7 -1 7 0 3 1 2 -1 1 1 0 1 5 -1 
9 0 6 0 9 1 3 0 0 1 3 0 0 0 9 1 0 1 5 1 2 0 
10 0 1 1 0 -1 3 0 1 0 7 -1 6 1 4 1 2 1 6 0 9 1 
9 0 3 0 6 1 2 0 5 0 9 0 5 1 10 1 7 0 5 0 2 0 
1 1 7 0 9 -1 4 0 10 1 0 1 8 1 8 0 3 0 8 -1 4 0 
1 1 5 1 2 1 6 1 0 0 10 0 7 1 3 0 0 1 10 1 0 0 
2 1 10 1 7 -1 8 1 0 0 9 -1 7 -1 5 1 0 1 7 1 0 0 
Language_65
11
0
1 2 4 5 6 7 9 
a b c d e 
1 1 0 0 7 0 8 1 8 0 4 1 9 1 1 0 5 0 2 1 2 0 
4 1 5 -1 6 0 9 -1 2 1 5 -1 3 -1 0 -1 10 1 7 -1 3 0 
3 1 6 0 4 1 6 0 6 0 5 1 5 1 3 1 8 0 5 0 8 1 
7 0 3 -1 0 -1 1 -1 3 1 1 -1 0 1 4 1 2 1 4 0 4 0 
0 1 5 0 6 0 7 1 8 0 1 1 1 1 5 1 0 1 3 1 1 0 
4 0 6 0 7 1 10 -1 5 0 7 -1 6 0 1 -1 8 -1 8 0 5 0 
1 0 8 0 3 0 6 1 2 0 1 1 3 0 2 1 1 0 3 0 7 0 
5 -1 10 0 6 1 5 -1 1 -1 8 1 9 0 0 0 3 0 0 0 4 0 
8 0 0 1 2 1 4 0 3 0 5 1 0 1 7 0 2 1 10 0 0 1 
5 -1 9 0 8 -1 1 0 5 1 6 0 9 0 3 -1 10 0 6 1 1 -1 
Language_66
11
0
1 2 3 4 5 6 7 8 10 
a b c d e 
0 1 8 1 3 1 5 0 10 1 1 0 10 1 4 0 8 0 7 1 7 1 
6 -1 9 0 6 -1 6 -1 8 0 3 -1 3 0 4 -1 8 0 5 0 9 -1 
9 1 9 0 2 0 4 1 4 1 1 1 3 0 9 1 6 0 0 0 7 0 
5 0 1 -1 0 0 1 -1 5 1 2 -1 3 0 3 -1 9 0 7 0 6 0 
4 0 7 0 7 0 1 1 4 0 10 0 0 0 3 0 5 1 10 1 7 1 
10 0 10 -1 0 -1 7 1 1 1 5 -1 6 -1 3 1 5 0 0 -1 9 1 
4 1 0 0 4 0 0 0 2 1 4 1 6 0 9 1 3 1 5 0 9 0 
0 -1 1 -1 5 -1 5 1 5 1 7 1 2 1 9 -1 0 -1 5 0 8 -1 
6 1 8 1 0 0 8 0 2 1 10 1 1 1 0 0 6 1 4 1 4 1 
5 0 9 1 6 1 10 0 1 0 2 1 9 0 9 -1 9 -1 8 -1 6 -1 
Language_67
11
0
1 3 8 
a b c d e 
8 1 9 1 4 1 10 0 9 0 9 1 5 0 3 1 8 0 0 0 0 1 
4 -1 10 0 3 0 6 0 4 1 9 0 4 0 5 1 5 -1 1 0 1 1 
6 0 0 0 6 1 7 1 4 1 0 1 9 1 4 1 7 0 5 1 5 0 
6 1 0 0 6 1 9 0 1 1 4 0 5 -1 7 1 10 0 9 0 3 0 
3 1 3 0 2 1 0 1 8 1 5 1 7 1 0 1 8 1 3 0 4 1 
8 1 10 0 10 0 9 1 1 -1 5 0 0 -1 7 -1 4 -1 9 1 2 -1 
10 0 8 0 1 0 1 1 0 1 9 1 1 0 9 1 10 0 8 1 9 1 
7 0 7 0 0 0 8 -1 7 1 4 1 6 -1 2 -1 4 0 7 -1 2 -1 
1 0 6 1 8 1 8 0 10 1 4 1 10 1 9 1 9 1 8 0 3 1 
8 0 1 0 2 1 6 0 4 -1 3 1 6 0 6 -1 10 -1 5 0 10 1 
Language_68
11
0
3 4 5 6 7 
a b c d e 
5 0 9 0 2 0 7 1 3 0 5 0 6 1 2 1 4 1 0 0 1 0 
8 1 7 1 5 0 8 1 6 0 5 0 0 0 4 -1 10 1 4 -1 5 1 
2 1 7 1 0 0 8 0 4 1 1 0 7 0 0 1 1 0 10 0 5 0 
2 1 6 -1 10 0 3 1 0 -1 5 0 8 -1 10 0 10 -1 1 1 6 1 
7 0 2 1 6 1 8 0 5 1 10 0 10 0 0 0 3 0 3 1 9 1 
3 -1 3 0 0 -1 6 1 4 -1 9 1 8 0 8 1 6 -1 9 1 6 0 
8 0 5 1 10 1 7 0 7 0 0 1 7 0 8 0 5 0 7 0 1 1 
8 -1 2 1 3 1 9 1 0 0 5 1 5 -1 7 1 2 1 6 -1 9 1 
0 1 7 0 5 1 10 1 1 1 0 0 1 0 4 0 10 0 1 0 1 1 
7 0 5 1 7 -1 9 -1 6 0 5 0 5 0 3 1 7 1 5 1 4 1 
Language_69
11
0
2 4 6 7 10 
a b c d e 
6 1 3 0 7 1 4 1 9 1 0 1 4 1 9 0 2 0 10 1 2 0 
8 1 9 -1 5 0 9 -1 3 0 1 1 8 1 8 1 0 1 6 -1 3 1 
5 1 3 0 0 1 10 1 9 0 9 0 4 1 9 0 3 1 5 1 7 1 
8 -1 8 1 4 1 9 1 6 1 8 0 7 0 9 0 0 1 0 0 9 1 
6 0 4 0 1 0 6 1 6 1 0 0 9 0 2 0 1 0 5 1 7 1 
9 0 5 -1 10 1 9 1 5 -1 10 -1 10 -1 10 1 1 1 5 1 5 0 
10 0 1 1 9 0 7 1 1 0 8 1 0 0 6 0 6 0 1 0 7 0 
10 1 10 0 3 -1 8 1 10 1 2 -1 9 1 4 1 1 -1 5 -1 4 -1 
2 1 7 0 2 0 1 0 10 1 1 0 9 1 5 1 9 1 3 0 3 0 
2 1 9 -1 2 0 3 0 10 1 8 0 6 -1 1 0 10 0 6 0 0 1 
Language_70
11
0
2 3 5 6 
a b c d e 
3 0 9 1 5 0 10 1 4 0 5 0 6 1 6 1 7 1 5 1 9 1 
4 -1 5 -1 9 1 7 0 5 1 0 0 4 1 10 1 7 -1 3 1 0 0 
3 0 1 0 6 1 6 1 1 0 7 1 6 0 1 1 1 0 2 0 7 1 
10 0 3 1 6 0 1 1 7 1 10 -1 2 0 10 -1 7 1 3 0 1 0 
2 0 5 0 6 1 3 0 6 1 3 0 0 0 3 0 5 0 7 0 1 0 
0 1 8 -1 2 -1 7 -1 1 0 3 0 8 -1 6 -1 5 0 8 -1 5 -1 
2 1 6 1 10 1 7 0 8 1 7 1 8 0 10 1 2 0 9 0 2 0 
5 0 6 0 0 -1 6 1 8 0 4 -1 6 -1 8 1 9 -1 6 1 10 0 
6 0 7 1 9 0 8 1 9 0 10 1 7 1 4 0 10 1 8 0 10 1 
0 0 2 0 8 -1 9 0 1 1 3 1 10 0 4 0 9 0 5 1 5 0 
Language_71
11
0
1 3 5 7 10 
a b c d e 
0 0 9 1 5 1 1 1 10 1 9 1 7 0 10 0 8 0 5 1 7 0 
5 0 4 0 1 -1 6 -1 9 0 1 1 0 0 3 0 4 1 10 0 1 -1 
3 1 0 0 2 1 1 1 8 1 6 1 6 1 2 0 2 1 10 0 3 0 
4 -1 8 -1 8 1 4 1 7 1 9 1 8 0 1 -1 0 -1 10 1 4 -1 
4 1 8 1 7 0 5 0 4 0 9 1 3 0 8 1 6 1 2 1 5 0 
10 1 1 0 7 0 9 -1 4 1 8 -1 1 1 6 1 2 1 4 1 1 1 
9 1 2 0 5 0 7 0 7 1 5 0 4 1 2 0 9 1 7 1 2 0 
5 1 9 -1 5 0 6 0 2 -1 8 -1 8 -1 8 -1 7 -1 0 -1 6 0 
8 1 8 1 7 1 8 0 0 0 5 0 6 1 3 0 8 0 3 1 8 1 
1 1 9 -1 2 0 1 -1 8 -1 5 -1 0 -1 10 0 4 1 2 1 1 0 
Language_72
11
0
0 3 5 7 8 10 
a b c d e 
10 1 8 0 4 0 5 1 8 1 7 1 10 0 2 0 5 0 0 1 10 1 
7 1 6 1 8 1 8 1 7 1 4 -1 3 0 2 0 1 0 0 -1 7 0 
3 0 3 1 9 0 8 1 9 0 6 1 8 1 2 0 0 1 6 1 3 0 
2 1 2 1 2 -1 2 0 10 -1 1 1 10 -1 2 -1 10 0 4 -1 9 0 
2 0 0 0 9 0 5 1 4 0 4 0 8 1 3 1 10 0 7 0 10 1 
3 -1 0 0 4 0 7 -1 8 0 1 0 1 1 1 1 2 0 6 1 3 0 
7 0 0 1 9 0 1 0 4 1 4 0 8 1 7 1 3 1 5 1 0 1 
7 1 4 -1 5 0 1 -1 5 0 6 0 0 -1 10 0 0 -1 9 -1 3 0 
7 0 9 1 8 0 10 0 0 1 9 1 10 0 10 0 9 0 0 1 1 1 
4 -1 6 1 5 0 10 -1 9 0 1 0 0 0 7 1 0 0 8 1 7 -1 
Language_73
11
0
1 4 5 6 7 8 9 10 
a b c d e 
2 1 2 0 0 0 8 0 9 1 6 0 5 1 2 0 10 0 0 1 1 0 
7 1 9 -1 9 1 9 -1 9 1 0 0 1 0 3 -1 10 -1 9 -1 7 1 
0 0 4 0 10 1 3 0 8 0 1 0 1 0 3 1 2 0 1 0 8 0 
2 -1 3 1 4 -1 8 1 6 1 8 -1 7 -1 3 -1 4 0 7 0 0 -1 
9 1 6 1 1 0 2 1 7 1 7 0 2 1 9 1 6 0 3 1 9 0 
1 1 5 1 2 0 8 1 1 1 3 1 5 0 10 1 9 0 5 0 3 0 
2 0 9 1 5 0 6 1 1 1 0 0 7 1 5 0 2 0 2 1 0 0 
2 -1 10 -1 3 -1 7 1 7 0 10 -1 4 -1 1 1 4 0 4 -1 7 -1 
6 1 5 0 0 1 8 1 7 0 0 1 0 1 0 0 7 1 1 0 0 0 
6 1 5 -1 1 1 5 -1 0 0 4 1 10 -1 7 1 1 0 1 -1 3 1 
Language_74
11
0
0 1 2 3 8 9 
a b c d e 
0 0 10 1 5 0 1 0 7 0 10 0 5 1 10 1 1 1 5 1 3 1 
1 -1 4 1 8 0 2 -1 0 1 2 0 10 1 7 1 0 0 2 0 4 1 
7 1 3 1 4 0 9 1 3 0 5 1 3 1 10 0 8 0 5 1 4 0 
8 1 4 -1 3 1 0 1 10 0 6 1 0 1 9 1 5 -1 6 0 3 -1 
7 0 10 1 5 1 7 0 2 0 8 1 9 0 1 0 1 1 8 0 5 1 
1 0 3 1 7 -1 9 1 4 -1 3 -1 3 -1 10 -1 10 -1 5 1 6 -1 
2 0 4 1 6 1 5 0 4 0 10 1 8 0 5 1 1 0 2 0 7 0 
4 1 7 0 3 1 9 -1 3 0 9 0 1 1 7 0 9 1 7 0 10 1 
10 1 1 1 1 1 8 1 2 0 6 0 3 0 9 1 0 1 6 0 3 0 
3 -1 1 0 4 0 9 1 4 0 8 1 10 -1 6 0 9 1 10 -1 6 0 
Language_75
11
0
0 1 2 7 
a b c d e 
10 1 4 1 7 1 0 1 1 0 4 0 5 0 5 1 4 0 9 1 2 0 
2 1 5 -1 0 0 2 1 3 0 5 0 3 0 7 1 8 0 10 0 0 -1 
0 1 6 1 10 1 9 1 9 1 7 1 8 0 6 1 10 1 10 1 9 0 
7 -1 9 0 5 1 10 1 10 1 7 0 10 0 8 0 2 1 5 -1 6 0 
10 0 10 0 10 0 10 0 8 0 8 1 1 0 1 0 1 1 5 1 8 0 
6 1 2 1 0 0 0 1 9 -1 6 0 2 -1 3 0 7 -1 8 1 4 1 
3 0 10 0 10 0 1 1 4 0 9 0 3 0 10 0 7 1 5 1 0 0 
6 1 5 0 2 -1 5 1 8 0 7 -1 2 -1 9 1 9 0 4 0 7 0 
8 1 2 1 5 1 8 1 1 1 2 1 8 1 4 0 6 0 1 1 8 0 
7 -1 9 0 8 0 5 -1 0 1 5 -1 2 0 8 1 10 0 9 0 10 0 
Language_76
11
0
0 1 3 4 5 6 8 
a b c d e 
2 1 4 0 9 0 4 1 7 1 7 1 3 0 1 1 3 0 4 0 7 1 
7 1 10 1 10 1 4 1 1 1 2 1 7 0 6 -1 0 1 3 -1 5 -1 
5 0 8 1 10 0 2 1 10 0 6 0 9 1 7 1 8 0 10 1 10 0 
9 0 1 1 9 1 8 1 1 0 9 1 1 -1 0 0 7 -1 6 -1 9 -1 
9 1 9 1 4 0 7 1 3 0 5 0 5 1 10 0 4 1 7 1 0 1 
2 0 2 1 3 -1 2 1 3 -1 6 0 10 -1 7 0 9 -1 6 -1 4 -1 
9 1 4 1 5 0 2 0 2 0 6 0 3 0 0 1 6 0 6 1 9 1 
5 1 2 1 10 -1 7 1 9 -1 3 -1 7 0 3 0 7 1 0 0 7 1 
5 0 6 1 10 0 6 0 2 1 6 1 1 1 7 1 1 1 5 1 3 1 
3 0 9 1 0 -1 3 -1 4 -1 10 0 6 0 5 0 3 -1 0 0 4 1 
Language_77
11
0
0 2 3 4 5 9 10 
a b c d e 
2 1 7 0 10 1 10 1 2 1 1 0 7 0 3 1 10 1 8 0 10 0 
4 1 10 -1 9 1 6 1 1 1 10 -1 0 -1 9 -1 8 1 9 -1 3 0 
5 1 6 0 4 0 7 0 4 1 9 1 8 0 10 0 0 1 7 0 4 1 
6 1 0 -1 9 0 9 -1 6 1 7 1 5 -1 9 1 2 1 5 0 0 -1 
5 1 10 0 5 0 1 1 6 0 4 1 8 0 9 0 8 0 10 0 6 0 
2 0 2 0 9 -1 6 1 6 0 6 -1 9 1 3 -1 6 1 4 -1 4 -1 
3 0 0 0 9 1 10 1 7 0 2 0 1 0 0 1 9 1 5 1 6 1 
0 -1 7 -1 9 -1 10 -1 5 -1 10 1 0 1 7 0 8 1 10 -1 4 1 
3 0 0 1 5 0 10 0 10 0 2 1 10 0 6 0 8 0 0 1 3 0 
7 0 0 1 5 1 10 -1 1 -1 10 -1 6 -1 8 1 10 1 3 -1 3 -1 
Language_78
11
0
2 3 5 6 7 10 
a b c d e 
4 1 8 1 8 1 10 1 6 0 8 0 6 1 2 0 7 1 2 0 1 0 
8 -1 7 -1 9 0 1 -1 7 0 3 1 6 0 4 0 4 0 9 -1 5 1 
10 0 4 1 2 1 9 0 10 0 0 0 9 1 9 1 10 1 7 1 6 1 
7 0 1 1 3 0 0 1 9 -1 5 0 9 1 9 1 6 1 9 1 10 1 
8 1 8 0 3 1 5 0 8 0 6 0 7 0 10 0 9 0 8 1 7 1 
1 0 3 0 2 -1 4 1 3 1 5 0 7 -1 2 0 5 -1 7 0 9 0 
4 0 1 0 7 0 10 0 2 1 1 0 8 0 0 0 3 1 6 0 2 0 
3 1 10 0 10 -1 3 0 2 1 8 0 1 0 7 0 8 -1 1 0 2 -1 
2 0 1 1 5 1 2 1 10 1 7 1 2 1 1 0 9 1 8 0 7 1 
1 1 1 0 1 1 8 1 8 1 1 0 5 -1 2 -1 8 1 4 0 2 1 
Language_79
11
0
0 1 4 5 7 9 
a b c d e 
10 1 5 1 3 0 1 1 7 1 10 0 7 0 0 0 10 0 9 0 10 0 
9 1 5 1 5 1 6 -1 2 -1 2 1 3 -1 9 -1 7 -1 2 1 7 0 
3 0 2 0 8 0 9 1 8 1 4 0 4 0 6 0 7 0 1 1 2 0 
6 0 7 0 5 1 0 1 3 1 8 0 6 -1 8 -1 2 -1 5 -1 9 1 
6 0 3 0 4 0 6 0 9 1 5 1 4 0 1 0 0 0 4 0 9 0 
9 1 1 1 8 -1 6 1 6 0 1 -1 0 -1 2 1 9 0 9 -1 1 1 
1 0 5 1 3 0 5 0 6 1 3 0 10 0 6 0 9 1 1 1 10 0 
2 0 4 0 2 -1 6 0 8 0 5 -1 4 -1 4 1 7 -1 8 1 2 1 
1 0 6 0 1 1 6 0 8 1 5 0 6 0 3 0 10 0 10 1 3 1 
5 1 8 -1 0 0 10 -1 0 -1 4 0 5 1 9 0 1 1 6 0 7 0 
Language_80
11
0
0 4 5 7 10 
a b c d e 
9 0 4 0 2 1 6 1 9 1 5 1 3 0 4 0 4 1 8 0 9 0 
3 -1 1 1 7 0 7 0 1 -1 8 1 3 1 4 -1 0 -1 6 0 7 0 
10 0 9 0 10 1 4 0 10 1 8 1 7 1 0 1 0 0 3 1 0 1 
5 0 9 -1 8 0 5 0 10 1 8 0 8 1 6 -1 4 -1 0 -1 7 -1 
9 1 7 1 10 1 5 1 5 1 3 0 9 1 5 0 9 1 1 0 2 0 
7 1 10 1 6 -1 1 0 3 1 5 0 0 0 3 1 6 1 5 -1 2 1 
2 1 9 0 4 1 10 0 1 0 0 1 7 1 1 0 3 1 2 1 6 1 
8 0 2 1 3 -1 6 -1 2 -1 6 0 5 1 3 -1 3 -1 7 0 0 0 
5 0 3 1 9 0 8 1 5 0 5 1 3 0 10 1 0 0 10 1 3 1 
10 -1 9 1 5 1 0 0 1 0 5 1 9 1 0 -1 9 -1 6 1 5 1 
Language_81
11
0
1 8 
a b c d e 
1 1 7 0 0 0 7 0 0 1 9 1 9 1 10 0 6 1 8 0 4 0 
3 0 10 1 5 1 8 1 9 -1 2 0 8 -1 8 0 4 1 10 -1 6 0 
6 1 6 1 1 1 8 0 5 1 5 1 5 1 7 1 4 1 3 1 10 0 
0 -1 9 0 7 1 0 1 4 0 1 0 9 1 8 0 2 -1 1 -1 9 0 
7 0 2 1 5 0 1 0 5 0 10 1 0 0 4 1 9 0 7 1 3 1 
9 0 4 1 2 1 0 -1 3 -1 6 1 4 1 1 0 8 0 8 -1 2 1 
8 1 3 1 0 1 10 0 7 1 2 1 4 1 0 0 1 1 4 1 6 0 
10 0 2 -1 6 0 2 0 6 -1 6 0 3 -1 10 1 8 1 7 0 7 -1 
8 0 10 1 3 0 4 1 3 0 9 0 9 1 4 0 3 1 5 0 9 0 
4 0 10 -1 0 0 10 -1 9 0 3 -1 3 0 4 1 8 1 0 0 3 -1 
Language_82
11
0
1 3 4 8 
a b c d e 
9 0 8 0 9 0 5 1 6 0 0 0 7 1 6 1 7 0 10 0 1 0 
5 -1 4 0 4 1 4 1 6 0 8 -1 2 0 2 -1 5 1 8 1 8 0 
8 1 7 1 10 1 10 1 8 1 3 1 1 0 10 1 8 0 8 1 2 1 
8 1 6 0 8 1 10 1 6 1 4 -1 3 1 9 1 5 0 1 0 9 0 
4 1 3 1 4 0 4 0 1 1 9 1 5 0 4 0 9 0 5 0 8 1 
7 0 7 -1 8 1 6 0 6 0 9 0 6 0 3 0 4 -1 1 0 3 -1 
4 0 9 0 5 0 9 1 9 0 0 1 1 1 10 0 1 1 8 1 3 1 
5 -1 1 1 0 0 3 0 1 1 0 0 7 -1 10 -1 1 0 5 0 0 1 
7 0 6 1 1 1 1 0 2 1 1 0 4 0 3 0 5 0 7 1 3 1 
7 -1 2 1 0 0 1 -1 1 0 6 1 6 0 0 -1 7 1 3 1 2 1 
Language_83
11
0
0 3 7 10 
a b c d e 
8 0 9 0 6 1 10 0 9 0 6 0 3 0 3 1 10 1 4 0 10 1 
6 -1 1 1 0 0 4 -1 8 0 5 -1 6 1 8 0 1 0 7 1 9 -1 
4 1 8 1 3 1 3 0 5 0 2 1 7 0 4 0 0 1 0 0 6 1 
0 -1 8 1 1 -1 1 -1 6 0 5 1 3 -1 6 1 3 0 3 -1 7 0 
7 1 4 1 6 1 6 0 1 0 3 1 10 0 9 1 4 1 1 1 3 1 
3 -1 1 1 0 1 8 1 5 -1 5 0 9 -1 1 1 3 1 10 1 5 1 
6 0 3 1 8 0 10 0 6 1 8 0 4 1 5 1 0 1 1 1 1 1 
1 -1 6 1 10 1 2 0 10 0 6 0 1 0 10 0 4 0 1 1 10 -1 
8 0 7 1 7 1 2 1 1 0 10 0 2 1 8 0 1 1 4 1 3 1 
10 0 6 0 5 1 8 1 10 1 3 1 1 1 7 1 1 -1 4 -1 0 1 
Language_84
11
0
0 1 2 4 5 6 7 8 
a b c d e 
5 1 0 0 1 0 4 0 0 0 7 0 8 1 3 0 6 1 7 1 4 0 
9 -1 6 1 8 1 5 1 7 -1 9 1 4 0 5 0 8 0 9 1 7 0 
3 0 6 0 1 1 5 1 4 1 9 0 3 1 5 0 8 0 10 1 9 0 
10 -1 8 -1 3 1 1 -1 10 0 2 0 2 0 7 0 8 0 10 1 9 0 
6 0 6 0 1 1 7 1 2 1 8 0 6 0 1 1 1 0 10 0 9 0 
9 0 0 -1 7 1 5 0 5 1 4 0 0 -1 9 1 3 -1 2 0 8 1 
2 1 5 1 4 1 1 1 6 0 2 0 3 1 0 1 3 0 10 1 1 1 
6 0 1 1 3 1 2 -1 10 1 0 1 1 0 1 0 9 -1 10 1 5 1 
3 1 10 1 9 0 0 1 7 1 6 1 6 0 6 0 6 1 10 0 7 0 
6 0 6 0 1 0 1 0 6 0 8 0 2 1 9 1 4 1 9 0 6 1 
Language_85
11
0
1 2 3 5 6 7 9 10 
a b c d e 
1 1 7 1 8 1 3 1 8 1 1 1 0 0 9 1 9 0 8 0 5 0 
10 -1 5 0 9 0 10 0 5 1 4 -1 10 1 7 0 5 1 8 1 6 0 
5 1 4 0 0 1 10 1 8 1 10 0 1 1 4 0 9 0 4 1 0 1 
7 0 9 0 4 -1 4 0 8 1 4 1 8 -1 10 -1 1 -1 5 0 5 -1 
2 0 1 1 5 0 7 1 7 0 7 0 3 1 10 1 3 0 5 1 7 1 
2 1 10 0 7 1 1 -1 2 -1 6 1 8 0 5 -1 7 0 0 -1 6 0 
9 1 7 0 8 1 10 0 6 1 6 1 8 0 4 1 5 1 10 0 6 0 
6 0 5 0 5 -1 5 0 6 1 10 1 2 0 6 0 5 -1 9 0 2 0 
4 0 1 0 3 1 3 1 5 0 4 0 7 0 6 0 5 0 7 0 9 0 
5 -1 4 -1 4 1 3 0 1 1 3 0 0 1 8 1 6 0 2 0 10 1 
Language_86
11
0
4 6 7 8 9 
a b c d e 
7 0 1 0 6 0 2 1 8 0 5 0 8 1 2 0 6 1 9 0 7 1 
6 0 2 -1 8 0 8 1 9 0 8 -1 5 0 5 -1 9 -1 8 0 1 1 
10 1 2 1 9 1 6 1 8 0 6 1 1 1 10 1 5 0 5 1 7 1 
0 -1 5 -1 0 -1 7 1 2 1 0 0 7 1 2 -1 4 -1 4 -1 2 1 
2 0 10 0 6 0 9 1 4 1 2 1 2 0 5 0 7 0 7 1 6 0 
4 -1 9 1 8 0 4 0 6 -1 10 0 3 0 7 -1 0 1 6 0 3 0 
0 1 9 1 1 1 0 0 10 0 10 1 8 1 0 0 10 1 6 1 5 0 
8 -1 10 -1 2 -1 0 -1 6 -1 2 1 10 1 8 1 2 -1 7 0 9 0 
9 1 10 1 0 0 3 0 7 1 9 0 8 0 6 1 5 0 4 1 6 1 
3 -1 9 1 9 0 10 0 7 -1 6 0 10 -1 5 1 5 -1 8 1 3 1 
Language_87
11
0
2 3 5 7 9 
a b c d e 
0 0 4 1 7 0 8 1 0 0 0 0 6 1 10 0 3 1 4 1 5 1 
5 0 3 0 5 -1 10 0 4 -1 0 1 10 -1 8 0 10 1 1 1 6 0 
1 1 5 1 8 0 7 0 7 0 4 1 7 1 5 0 1 0 7 0 5 1 
9 1 7 -1 8 1 6 1 2 0 4 1 9 1 0 0 0 -1 8 0 6 1 
10 0 4 0 7 1 10 1 3 0 0 1 9 0 0 1 1 0 4 0 3 0 
3 0 7 -1 5 0 3 -1 2 -1 4 -1 0 1 10 0 1 1 5 1 1 1 
0 1 4 0 10 0 9 0 10 0 10 0 8 0 5 1 4 1 8 1 1 1 
6 0 2 1 6 -1 0 1 6 0 5 1 3 0 3 0 3 -1 5 1 6 0 
2 1 1 1 9 0 3 0 5 1 6 1 7 0 5 1 10 1 4 0 6 0 
4 -1 10 1 1 -1 6 0 0 0 1 1 4 1 10 1 1 1 9 1 10 0 
Language_88
11
0
0 1 2 5 6 8 10 
a b c d e 
5 1 6 0 1 0 2 0 10 0 2 0 1 1 6 0 3 1 3 1 9 0 
10 1 1 -1 7 1 3 -1 4 1 10 -1 10 0 2 -1 9 1 9 0 5 -1 
5 0 7 1 7 0 6 1 8 1 3 0 0 1 8 1 5 0 8 0 7 0 
2 -1 10 0 2 -1 1 1 7 1 4 0 0 -1 5 1 7 1 4 0 0 0 
1 0 2 0 4 0 3 0 0 0 2 0 9 1 5 0 8 0 2 0 9 0 
3 1 8 0 4 1 8 -1 7 0 7 0 10 1 7 0 6 0 9 -1 6 1 
3 1 4 0 9 0 7 0 10 1 4 1 6 1 5 1 1 0 1 1 2 1 
5 0 3 1 6 1 9 0 4 0 0 1 8 0 5 -1 4 0 2 0 3 0 
2 0 6 0 7 1 3 1 5 0 5 1 1 1 2 0 3 1 3 1 8 1 
7 1 1 1 9 -1 9 -1 4 0 3 0 9 1 7 1 0 0 9 1 8 1 
Language_89
11
0
0 1 2 6 8 
a b c d e 
3 0 5 0 6 0 3 0 8 0 3 0 7 0 0 0 4 1 3 0 2 1 
0 -1 8 1 0 -1 4 1 5 -1 1 1 8 1 9 -1 2 -1 8 0 6 0 
2 1 9 1 9 0 2 1 7 1 6 0 7 0 8 1 4 1 6 0 7 0 
2 1 8 1 6 0 2 -1 2 1 3 1 6 -1 8 0 1 1 4 1 2 1 
6 1 6 0 4 1 5 0 7 0 10 1 9 0 1 1 1 0 10 0 8 1 
5 0 4 1 3 -1 0 0 5 0 7 1 4 0 6 1 10 0 10 -1 8 1 
4 1 4 1 0 1 7 0 8 1 0 1 9 1 9 1 3 1 4 1 7 0 
10 0 0 0 8 0 8 1 1 -1 7 1 1 -1 9 0 9 0 1 0 9 -1 
6 1 0 1 9 0 7 1 0 1 4 0 2 1 3 1 9 0 0 0 7 1 
3 -1 2 1 4 -1 1 -1 0 -1 1 1 7 1 4 1 7 -1 7 1 7 1 
Language_90
11
0
0 3 4 5 9 10 
a b c d e 
4 0 7 0 5 1 9 1 10 1 6 1 1 1 3 0 0 0 0 1 5 0 
2 -1 7 -1 6 -1 10 -1 5 -1 8 -1 0 0 6 -1 6 0 10 0 9 1 
6 1 6 0 5 0 2 1 5 0 3 1 9 0 8 0 3 1 3 1 4 1 
3 -1 9 0 4 1 0 1 10 1 3 1 2 1 3 -1 7 0 2 1 9 1 
4 1 8 1 4 0 3 1 10 1 4 1 5 0 10 0 0 1 10 0 7 0 
1 1 10 -1 10 0 5 1 8 0 8 -1 1 -1 4 -1 10 -1 3 -1 5 1 
2 1 4 1 10 1 0 1 8 0 5 0 3 1 7 1 6 0 4 0 1 1 
2 1 8 0 0 -1 1 -1 10 -1 4 0 10 -1 0 0 4 1 7 -1 5 0 
7 1 2 0 0 1 10 0 2 1 0 1 8 1 10 0 9 0 1 0 5 1 
1 0 1 -1 3 1 9 1 0 1 10 0 10 1 6 -1 4 -1 5 1 4 1 
Language_91
11
0
2 8 10 
a b c d e 
6 1 5 0 8 0 1 0 8 1 2 0 10 1 1 0 4 1 6 0 6 0 
0 0 8 -1 8 1 5 -1 6 0 10 0 9 -1 1 0 9 0 2 -1 10 1 
7 0 2 1 5 0 4 1 5 0 10 1 3 1 0 1 4 1 1 0 6 1 
8 0 8 0 2 1 7 0 2 1 8 -1 1 -1 0 -1 0 1 6 -1 3 0 
4 1 10 1 8 1 9 0 8 0 5 1 8 1 5 1 7 1 1 1 9 0 
8 0 8 0 9 1 0 -1 1 1 1 1 8 0 3 -1 4 -1 8 0 9 -1 
3 0 7 0 4 1 4 1 1 1 7 0 10 0 0 0 7 1 8 0 10 0 
9 0 9 0 7 1 10 -1 4 0 0 1 5 1 10 1 7 -1 1 0 0 0 
1 0 0 0 9 0 8 1 3 1 5 0 1 1 3 0 2 1 9 0 2 1 
3 -1 4 1 6 1 3 -1 7 -1 3 -1 8 0 9 1 7 0 9 1 8 0 
Language_92
11
0
2 3 5 9 
a b c d e 
1 1 8 1 7 0 10 1 4 1 1 1 5 0 9 1 4 1 0 1 6 0 
0 -1 9 0 1 -1 6 1 5 -1 4 0 9 0 2 0 0 -1 2 -1 7 0 
8 0 4 0 0 1 8 0 6 1 10 1 0 1 4 0 6 0 5 1 10 0 
1 0 1 -1 9 1 1 0 0 0 3 -1 7 -1 0 -1 3 1 4 0 2 1 
7 0 8 1 8 1 4 1 1 0 2 1 3 1 8 0 10 0 3 0 0 0 
1 0 10 1 0 -1 8 -1 7 1 0 -1 1 1 9 -1 4 1 6 1 7 -1 
9 1 4 1 3 1 5 0 8 1 9 0 5 0 5 1 3 0 3 1 2 0 
4 1 4 1 4 -1 7 0 7 -1 8 1 9 1 5 1 7 1 9 -1 3 -1 
8 0 10 1 8 1 2 1 0 0 1 1 2 1 9 0 3 1 8 1 4 1 
1 0 3 -1 6 0 5 0 4 -1 6 1 6 1 1 0 5 0 3 1 0 1 
Language_93
11
0
1 4 5 6 7 10 
a b c d e 
1 0 0 0 7 0 10 0 4 0 4 0 4 0 8 1 1 1 5 0 6 0 
0 0 0 0 2 -1 6 1 8 -1 4 -1 9 -1 9 0 3 1 6 0 4 1 
10 1 9 0 9 1 6 1 0 0 7 0 4 1 9 1 0 0 9 1 7 0 
10 1 9 -1 6 0 7 0 4 -1 9 1 2 -1 0 -1 2 1 1 0 2 0 
9 1 2 0 3 1 7 0 1 1 9 1 7 1 9 0 1 1 4 0 3 0 
0 0 9 1 6 0 6 1 10 -1 9 0 1 0 2 -1 3 -1 4 1 6 -1 
0 1 6 1 2 0 2 0 6 0 4 0 10 1 1 1 0 0 0 1 0 1 
7 -1 10 0 5 1 5 0 5 0 3 -1 8 1 2 0 9 1 5 -1 5 1 
0 1 8 0 3 1 0 1 9 1 2 0 2 1 0 1 0 1 7 0 5 0 
2 0 0 0 6 -1 2 1 7 -1 0 -1 7 1 2 1 9 1 0 1 2 1 
Language_94
11
0
2 3 7 8 10 
a b c d e 
4 0 5 0 4 0 5 0 1 0 5 0 1 0 6 1 10 0 0 1 1 1 
1 0 4 1 5 1 4 1 8 0 9 0 2 0 7 -1 8 1 1 0 9 1 
5 0 0 0 5 1 3 1 2 0 3 0 3 1 9 1 6 0 6 0 9 1 
6 -1 5 1 0 0 5 0 2 0 6 -1 1 -1 0 0 4 1 7 0 1 0 
5 0 6 0 3 0 6 1 8 0 2 1 3 1 9 1 5 1 8 0 9 1 
6 -1 2 0 3 0 2 1 10 -1 7 1 2 1 10 0 7 0 7 1 2 0 
9 0 0 1 2 0 9 0 6 1 0 1 1 0 7 0 10 1 1 1 5 0 
3 -1 5 -1 2 1 4 0 0 1 8 1 9 1 10 1 6 1 1 -1 9 1 
6 1 7 1 10 0 5 0 9 0 1 1 10 0 0 0 1 1 10 1 1 0 
7 -1 1 1 7 1 0 0 1 1 8 -1 8 1 3 1 0 1 6 -1 0 -1 
Language_95
11
0
2 5 8 10 
a b c d e 
4 1 3 1 6 0 6 1 4 1 5 0 6 1 7 0 10 1 7 0 0 0 
4 1 2 1 7 1 1 0 1 0 10 -1 7 -1 1 0 3 0 6 0 9 1 
6 0 6 0 9 1 0 1 3 1 3 0 2 1 9 0 6 1 0 0 2 0 
5 -1 0 1 4 1 0 0 4 0 8 -1 3 1 8 0 5 1 6 0 7 0 
9 1 3 0 0 1 8 1 0 1 0 0 1 1 8 1 2 0 5 0 2 0 
5 1 7 1 4 1 5 0 4 1 9 0 8 0 6 0 4 1 5 -1 10 1 
6 0 6 1 1 1 7 1 3 1 6 0 4 0 10 1 5 1 7 1 6 0 
6 0 7 1 5 -1 0 -1 10 0 8 1 0 1 10 -1 1 0 5 -1 6 -1 
6 1 7 0 7 1 2 1 10 0 1 1 1 0 10 0 2 0 8 1 1 0 
2 0 1 -1 3 -1 1 -1 7 0 8 -1 10 1 2 0 1 -1 1 1 9 -1 
Language_96
11
0
1 5 6 8 
a b c d e 
10 1 2 1 9 1 1 0 5 0 10 0 1 1 10 0 6 0 7 1 0 1 
7 -1 3 0 6 0 8 -1 9 1 5 -1 1 0 8 0 5 -1 1 -1 4 -1 
6 1 0 1 10 1 10 1 0 1 0 1 9 0 6 0 9 0 8 1 2 1 
8 -1 2 0 10 1 0 -1 9 0 1 -1 7 0 5 -1 6 -1 5 -1 0 0 
9 0 8 1 10 0 2 1 8 0 2 0 2 1 6 0 10 1 1 1 8 0 
5 -1 2 1 3 0 8 -1 2 1 3 -1 9 0 7 1 10 -1 4 1 6 -1 
5 0 0 1 8 1 7 1 4 0 0 1 6 0 4 1 9 0 10 1 2 0 
5 1 3 1 10 -1 4 -1 9 1 3 -1 5 -1 10 -1 8 0 0 0 4 1 
2 0 10 1 0 1 4 1 7 1 5 1 10 1 2 1 0 0 9 1 1 1 
5 -1 5 -1 0 -1 10 -1 1 -1 0 1 7 0 8 -1 9 1 3 0 9 -1 
Language_97
11
0
1 4 6 7 8 10 
a b c d e 
1 1 9 0 7 1 6 1 7 0 3 1 8 0 4 1 7 1 0 0 7 1 
5 1 2 -1 0 1 6 -1 7 -1 5 1 5 0 8 1 1 -1 1 1 0 -1 
3 0 3 0 3 0 3 0 0 0 6 1 2 0 8 1 8 1 7 0 7 1 
7 0 1 1 1 -1 7 0 1 -1 3 0 8 -1 8 1 10 0 6 -1 2 0 
0 0 4 0 4 0 10 0 9 1 5 0 0 0 3 1 4 0 2 0 0 1 
9 -1 5 -1 5 -1 4 -1 5 1 7 0 1 0 6 0 1 -1 5 0 7 0 
3 0 3 1 9 0 5 1 6 0 1 1 6 0 3 1 7 1 7 0 6 1 
8 -1 7 -1 1 -1 6 1 7 0 3 1 4 -1 9 1 0 -1 5 -1 10 1 
1 0 5 0 6 1 2 0 8 1 2 1 9 0 7 1 9 0 1 0 6 1 
8 1 8 0 0 0 9 0 3 0 9 -1 1 -1 10 1 0 1 0 -1 2 -1 
Language_98
11
0
0 1 4 7 9 
a b c d e 
3 1 2 1 5 1 8 0 5 0 1 0 9 0 9 0 10 1 10 0 4 0 
6 1 2 -1 0 1 10 0 8 1 2 0 5 -1 4 0 6 1 4 1 10 1 
7 1 3 0 9 1 3 1 4 1 6 1 4 1 10 1 4 0 0 1 4 0 
2 -1 6 0 3 1 1 -1 1 -1 0 -1 10 1 0 0 10 0 9 0 8 1 
4 0 3 0 6 1 5 1 1 1 0 1 6 0 5 1 2 1 8 0 5 1 
4 -1 7 0 4 0 6 -1 6 0 10 -1 5 0 9 1 10 -1 1 0 0 1 
9 1 10 0 4 1 0 1 6 1 1 1 6 0 4 1 2 1 9 0 4 0 
7 -1 4 0 5 1 5 1 4 1 4 -1 7 0 3 -1 7 -1 4 1 6 1 
3 0 1 1 5 1 8 0 5 0 8 0 8 0 5 1 2 1 2 0 10 1 
6 1 2 0 5 1 5 -1 1 -1 4 -1 5 1 6 -1 9 1 10 1 2 1 
Language_99
11
0
0 3 5 7 9 10 
a b c d e 
9 1 7 1 6 0 4 0 4 0 6 0 8 1 1 0 7 1 0 1 6 0 
6 -1 2 1 0 0 4 -1 8 1 0 -1 3 1 10 0 4 0 0 1 10 0 
0 0 0 1 0 1 7 1 5 1 3 1 10 1 5 0 4 1 10 1 3 0 
4 1 4 1 4 1 3 1 0 0 2 -1 2 1 4 1 2 1 5 0 5 -1 
4 0 6 1 9 0 3 1 9 0 3 0 0 1 0 0 8 0 9 0 3 1 
6 -1 4 0 10 -1 4 1 0 1 0 1 9 1 5 -1 0 -1 2 1 6 0 
0 1 8 0 8 0 3 1 6 0 9 1 0 1 9 1 0 0 6 1 9 1 
9 -1 8 1 7 0 1 1 4 1 2 -1 4 -1 3 0 5 1 4 -1 0 1 
7 1 4 1 0 0 9 1 7 1 2 0 3 1 0 0 5 0 4 1 1 1 
10 0 4 0 7 0 10 -1 0 1 1 0 8 0 4 0 5 -1 3 1 10 0 
