100
Language_0
14
0
1 3 8 11 
a b c d e 
3 1 10 1 2 1 3 0 1 1 10 0 7 0 1 0 0 0 1 0 13 0 13 1 2 0 7 0 
9 -1 5 1 13 0 8 -1 2 1 5 -1 0 -1 10 -1 4 1 6 0 1 0 4 1 12 0 0 0 
11 0 13 1 7 1 0 1 5 0 0 0 5 1 4 0 9 1 7 0 6 1 9 0 3 1 9 0 
5 -1 2 -1 6 0 2 -1 1 1 2 0 8 1 3 -1 4 0 9 0 3 1 10 0 4 1 13 1 
3 0 9 1 1 0 7 1 7 1 11 1 13 0 0 1 2 0 11 1 6 1 9 1 12 0 7 1 
3 -1 9 0 2 0 0 0 5 0 4 -1 5 0 11 -1 1 -1 7 -1 4 1 6 0 1 -1 0 0 
2 0 4 0 4 0 1 0 13 1 0 0 13 0 8 0 8 0 8 1 10 0 1 0 8 0 5 0 
8 1 9 1 12 -1 9 0 13 0 6 0 0 1 11 -1 8 0 12 -1 12 -1 2 0 3 0 6 1 
11 0 12 1 7 0 7 0 10 1 4 0 8 0 2 1 0 0 7 1 10 0 12 0 8 1 1 1 
10 -1 13 -1 9 0 11 1 13 -1 13 -1 1 0 4 -1 4 -1 3 -1 0 1 10 0 7 1 1 1 
Language_1
14
0
0 3 6 7 8 9 10 12 
a b c d e 
6 0 12 1 13 0 13 0 11 0 12 0 11 0 6 0 9 0 5 1 12 1 3 0 10 0 6 1 
10 -1 0 1 13 -1 6 -1 13 -1 3 0 11 1 7 1 9 1 6 -1 7 1 13 1 3 -1 3 0 
5 1 2 0 11 1 12 0 12 1 7 1 2 0 2 1 12 1 8 1 2 1 8 0 10 0 3 0 
6 -1 4 -1 1 -1 8 -1 0 1 5 -1 1 1 3 1 4 -1 3 0 6 1 3 -1 10 -1 3 -1 
10 1 1 0 6 1 7 1 5 1 9 0 8 0 3 0 7 0 12 0 6 0 2 1 7 1 5 0 
10 -1 7 1 13 0 2 0 0 -1 8 -1 11 -1 2 0 4 -1 8 -1 11 -1 7 0 7 0 7 -1 
3 0 11 0 0 0 1 1 5 1 10 0 13 1 5 1 10 0 1 1 0 0 6 1 2 0 6 1 
4 0 6 0 7 1 4 -1 1 1 11 1 2 -1 11 -1 8 0 10 1 1 0 10 1 9 0 6 -1 
8 1 10 1 10 0 11 1 13 1 0 1 3 1 11 0 10 0 2 0 1 0 3 1 6 1 8 1 
12 1 11 1 4 1 1 1 2 1 6 1 3 -1 5 0 9 1 1 0 1 1 13 1 1 0 1 0 
Language_2
14
0
0 2 4 7 10 11 
a b c d e 
0 1 2 1 4 0 11 0 4 0 8 0 12 1 12 1 13 0 9 1 0 0 6 0 5 1 9 0 
7 1 4 -1 13 1 1 0 7 1 11 1 2 1 2 1 13 0 1 0 1 -1 3 -1 2 1 6 -1 
1 1 13 1 11 0 13 0 5 1 4 0 8 1 0 0 11 1 3 0 11 0 3 1 1 1 11 0 
4 0 11 0 0 -1 7 -1 13 -1 9 0 3 1 0 -1 12 0 13 0 1 -1 1 0 13 1 9 -1 
12 0 1 1 12 0 2 0 11 0 13 1 13 0 13 0 9 0 10 1 11 1 6 0 2 1 8 0 
7 -1 0 0 6 -1 1 1 8 1 11 0 12 -1 3 -1 6 1 6 1 6 0 11 1 4 -1 9 0 
0 0 9 1 2 0 0 0 9 1 5 0 0 0 0 1 2 1 6 1 12 0 8 1 10 1 7 0 
1 0 2 1 7 -1 5 -1 4 -1 10 -1 8 1 6 0 5 -1 5 1 5 1 13 0 2 -1 2 0 
12 1 8 1 0 1 8 0 1 1 4 1 8 1 11 0 10 0 1 1 12 0 11 0 13 0 4 1 
8 0 12 1 2 1 5 -1 2 1 7 1 10 -1 5 -1 5 1 0 1 10 -1 8 1 6 -1 8 -1 
Language_3
14
0
3 4 6 7 8 10 11 
a b c d e 
10 0 13 0 0 0 12 0 1 1 12 1 3 1 2 1 11 1 11 1 13 0 4 0 11 1 5 0 
2 0 5 -1 5 -1 2 -1 10 -1 12 0 12 -1 3 -1 12 0 0 0 13 -1 4 0 4 -1 2 -1 
11 0 11 1 10 0 3 1 0 0 4 1 12 1 13 1 6 0 10 1 2 1 13 1 4 0 3 1 
13 0 2 1 11 0 11 0 4 1 0 -1 1 0 13 -1 6 1 7 -1 5 -1 11 1 8 -1 7 0 
11 0 13 1 1 0 13 1 2 0 1 0 5 0 3 0 8 0 7 1 2 1 3 0 6 1 13 0 
11 0 6 0 6 0 13 1 4 0 2 0 3 1 1 -1 6 0 1 1 10 -1 0 -1 2 0 8 1 
11 1 6 1 13 1 9 1 3 0 2 1 3 0 1 1 13 1 4 1 4 0 2 1 1 1 6 1 
11 0 2 0 4 -1 11 0 8 1 3 0 7 0 7 1 10 0 0 0 6 1 2 -1 5 0 13 0 
13 1 3 1 4 0 0 0 11 0 8 1 10 0 7 1 6 1 11 1 13 1 10 0 0 1 2 1 
9 0 4 -1 8 1 9 1 11 1 3 -1 1 -1 11 0 8 0 13 -1 4 1 7 1 11 1 5 0 
Language_4
14
0
0 3 4 5 8 9 10 11 12 
a b c d e 
1 0 7 0 5 0 12 0 6 1 4 1 10 0 0 1 9 1 11 1 11 0 9 1 5 1 4 1 
5 0 13 1 11 0 13 -1 11 1 3 1 13 -1 13 1 7 1 5 1 0 0 8 1 2 0 11 1 
2 0 0 0 4 1 3 1 2 0 2 1 9 1 0 0 4 0 2 1 1 0 8 1 1 0 5 0 
10 -1 6 0 3 0 8 -1 11 -1 12 0 5 -1 5 -1 2 1 2 1 6 0 0 -1 12 -1 7 0 
6 1 6 1 5 0 13 1 3 1 12 0 0 1 7 1 11 1 4 0 13 1 0 0 2 0 11 1 
3 0 1 0 13 0 9 1 8 0 12 0 2 -1 10 1 8 1 3 0 13 0 7 0 6 0 1 -1 
5 1 2 1 8 0 0 0 13 0 9 0 2 1 12 1 6 0 4 1 13 1 7 1 9 0 12 1 
3 -1 8 1 5 -1 1 0 8 1 12 1 6 -1 3 0 8 1 8 0 8 0 4 0 1 1 11 0 
6 0 2 1 7 0 6 0 8 0 7 1 7 0 12 0 9 0 13 0 5 1 10 1 4 0 0 0 
13 0 8 -1 0 -1 4 0 11 1 10 -1 9 1 9 -1 11 1 10 -1 0 -1 0 1 9 1 0 0 
Language_5
14
0
0 2 3 4 8 10 12 13 
a b c d e 
6 0 10 1 5 1 10 0 4 0 12 0 2 0 10 0 12 1 10 0 6 1 2 0 6 0 2 1 
0 -1 1 1 11 0 13 -1 0 0 6 -1 6 0 5 -1 6 -1 5 -1 11 0 0 1 13 0 1 -1 
1 0 10 1 0 0 0 0 10 1 4 1 9 1 0 1 3 1 13 1 7 1 13 0 2 0 7 1 
3 0 12 0 9 -1 0 1 6 1 3 -1 0 0 9 0 9 0 4 0 8 1 10 0 6 0 1 0 
9 1 10 0 8 0 13 0 12 0 11 0 10 1 10 1 1 0 11 1 12 0 7 0 6 1 1 1 
8 1 6 0 13 -1 13 1 10 -1 0 -1 12 -1 1 -1 12 1 12 -1 4 1 3 -1 11 0 10 -1 
13 1 13 1 3 1 4 0 8 1 2 0 7 0 6 0 8 0 1 1 5 0 12 1 13 1 0 0 
2 0 9 1 2 -1 7 -1 6 1 12 1 6 -1 5 0 10 -1 1 0 2 1 9 1 2 -1 10 -1 
2 1 2 0 9 1 10 1 0 1 4 1 4 0 2 1 12 1 12 1 7 1 10 0 5 1 1 0 
12 0 6 1 6 0 6 -1 10 0 7 0 9 1 2 1 10 -1 6 0 9 0 7 1 13 0 7 1 
Language_6
14
0
1 4 5 7 9 10 11 12 
a b c d e 
13 1 0 1 8 0 0 0 6 1 9 1 7 0 13 1 5 1 1 1 6 0 13 0 3 0 11 0 
2 0 4 -1 11 1 13 1 1 0 3 1 5 -1 6 -1 3 0 9 -1 1 -1 13 1 5 0 1 0 
8 0 8 0 5 0 9 1 12 1 3 0 7 1 7 1 10 1 11 0 10 0 5 0 0 1 9 0 
9 1 1 1 8 -1 5 -1 12 1 1 0 4 0 1 -1 6 1 8 1 11 1 0 -1 4 1 0 0 
12 1 2 0 0 0 7 1 6 1 9 1 2 1 4 0 3 0 2 0 12 1 8 0 2 0 10 1 
9 0 10 0 5 1 4 1 10 0 13 0 2 -1 9 0 8 0 13 0 7 -1 10 1 6 0 11 1 
3 0 5 0 10 0 7 0 2 0 0 0 3 0 11 1 13 0 3 0 3 0 3 0 7 1 5 1 
11 1 10 1 1 1 6 -1 7 1 8 1 11 -1 11 1 0 0 2 -1 8 1 9 -1 12 0 7 0 
11 1 2 1 8 0 2 1 8 1 11 0 6 1 9 0 2 1 7 0 8 0 6 0 3 1 8 1 
3 0 3 1 3 0 10 1 2 -1 7 0 5 0 13 0 11 -1 12 0 12 1 6 1 4 1 6 1 
Language_7
14
0
1 4 9 11 12 13 
a b c d e 
12 1 1 1 12 0 6 0 9 0 13 1 3 0 8 1 5 0 8 1 9 0 2 0 7 0 12 0 
3 0 8 -1 10 -1 1 -1 11 0 12 0 5 -1 7 0 5 -1 5 0 8 -1 2 -1 4 1 6 1 
6 0 4 1 0 0 8 1 11 1 1 1 13 1 4 0 7 1 7 1 13 1 13 0 4 1 7 0 
6 1 10 1 3 1 3 0 7 -1 4 1 5 -1 1 -1 11 -1 8 0 6 -1 7 1 3 0 1 1 
10 1 2 0 3 1 12 1 9 1 5 1 8 1 10 0 8 1 4 0 11 1 7 0 13 1 7 1 
2 0 7 1 2 0 9 0 6 1 1 -1 3 0 3 -1 4 -1 11 0 4 -1 10 -1 7 0 7 -1 
9 1 0 0 9 0 10 1 4 1 10 0 9 0 4 1 6 0 6 1 3 0 12 0 12 0 5 0 
4 0 11 -1 10 0 9 0 13 1 9 -1 3 -1 12 0 6 -1 5 -1 4 1 9 -1 3 1 9 1 
13 0 5 1 8 0 8 1 7 1 7 0 4 0 8 1 11 0 0 1 6 0 12 0 10 1 1 1 
13 1 7 -1 8 -1 3 -1 6 1 10 1 1 1 13 0 9 -1 5 0 13 0 4 0 8 1 0 -1 
Language_8
14
0
2 4 5 6 8 10 11 13 
a b c d e 
4 1 11 0 8 0 5 1 10 0 1 0 12 1 12 1 4 1 6 0 6 1 10 1 10 1 4 0 
5 0 5 -1 7 -1 11 1 9 -1 9 -1 5 -1 8 1 6 -1 5 0 10 -1 1 0 10 0 11 0 
9 0 2 0 5 0 3 1 2 1 7 1 6 0 0 1 13 0 12 0 12 0 1 1 11 0 1 0 
3 1 1 1 5 0 0 0 7 1 3 1 11 -1 11 0 4 -1 11 -1 3 1 12 0 0 1 11 1 
2 0 1 0 3 0 5 0 11 0 7 0 11 0 7 0 3 0 6 1 2 1 11 0 5 0 0 0 
13 -1 13 -1 1 -1 7 0 13 -1 3 -1 12 1 13 1 4 0 12 0 9 -1 4 -1 12 1 2 0 
11 0 3 1 10 1 0 0 0 0 9 0 10 0 0 0 4 0 6 0 4 0 5 0 0 0 9 0 
4 1 13 -1 6 0 12 1 3 0 2 -1 10 0 8 1 5 -1 13 -1 3 1 13 -1 3 -1 13 0 
12 1 12 1 4 1 0 0 7 1 12 1 4 1 3 0 1 0 9 1 7 1 10 1 12 0 7 0 
9 1 5 1 1 1 2 0 5 -1 9 -1 13 0 1 0 7 1 3 0 1 1 5 -1 8 -1 12 0 
Language_9
14
0
2 3 5 
a b c d e 
12 1 5 1 4 0 5 0 13 1 12 0 8 0 9 0 2 0 7 0 1 0 9 0 7 1 8 0 
4 -1 2 1 1 1 1 1 11 -1 8 0 0 1 13 0 6 -1 3 1 13 1 7 0 10 -1 8 -1 
8 1 1 1 7 0 7 1 10 0 3 0 11 0 4 0 4 0 11 1 12 1 4 0 10 0 1 1 
9 1 12 1 9 0 6 0 13 0 0 1 8 -1 5 -1 9 -1 11 1 9 0 6 1 0 1 6 0 
7 0 12 1 3 0 10 1 9 0 6 1 0 1 2 1 7 0 4 0 13 1 12 1 3 1 10 1 
7 0 1 0 5 1 0 -1 11 -1 3 -1 3 0 6 0 4 0 6 1 13 -1 5 -1 6 1 9 1 
6 1 9 1 8 0 6 0 12 0 0 1 12 0 13 0 6 1 8 0 8 0 1 0 11 0 9 1 
4 0 8 1 2 0 12 1 11 1 13 -1 10 -1 3 1 2 0 5 0 9 0 7 1 10 -1 10 -1 
4 1 0 0 5 0 0 0 1 1 2 0 0 1 1 0 10 0 2 0 1 0 3 1 5 1 0 0 
6 -1 11 1 10 1 13 0 9 1 11 1 3 1 5 0 3 1 6 0 1 0 6 1 0 1 10 -1 
Language_10
14
0
1 6 8 9 10 11 
a b c d e 
9 1 11 0 9 1 4 1 11 1 12 0 5 1 10 0 0 0 4 1 12 0 8 1 13 0 7 1 
7 1 7 1 12 0 1 -1 2 -1 10 -1 3 0 10 -1 6 -1 5 -1 0 0 4 1 9 0 4 0 
9 0 5 0 12 1 4 0 9 0 11 0 2 1 13 0 7 1 2 1 2 1 13 0 12 0 5 0 
6 1 4 0 4 0 3 0 11 0 8 1 4 -1 5 1 0 0 5 1 1 -1 1 -1 11 1 7 -1 
10 1 2 1 0 1 13 0 7 1 11 0 12 0 2 0 2 0 4 1 11 0 13 1 9 1 12 0 
2 1 7 1 0 -1 10 0 0 1 13 1 7 1 8 -1 13 -1 11 0 8 -1 10 -1 2 0 8 -1 
4 0 9 0 3 0 12 1 0 1 4 1 8 1 8 0 5 1 5 1 10 1 9 1 3 0 0 1 
2 -1 8 1 3 1 2 0 7 0 9 -1 7 -1 9 -1 7 0 0 0 7 1 12 -1 5 0 8 1 
12 0 12 0 0 0 6 0 3 0 6 0 9 0 0 1 12 1 1 0 12 1 0 1 6 0 6 0 
11 0 5 0 2 1 10 1 10 -1 1 1 0 0 7 1 3 1 12 1 0 0 10 0 8 1 6 -1 
Language_11
14
0
0 4 9 10 13 
a b c d e 
3 0 7 1 2 1 5 1 9 0 0 1 12 1 10 0 8 0 11 1 8 1 4 0 9 1 1 1 
2 0 2 -1 10 0 0 0 0 0 6 -1 12 0 11 0 9 0 12 -1 9 -1 11 1 13 1 3 -1 
13 1 11 0 4 0 13 1 6 1 11 1 1 1 11 0 1 1 13 0 10 0 0 1 8 0 0 0 
11 1 11 -1 4 -1 11 0 11 1 6 -1 6 -1 7 0 1 0 12 -1 8 1 5 0 9 0 0 0 
13 1 10 0 13 1 10 1 11 0 2 1 1 0 12 0 7 1 3 1 5 1 7 1 11 0 8 0 
6 0 12 1 11 0 6 -1 13 1 6 0 2 1 9 -1 9 0 7 1 13 1 4 0 3 0 3 0 
11 0 13 1 5 0 11 1 12 1 6 1 6 1 0 1 10 1 4 1 7 0 1 0 1 0 13 0 
12 0 9 -1 13 0 7 -1 12 0 13 -1 0 1 4 0 11 1 6 1 13 1 11 -1 1 -1 7 1 
10 1 12 1 3 1 12 0 4 1 1 1 5 1 12 1 13 1 6 0 10 1 2 1 8 1 13 1 
7 -1 5 0 7 1 1 0 12 1 2 1 11 -1 10 1 7 1 9 -1 10 1 11 0 8 -1 0 1 
Language_12
14
0
0 3 4 5 7 8 10 13 
a b c d e 
12 0 9 0 1 1 9 0 1 0 2 1 0 0 9 1 10 0 9 0 0 1 12 0 3 1 8 1 
12 1 12 0 1 -1 2 1 11 -1 12 -1 4 -1 5 0 4 0 7 1 7 -1 0 0 6 1 4 -1 
7 1 6 0 1 1 7 0 4 1 12 0 4 0 7 0 3 1 2 0 4 0 11 1 4 1 5 1 
2 0 2 0 12 0 0 1 2 -1 3 1 2 1 10 -1 8 -1 9 0 4 0 12 -1 4 -1 0 1 
2 1 12 1 4 0 2 0 0 1 9 1 7 0 4 1 5 1 7 0 8 1 4 1 4 0 1 1 
9 0 8 -1 2 1 3 0 11 1 5 0 1 0 8 -1 12 0 3 -1 2 1 6 -1 4 1 10 -1 
4 0 13 0 2 0 9 0 5 1 2 1 4 0 1 0 13 0 10 0 2 0 0 1 13 1 3 1 
0 1 5 1 3 -1 0 0 6 1 5 -1 7 -1 1 1 9 0 10 -1 9 1 1 -1 6 -1 9 1 
12 0 7 1 10 1 2 0 11 1 9 0 11 1 2 0 11 0 7 1 11 1 2 0 7 0 12 1 
3 1 6 0 0 1 13 0 5 0 10 -1 12 0 9 0 11 -1 12 1 11 0 3 1 10 -1 12 0 
Language_13
14
0
0 2 4 5 7 12 13 
a b c d e 
1 1 8 1 13 0 0 0 8 0 9 0 1 0 8 1 0 0 5 1 10 1 3 1 9 0 12 1 
7 -1 4 1 0 -1 1 0 0 0 7 1 10 0 9 0 8 1 1 0 6 1 4 0 4 1 1 -1 
6 1 4 0 2 1 8 0 0 0 0 1 6 0 2 1 12 0 3 1 4 1 4 0 6 1 10 1 
5 0 11 1 9 -1 2 -1 5 -1 9 -1 8 0 6 -1 5 -1 2 1 2 1 0 1 3 -1 2 1 
5 1 8 1 10 0 6 1 8 1 8 1 2 0 5 0 6 1 0 0 4 0 12 1 7 0 13 1 
0 1 6 1 8 1 3 1 9 1 2 -1 8 -1 2 1 4 1 0 1 13 -1 9 0 4 0 8 -1 
11 0 10 0 1 0 13 1 9 0 2 0 2 1 1 1 9 1 1 1 3 1 2 1 11 0 10 0 
12 1 8 0 6 0 3 1 10 -1 10 -1 11 1 10 -1 8 1 6 -1 10 -1 5 1 6 -1 4 1 
8 0 2 1 4 0 4 1 4 0 13 0 10 1 5 1 8 0 2 1 2 1 11 1 10 1 1 0 
9 -1 13 1 2 -1 4 -1 1 -1 12 0 10 0 0 1 8 -1 1 1 0 0 8 1 1 1 7 -1 
Language_14
14
0
0 1 2 6 7 9 10 11 13 
a b c d e 
2 0 5 0 6 0 10 1 6 0 11 0 2 0 7 0 2 1 11 1 11 1 4 0 2 0 8 0 
7 0 1 -1 2 -1 2 0 12 -1 0 0 5 0 7 0 4 -1 6 -1 12 0 4 1 3 1 0 -1 
1 1 0 0 10 0 6 1 8 0 13 0 9 0 10 1 1 1 8 0 3 0 1 1 3 1 5 0 
0 0 4 -1 4 1 6 -1 8 -1 0 1 13 -1 12 -1 9 -1 12 1 8 -1 11 -1 8 1 8 1 
10 1 3 0 9 1 2 1 10 0 5 0 1 0 4 0 12 0 6 1 11 1 0 1 0 0 5 1 
9 0 10 1 3 -1 6 0 5 -1 3 0 4 1 9 -1 2 1 11 1 11 -1 10 1 4 1 7 -1 
11 1 12 1 10 1 3 0 7 0 0 1 10 1 12 1 8 0 5 0 11 1 1 1 0 0 11 1 
0 0 7 0 3 0 0 -1 5 0 7 0 7 0 5 -1 8 1 8 -1 7 0 9 1 11 1 10 1 
9 1 10 0 0 1 5 0 10 0 12 1 13 0 12 0 7 1 7 0 11 0 8 0 2 1 7 1 
8 -1 8 1 3 1 12 1 13 1 8 1 11 -1 7 -1 8 1 7 1 3 -1 12 1 13 0 2 -1 
Language_15
14
0
0 1 2 3 4 6 8 9 10 12 13 
a b c d e 
0 0 10 0 3 0 13 1 5 1 2 1 13 1 10 0 5 0 4 0 4 1 0 0 4 0 11 0 
8 0 7 0 1 1 4 0 4 0 12 1 3 0 3 1 12 0 7 0 6 -1 10 1 5 -1 6 -1 
0 1 9 1 1 0 6 0 11 1 6 0 6 1 13 1 8 1 4 1 0 1 9 1 3 1 4 1 
7 -1 7 1 0 0 11 -1 2 -1 5 1 4 0 4 0 11 1 11 -1 5 -1 10 -1 7 1 1 0 
12 1 4 1 3 0 5 0 7 0 7 0 5 0 2 1 11 0 0 0 12 1 2 1 10 1 10 1 
7 0 11 1 13 1 11 0 5 -1 9 -1 12 0 6 1 9 0 8 -1 12 -1 9 0 9 -1 8 -1 
0 1 9 1 10 0 1 0 10 1 3 1 3 0 12 0 10 0 2 0 5 1 0 0 9 0 4 1 
5 -1 0 0 2 1 12 -1 0 1 9 -1 9 0 5 -1 2 -1 9 0 0 -1 13 0 8 0 2 1 
4 1 4 0 1 1 10 1 10 1 5 1 5 1 3 0 9 0 4 0 4 0 12 1 5 1 9 1 
4 -1 2 0 0 1 6 0 6 1 8 0 3 0 6 1 8 -1 4 0 7 0 12 0 5 -1 1 1 
Language_16
14
0
0 1 4 6 8 11 13 
a b c d e 
9 0 3 1 6 1 0 1 8 1 1 1 12 1 7 1 7 0 0 0 5 0 4 1 1 1 5 0 
6 -1 6 0 12 0 11 -1 4 -1 9 -1 12 0 11 1 0 1 11 0 5 1 4 1 13 1 6 1 
9 0 12 0 11 1 5 1 1 1 7 0 8 0 12 0 4 0 13 0 9 0 10 1 13 1 1 1 
7 -1 6 -1 7 0 13 0 12 0 4 -1 11 0 6 0 13 1 11 0 5 1 13 -1 12 0 3 1 
8 1 5 1 13 0 6 0 7 0 5 1 6 1 3 1 1 1 9 1 4 1 6 0 11 0 10 0 
12 1 9 -1 9 0 5 0 5 1 10 0 0 0 1 1 6 -1 0 -1 3 -1 7 0 6 1 7 0 
10 1 5 0 4 1 13 1 13 1 11 0 1 1 13 1 8 0 13 1 3 1 1 0 0 0 3 0 
2 -1 12 1 0 -1 10 1 5 -1 1 0 9 1 10 0 4 -1 0 0 3 1 7 -1 3 0 5 0 
0 1 11 0 2 1 4 0 3 0 9 0 1 1 11 0 5 0 10 0 3 1 6 0 7 1 13 1 
2 1 5 1 4 1 3 1 6 0 4 1 11 0 9 -1 8 1 2 1 13 1 13 1 2 -1 12 1 
Language_17
14
0
0 1 2 6 8 9 10 13 
a b c d e 
5 1 7 0 3 1 9 0 7 0 8 1 1 1 13 1 2 0 8 0 8 0 10 1 8 1 11 0 
1 -1 8 -1 8 -1 10 0 6 -1 7 1 7 1 12 0 12 -1 10 0 7 1 12 1 7 -1 3 -1 
8 1 12 0 11 1 7 1 10 1 11 0 13 0 3 1 9 0 2 0 12 1 10 1 7 0 5 1 
2 0 10 -1 11 0 9 1 1 1 10 1 11 0 0 0 1 0 0 -1 13 1 8 -1 4 0 10 0 
2 0 13 0 5 1 4 0 8 1 6 0 10 0 4 0 8 0 9 0 13 0 11 0 13 0 0 1 
9 0 2 -1 2 0 13 0 7 0 12 0 1 0 8 -1 6 -1 0 -1 12 -1 13 0 7 1 9 0 
0 0 11 0 10 0 1 1 13 0 3 0 7 1 7 0 4 0 6 0 12 1 11 0 3 0 12 1 
4 -1 10 -1 5 0 0 1 2 1 6 0 7 0 12 -1 11 0 0 1 6 0 6 -1 7 0 10 0 
1 0 4 1 12 1 3 1 3 0 7 0 0 0 1 1 4 0 3 1 2 0 11 1 7 1 5 0 
5 0 0 1 10 0 6 -1 3 -1 0 -1 7 -1 2 1 0 1 1 -1 8 1 4 1 3 -1 8 1 
Language_18
14
0
1 2 6 8 11 12 13 
a b c d e 
12 0 0 1 10 1 9 1 1 1 4 1 4 1 12 0 8 0 6 0 10 0 5 1 1 0 0 0 
5 -1 5 1 3 0 8 -1 2 -1 0 1 7 0 5 1 7 -1 7 0 6 -1 1 1 5 0 10 1 
6 1 0 0 0 1 1 0 2 0 12 1 8 1 2 1 3 1 12 0 1 1 1 0 3 0 7 0 
11 -1 0 0 8 1 13 1 10 1 6 1 3 0 12 1 0 1 10 1 4 0 3 1 1 0 10 0 
4 1 3 0 10 0 11 1 7 0 0 1 11 0 1 0 9 1 4 0 6 0 1 1 11 0 7 1 
4 1 12 -1 12 1 13 -1 9 1 5 -1 5 0 13 0 8 1 2 -1 7 1 4 1 8 1 3 0 
7 0 9 1 8 1 2 1 0 0 8 1 7 0 2 0 12 0 6 0 8 0 10 1 11 0 0 0 
8 -1 12 1 2 -1 13 0 9 -1 0 1 2 0 5 0 7 -1 5 0 2 1 11 0 6 -1 3 1 
8 1 0 0 5 1 4 1 7 0 1 0 12 1 4 0 0 0 8 0 9 1 10 1 7 1 7 1 
6 1 12 -1 3 -1 13 -1 6 1 5 -1 3 1 2 1 13 -1 10 -1 1 0 7 1 9 1 5 1 
Language_19
14
0
0 1 5 6 7 8 9 11 
a b c d e 
7 0 6 1 4 1 0 0 13 1 12 0 4 0 12 1 6 1 5 0 2 0 10 1 8 1 8 1 
12 0 1 0 13 0 5 0 7 0 9 -1 6 -1 13 0 1 -1 0 0 0 1 5 1 5 -1 3 -1 
11 1 2 1 5 1 3 1 6 1 12 1 11 1 1 0 12 0 6 0 11 1 12 1 0 0 5 0 
8 -1 0 -1 2 0 4 0 4 0 12 0 5 0 1 1 12 0 0 1 8 0 11 -1 9 1 3 -1 
6 0 10 1 7 1 3 1 10 1 1 1 12 0 10 0 13 0 1 1 13 1 4 1 2 0 6 1 
5 -1 13 0 1 0 1 0 6 1 9 0 10 1 10 0 0 0 6 -1 8 -1 8 0 3 1 6 -1 
11 0 7 0 0 1 13 1 11 1 4 1 4 1 8 0 8 0 3 0 12 0 12 1 5 0 13 1 
1 1 10 1 2 1 13 -1 11 0 9 0 12 -1 9 0 0 -1 8 1 6 0 9 1 7 -1 7 1 
11 1 3 0 9 0 8 1 4 0 12 0 8 0 6 1 3 0 13 1 3 1 13 0 7 0 6 1 
4 0 13 0 13 -1 0 -1 10 0 1 0 1 -1 13 1 1 0 2 -1 6 -1 8 -1 11 0 0 -1 
Language_20
14
0
0 1 3 8 9 12 13 
a b c d e 
2 1 11 0 6 0 12 0 6 1 8 1 13 0 11 1 7 0 1 0 10 1 13 1 4 1 12 1 
1 0 6 1 10 -1 6 1 8 1 10 -1 0 0 5 1 6 1 6 1 9 0 12 -1 2 -1 13 1 
9 0 9 1 2 0 8 0 12 0 2 0 8 0 13 0 12 0 1 0 0 0 5 1 5 1 12 0 
8 0 10 -1 0 1 9 -1 8 1 0 0 8 1 10 0 13 -1 5 1 12 -1 4 -1 2 0 12 -1 
2 1 3 1 2 1 8 0 2 0 8 1 13 1 4 0 1 1 7 1 0 1 6 0 11 0 4 1 
10 1 0 -1 6 0 0 -1 8 1 2 0 0 -1 0 -1 8 1 8 0 9 0 11 -1 3 -1 12 1 
7 1 4 1 12 0 6 1 6 0 0 1 12 1 0 0 13 1 13 1 0 1 6 1 10 1 6 1 
7 -1 11 -1 7 0 1 1 12 -1 8 1 7 0 6 1 7 0 1 0 8 1 6 -1 5 -1 9 -1 
12 1 5 0 0 1 2 1 2 1 13 1 2 1 4 0 11 1 2 0 13 1 9 1 12 1 4 0 
1 1 6 1 11 1 9 1 12 0 6 0 9 1 13 0 7 0 7 0 13 -1 6 1 0 0 10 -1 
Language_21
14
0
1 2 4 5 6 7 12 
a b c d e 
10 1 1 0 11 0 9 1 2 0 10 0 6 1 1 1 4 0 0 1 4 1 9 0 9 0 8 1 
11 -1 1 0 5 -1 3 -1 11 0 2 0 12 0 0 0 7 0 11 0 10 -1 13 1 8 -1 3 0 
1 1 9 1 10 0 11 1 5 0 9 0 8 0 13 1 3 1 7 1 0 0 0 0 9 1 13 0 
13 -1 9 1 5 0 9 0 3 1 9 0 13 -1 6 -1 6 1 2 0 1 1 12 -1 6 -1 7 1 
6 0 2 1 0 1 0 1 13 0 9 1 8 0 4 0 0 1 4 1 4 1 12 0 6 1 11 1 
2 -1 1 -1 0 0 6 1 2 1 2 1 1 0 11 -1 7 -1 2 -1 7 0 7 0 3 -1 8 1 
2 0 9 1 7 1 0 0 9 0 11 1 1 0 2 1 9 0 0 1 5 1 6 0 11 0 8 1 
6 0 11 0 12 -1 7 0 11 -1 7 0 1 0 11 1 11 -1 0 1 7 -1 13 -1 13 -1 3 0 
3 0 9 0 8 0 8 1 0 1 8 1 6 0 9 0 13 0 3 1 13 0 1 1 1 0 13 1 
10 -1 9 0 2 1 4 0 13 1 9 -1 12 0 13 0 5 1 8 -1 0 -1 7 1 2 0 4 -1 
Language_22
14
0
0 1 3 4 5 7 8 10 12 
a b c d e 
5 0 12 1 6 0 13 0 0 0 12 0 13 1 11 0 12 1 13 1 10 1 6 0 7 0 4 1 
13 0 1 1 10 1 1 0 2 1 1 0 0 -1 11 -1 10 -1 4 0 5 0 4 1 11 1 0 0 
6 0 1 0 0 1 13 0 12 0 8 1 1 1 8 1 11 1 4 0 9 0 10 1 13 0 0 0 
10 -1 4 -1 4 1 13 1 10 0 12 1 5 1 6 0 2 -1 6 0 1 0 2 -1 8 0 7 1 
10 0 2 1 10 1 13 1 13 0 11 1 10 0 3 0 12 1 12 1 7 1 6 0 12 1 7 0 
7 -1 10 1 7 1 2 0 9 -1 9 -1 10 1 5 0 13 0 0 -1 8 -1 8 -1 5 1 1 -1 
1 0 2 1 1 1 2 0 13 1 1 1 10 1 11 1 9 0 4 1 1 1 12 1 3 1 0 0 
7 -1 8 1 4 1 8 0 8 1 5 0 3 -1 8 -1 6 1 10 0 1 0 0 0 8 1 7 -1 
2 0 8 1 3 1 7 1 2 0 11 1 9 0 5 0 11 0 1 0 5 0 5 0 12 1 10 1 
6 1 4 0 4 1 2 -1 11 0 5 1 6 0 11 1 9 -1 6 1 3 -1 13 -1 5 1 10 -1 
Language_23
14
0
3 5 6 8 11 
a b c d e 
0 1 8 1 10 1 12 1 7 0 9 1 4 1 1 1 13 1 1 1 13 0 3 1 10 1 8 0 
5 1 11 0 4 0 12 -1 13 -1 11 1 11 1 11 0 12 0 0 1 6 0 8 -1 12 0 10 1 
5 1 6 0 0 1 8 0 1 1 2 1 11 1 2 1 8 1 3 1 3 1 0 1 2 1 11 1 
11 0 0 0 1 0 3 1 6 1 5 1 4 0 0 1 12 -1 12 -1 2 1 10 0 8 -1 0 1 
2 0 7 0 13 1 12 1 6 1 5 1 0 0 5 0 3 1 12 1 9 1 9 0 5 0 1 1 
3 1 0 1 10 0 11 0 8 -1 0 -1 5 1 7 -1 9 0 11 -1 4 1 10 1 1 -1 1 -1 
10 1 5 1 0 0 1 1 0 1 9 1 7 1 11 0 13 1 9 1 6 1 9 0 2 1 2 1 
3 0 3 1 11 1 4 0 3 1 8 -1 7 0 12 1 9 -1 0 -1 5 1 13 1 7 -1 8 0 
6 1 2 0 7 0 13 0 7 1 2 1 12 1 4 0 9 1 7 0 2 0 9 1 4 0 5 0 
1 1 0 0 12 1 11 -1 0 0 1 1 6 0 1 0 8 0 7 -1 10 0 13 -1 0 0 1 0 
Language_24
14
0
1 6 11 12 
a b c d e 
13 0 3 1 9 0 10 0 13 0 0 1 4 1 13 0 5 0 2 0 13 0 2 1 8 1 7 1 
2 0 5 1 3 -1 7 -1 9 -1 9 0 7 0 9 0 6 0 10 0 12 -1 0 -1 7 -1 1 0 
10 0 4 1 2 0 0 1 10 0 4 1 10 1 3 1 9 0 12 1 0 1 2 1 12 1 6 0 
1 0 2 -1 7 0 5 0 8 -1 2 1 10 0 11 0 11 0 8 0 0 0 4 0 2 0 4 0 
10 1 11 0 10 0 5 0 8 0 1 0 3 0 11 1 11 0 2 0 10 1 13 0 5 1 7 1 
4 0 2 0 8 0 6 -1 11 0 8 0 1 0 6 0 4 1 8 1 2 0 7 -1 3 0 5 -1 
10 0 9 0 3 0 9 0 8 1 13 1 0 1 2 0 3 0 13 0 4 1 7 0 8 1 9 0 
10 -1 10 0 11 1 13 1 11 1 2 1 7 0 4 -1 6 -1 9 1 9 0 12 1 1 -1 12 1 
9 0 13 0 7 0 5 1 5 0 1 0 12 1 3 0 11 1 11 1 2 0 2 0 5 1 12 1 
0 -1 12 -1 5 0 12 -1 10 0 0 0 13 1 5 -1 9 0 12 0 8 1 10 1 3 0 11 0 
Language_25
14
0
3 6 10 11 12 13 
a b c d e 
1 0 6 1 13 1 1 0 2 1 1 1 2 1 5 1 5 1 0 0 1 1 9 0 10 0 11 1 
8 1 7 -1 5 0 1 1 0 1 6 1 5 -1 12 -1 0 1 13 0 3 -1 7 -1 5 1 2 0 
1 1 10 0 4 0 12 1 12 0 5 0 1 0 9 0 5 0 10 1 5 0 8 1 8 1 6 1 
3 -1 10 1 0 0 11 1 12 0 9 1 0 1 6 -1 6 -1 3 1 10 0 13 1 2 0 8 -1 
13 1 13 1 5 1 12 1 12 0 12 0 7 0 2 0 10 1 8 1 2 0 9 1 3 0 5 0 
13 -1 4 0 3 1 7 -1 13 0 8 1 12 -1 10 -1 0 -1 10 1 2 1 0 1 13 0 10 1 
13 1 12 0 12 1 2 0 5 0 6 0 7 1 6 0 11 1 3 1 3 1 2 0 1 0 3 0 
13 0 8 0 0 1 1 0 4 0 4 0 4 -1 2 -1 1 0 9 0 11 0 13 1 11 0 11 0 
6 1 6 1 7 0 3 1 7 0 6 1 4 0 3 1 2 1 13 1 11 0 9 0 1 1 11 0 
6 1 1 1 2 -1 7 1 13 1 9 0 11 1 1 1 10 0 5 0 11 0 1 -1 11 0 6 0 
Language_26
14
0
2 3 4 5 6 8 9 11 12 
a b c d e 
11 0 13 1 1 1 13 1 0 0 0 1 10 0 11 0 4 1 6 0 10 0 7 0 11 1 1 1 
11 0 0 1 11 0 9 0 0 1 4 -1 12 1 8 -1 5 1 4 0 9 0 4 -1 10 1 11 -1 
2 1 3 0 8 0 3 1 13 0 4 0 5 1 9 0 9 1 2 1 1 1 7 1 1 1 7 1 
1 -1 13 1 2 1 2 -1 7 1 0 -1 7 0 2 -1 5 -1 5 0 8 0 7 0 5 0 10 1 
0 0 0 0 0 0 4 0 13 1 2 1 11 1 10 0 6 1 13 0 3 0 10 1 0 0 1 1 
7 1 3 1 10 -1 1 1 11 1 9 1 6 1 9 -1 9 0 13 0 2 0 8 0 11 0 11 1 
5 1 6 1 0 0 0 1 9 0 7 1 5 0 3 0 13 0 8 0 2 1 0 0 8 1 8 0 
13 0 2 0 11 -1 10 1 7 0 12 0 2 1 13 0 0 -1 1 -1 12 -1 9 1 11 -1 11 1 
10 1 10 1 10 0 6 0 9 0 6 0 11 1 1 1 1 1 8 1 2 1 10 1 12 1 9 0 
7 1 1 0 4 1 12 0 13 1 8 -1 3 -1 3 1 5 0 9 1 1 -1 1 1 1 0 5 1 
Language_27
14
0
0 2 3 6 8 10 11 12 
a b c d e 
9 1 1 0 8 1 9 1 6 1 10 0 3 0 5 0 11 0 7 0 8 1 8 1 4 1 12 1 
11 0 12 0 9 -1 7 -1 0 1 0 0 6 0 7 -1 2 -1 9 -1 2 1 1 -1 7 -1 0 1 
0 0 11 1 10 0 1 1 3 1 8 0 1 1 3 1 11 1 0 0 10 1 5 1 8 0 3 0 
5 1 1 0 3 0 7 0 2 1 3 0 9 -1 0 0 6 0 2 -1 12 1 7 1 2 -1 0 -1 
4 0 10 0 6 0 12 0 11 0 10 1 6 0 4 1 6 1 8 1 7 0 8 1 8 0 11 0 
2 0 2 1 4 -1 1 0 1 -1 12 -1 12 1 12 0 3 -1 0 0 1 1 8 -1 3 0 1 -1 
9 1 8 1 13 1 1 0 4 1 7 0 7 0 12 0 7 1 0 1 4 1 10 0 6 0 2 1 
0 -1 4 1 1 0 7 -1 4 0 1 -1 10 0 2 -1 12 -1 4 1 0 0 12 -1 4 0 2 0 
0 1 3 0 13 1 11 1 8 1 0 0 7 1 7 0 1 1 13 0 11 0 4 1 8 1 12 0 
11 0 11 -1 5 -1 2 -1 12 1 10 -1 13 0 10 0 0 -1 12 0 6 -1 8 0 10 1 6 0 
Language_28
14
0
2 7 8 9 13 
a b c d e 
2 0 2 0 8 1 4 1 9 1 1 0 13 0 4 0 10 1 4 0 6 0 4 1 7 1 10 0 
3 0 13 1 9 0 2 -1 8 0 11 -1 13 0 5 1 5 -1 12 -1 4 0 7 0 4 1 2 -1 
7 1 7 0 8 0 12 0 9 1 10 0 8 0 7 0 12 1 5 0 0 1 8 1 13 1 5 0 
8 -1 8 0 8 1 13 1 10 1 11 -1 7 1 6 0 4 1 12 1 9 0 13 -1 13 1 1 1 
6 0 12 1 6 0 5 0 10 0 5 1 9 1 6 1 10 1 2 1 10 1 6 0 4 1 8 1 
12 0 5 1 0 -1 6 0 9 -1 2 0 1 1 3 1 12 0 7 0 4 -1 9 -1 3 0 0 1 
12 1 6 1 6 1 9 1 4 1 6 1 4 1 8 0 2 0 3 1 1 1 9 1 10 0 12 0 
6 0 9 1 6 -1 7 1 0 -1 12 -1 0 -1 10 0 9 -1 0 -1 0 1 7 -1 13 1 3 0 
10 1 10 1 3 0 9 0 7 0 10 1 5 1 4 1 13 1 1 1 12 0 9 1 7 1 3 1 
9 1 9 0 12 1 5 0 10 1 4 -1 10 1 10 -1 1 0 9 -1 2 1 10 -1 10 0 2 -1 
Language_29
14
0
1 3 6 8 12 
a b c d e 
9 1 10 1 10 0 8 1 12 0 9 1 0 0 12 0 6 0 9 1 3 1 0 1 12 1 8 1 
1 1 13 1 0 1 13 0 10 -1 11 -1 6 0 8 1 11 -1 3 1 4 -1 0 1 2 0 7 0 
6 0 6 0 13 1 11 0 2 0 10 1 11 0 0 1 3 0 10 1 4 1 1 1 9 0 9 1 
7 -1 4 -1 1 0 9 0 1 0 1 -1 9 1 0 1 10 1 5 -1 6 0 9 0 9 1 3 0 
5 1 11 0 13 0 9 0 11 1 8 1 10 1 13 1 13 1 6 1 6 1 8 1 11 1 8 1 
6 1 1 1 13 1 3 0 13 1 8 0 9 0 13 1 5 0 7 0 11 -1 3 1 6 -1 11 1 
6 1 10 1 0 0 12 1 12 0 10 0 13 1 8 1 3 0 4 1 7 1 7 0 4 1 0 0 
10 1 8 -1 0 0 6 1 4 1 13 -1 6 -1 6 0 13 1 13 -1 12 -1 11 -1 6 0 11 1 
13 0 1 0 2 1 0 1 5 0 8 0 12 1 6 0 12 0 1 1 11 0 6 1 3 0 11 1 
4 1 8 0 12 1 5 0 10 0 5 1 0 1 5 1 4 1 2 0 5 -1 6 -1 8 0 5 -1 
Language_30
14
0
0 7 8 9 10 11 12 13 
a b c d e 
6 0 0 0 11 1 0 0 2 1 8 0 2 0 12 1 12 0 9 0 5 1 6 1 1 1 8 1 
0 -1 9 1 5 1 4 -1 2 -1 10 -1 7 0 7 0 13 -1 8 0 8 1 1 -1 7 0 0 -1 
0 1 4 0 12 0 12 0 1 0 3 0 1 1 11 1 1 1 8 0 11 1 6 0 4 0 6 0 
0 0 13 1 5 -1 1 1 13 1 2 0 6 -1 0 -1 9 -1 1 0 0 0 5 0 2 0 0 0 
2 0 13 0 7 0 11 1 10 0 10 0 6 0 4 1 13 1 9 0 12 1 6 0 8 1 5 1 
8 1 12 0 1 0 3 1 4 -1 8 0 7 0 8 -1 0 0 3 1 1 1 7 1 11 0 5 1 
5 0 3 0 2 1 2 1 2 1 7 1 12 0 8 0 8 0 0 0 1 1 11 1 13 1 10 1 
11 0 8 1 9 0 12 1 1 1 11 1 4 1 11 0 4 1 5 0 4 0 13 1 10 0 8 -1 
5 1 3 1 13 0 9 1 7 1 7 0 9 0 8 1 5 0 11 1 11 0 5 1 8 1 6 1 
7 -1 6 0 6 1 1 0 8 1 7 1 13 1 11 1 7 1 4 1 13 1 5 1 7 1 9 0 
Language_31
14
0
2 4 6 8 9 11 12 
a b c d e 
4 1 12 0 11 0 13 1 9 1 11 1 13 0 1 1 0 0 12 0 0 0 9 0 0 1 12 1 
2 0 3 1 9 1 12 -1 5 1 13 1 8 0 8 0 2 0 2 -1 0 1 7 0 3 -1 10 0 
0 1 7 0 3 1 9 1 12 0 13 1 13 1 5 0 10 1 9 0 0 0 12 0 10 0 12 1 
1 1 0 1 7 0 5 1 13 0 9 -1 7 0 10 1 5 -1 9 1 4 1 12 0 13 0 10 -1 
5 0 11 1 6 1 2 0 4 1 11 0 1 1 5 0 4 1 5 0 6 1 9 1 2 0 7 1 
3 -1 11 -1 10 1 7 0 4 0 9 0 8 1 13 -1 3 -1 8 -1 4 -1 13 1 10 1 0 0 
11 1 10 0 0 0 9 0 9 0 6 1 11 1 9 1 12 0 7 0 1 0 9 1 0 0 3 1 
2 -1 13 1 3 1 1 -1 13 0 6 -1 7 1 11 -1 3 1 12 -1 7 1 3 -1 11 1 4 0 
3 0 10 1 3 1 1 0 8 0 6 0 5 0 2 1 9 1 10 0 4 1 0 1 7 0 4 1 
2 1 4 0 11 0 4 -1 3 0 7 1 4 0 8 -1 11 -1 5 0 6 1 10 1 8 -1 0 0 
Language_32
14
0
0 2 3 5 8 9 10 11 12 
a b c d e 
13 0 4 0 5 0 3 1 2 0 3 0 3 1 1 0 4 0 5 0 13 1 7 0 5 0 10 1 
2 0 9 1 5 1 5 1 2 1 10 0 1 1 9 -1 3 -1 12 1 2 1 12 0 12 0 13 -1 
9 0 7 1 2 0 6 0 11 1 13 0 2 0 6 1 0 1 6 0 5 1 1 1 12 0 7 1 
8 1 13 1 5 1 13 -1 2 -1 9 -1 6 0 7 -1 12 0 6 -1 4 1 5 -1 1 -1 4 -1 
3 0 0 0 8 0 6 1 0 0 11 0 12 1 8 1 11 0 5 1 10 1 1 0 12 1 7 1 
8 0 6 1 3 1 1 -1 2 -1 1 -1 4 0 9 1 0 -1 4 0 2 1 7 -1 5 -1 1 -1 
12 1 10 0 5 0 7 0 4 1 9 0 13 0 11 0 9 0 9 0 2 1 9 1 1 1 4 1 
0 -1 13 -1 10 -1 2 1 2 1 8 1 8 1 9 -1 8 0 5 1 6 -1 8 -1 8 1 0 0 
11 0 4 0 6 1 2 0 13 0 1 1 9 0 8 1 9 1 8 1 4 1 3 0 9 1 1 1 
6 -1 12 1 4 0 1 -1 10 -1 8 -1 2 -1 8 -1 11 0 5 0 12 1 3 -1 0 0 8 -1 
Language_33
14
0
1 2 3 4 7 8 9 12 13 
a b c d e 
0 1 3 1 0 0 6 0 6 0 10 1 2 0 9 1 7 0 4 1 8 0 4 0 13 0 12 1 
7 1 0 1 9 -1 8 0 3 -1 8 -1 11 0 3 0 13 1 4 -1 13 -1 12 1 8 -1 13 0 
1 0 12 1 12 1 1 0 4 0 12 0 11 1 0 1 7 0 10 0 2 0 3 0 11 0 10 0 
6 1 11 -1 11 1 9 0 6 0 0 -1 2 0 7 0 11 -1 10 -1 9 1 5 -1 10 0 2 -1 
8 1 1 0 12 1 6 0 10 0 13 1 0 0 6 1 4 0 3 1 10 0 0 0 5 0 4 1 
2 -1 0 0 2 0 8 0 5 1 11 -1 6 1 9 1 9 -1 2 0 1 0 5 1 7 -1 9 1 
13 1 13 1 9 0 8 1 2 1 3 0 7 1 12 0 4 1 8 0 12 1 9 1 13 0 12 0 
10 1 8 -1 7 -1 11 -1 0 1 9 0 4 0 7 1 13 0 8 -1 2 1 9 -1 5 1 5 -1 
4 1 9 0 11 0 0 0 4 1 2 0 6 0 5 0 11 1 0 1 11 0 1 1 5 0 4 0 
13 0 7 -1 1 -1 2 1 1 0 2 1 4 0 12 -1 12 1 3 -1 6 0 3 -1 8 0 8 1 
Language_34
14
0
2 3 5 6 7 10 11 13 
a b c d e 
9 0 10 1 11 0 8 1 5 1 10 0 11 1 9 0 9 1 7 1 10 0 1 1 13 1 2 0 
1 0 5 -1 1 -1 9 1 0 0 2 -1 3 0 0 -1 2 0 1 1 0 1 11 0 9 0 10 -1 
9 1 11 0 13 0 8 0 3 0 7 1 3 0 6 1 4 0 12 0 10 1 10 1 9 0 9 1 
10 -1 4 1 2 0 2 0 11 1 11 1 2 1 7 1 12 0 5 1 6 -1 13 0 1 0 12 1 
5 0 4 0 12 0 5 0 7 1 5 1 4 1 4 0 6 1 3 0 1 0 0 0 0 1 9 0 
1 1 0 -1 7 1 3 1 0 1 0 1 7 0 11 1 8 0 13 0 0 0 10 0 13 0 9 0 
10 0 1 0 11 0 13 1 0 0 1 1 11 0 13 0 11 0 4 0 0 1 4 1 4 0 3 1 
2 -1 3 0 4 -1 1 0 9 -1 8 0 9 1 6 -1 4 0 1 1 0 0 3 -1 0 1 5 -1 
8 1 7 0 13 0 13 1 8 1 9 1 6 1 12 0 1 1 10 1 9 1 8 1 1 1 1 1 
0 0 0 1 11 0 7 0 3 1 0 0 3 -1 6 -1 9 -1 13 1 8 0 11 0 1 1 13 -1 
Language_35
14
0
0 4 5 6 9 11 12 13 
a b c d e 
12 1 4 1 12 0 9 1 7 0 0 1 9 1 13 0 11 1 1 1 9 1 3 1 5 1 7 1 
4 -1 2 0 0 0 8 -1 9 0 1 -1 10 -1 2 0 1 -1 9 1 10 0 4 1 7 0 9 0 
2 1 10 1 10 1 2 0 5 1 6 0 4 0 7 1 9 0 0 0 8 0 2 1 5 0 8 1 
6 1 12 1 9 1 4 1 4 1 13 0 12 -1 3 1 6 1 12 -1 6 -1 7 -1 12 1 10 -1 
6 0 7 0 11 1 13 1 1 0 3 0 8 1 8 0 2 0 1 1 6 1 9 1 6 1 10 0 
11 -1 10 -1 7 0 3 -1 10 -1 7 0 1 -1 3 0 0 0 2 0 6 -1 4 0 10 -1 11 0 
12 1 1 1 3 0 13 1 4 1 1 1 3 1 4 0 7 1 1 1 3 0 0 0 9 0 10 0 
2 1 9 1 13 0 11 0 0 -1 2 1 6 1 10 0 9 -1 11 -1 6 -1 6 -1 4 -1 9 0 
5 0 2 1 3 1 11 0 11 0 0 0 9 0 0 1 8 0 11 0 13 1 1 1 8 0 3 0 
13 -1 8 -1 0 0 8 -1 4 1 7 1 11 1 8 1 0 1 3 -1 8 0 2 -1 2 1 9 1 
Language_36
14
0
0 3 5 6 7 8 9 11 13 
a b c d e 
1 0 0 1 6 1 7 0 1 1 4 0 0 1 5 1 4 1 13 1 10 0 11 0 5 0 6 1 
10 1 9 0 4 -1 10 1 3 1 3 -1 8 -1 6 0 6 1 4 1 0 -1 0 -1 4 -1 7 -1 
9 0 10 1 12 1 8 1 12 1 4 1 0 0 11 1 13 0 13 0 3 1 4 1 0 1 7 1 
1 -1 9 1 8 1 7 1 12 1 0 -1 5 -1 6 -1 13 1 13 0 12 -1 4 0 4 1 1 0 
0 1 11 0 4 1 4 0 10 1 12 0 9 0 11 0 6 0 10 1 3 1 8 0 3 0 9 1 
7 1 4 -1 7 -1 11 -1 11 1 0 -1 12 0 10 1 8 0 0 1 0 -1 0 1 3 1 5 0 
3 0 5 0 1 1 13 0 3 0 11 1 5 1 12 1 5 0 10 0 7 0 13 1 11 1 13 0 
7 0 5 -1 12 1 6 0 4 1 3 1 10 -1 12 -1 1 1 2 -1 6 -1 5 0 1 -1 0 0 
10 0 9 1 1 1 11 0 6 1 6 0 11 1 3 1 12 1 9 0 12 1 2 0 0 0 11 1 
9 1 7 1 12 1 12 0 13 -1 7 -1 1 0 11 0 13 1 6 1 1 1 12 -1 11 0 11 -1 
Language_37
14
0
2 3 4 5 6 7 8 13 
a b c d e 
2 1 13 0 7 1 13 0 5 1 4 1 13 1 3 0 12 1 13 0 7 1 9 1 3 1 13 0 
2 -1 3 1 11 0 3 1 11 0 9 1 8 0 3 1 7 0 11 -1 2 0 10 1 12 -1 11 0 
8 1 1 1 12 0 5 0 5 0 10 0 12 1 4 1 2 0 13 0 10 1 13 1 0 1 5 0 
5 1 1 -1 4 0 8 -1 3 0 8 0 7 -1 5 0 0 -1 8 1 2 0 2 0 11 1 6 -1 
9 0 12 1 6 1 4 1 2 1 3 1 7 0 5 1 0 0 3 0 2 1 8 1 3 0 2 1 
3 1 1 0 12 0 11 1 1 1 4 -1 3 1 6 1 9 -1 9 -1 1 1 0 -1 11 0 0 1 
11 1 13 0 4 1 8 0 9 0 0 0 3 1 12 0 13 1 8 0 3 1 6 0 5 1 8 0 
5 1 8 0 5 -1 2 0 11 1 8 1 11 -1 4 0 11 1 7 -1 3 -1 10 0 1 -1 0 1 
1 1 1 0 4 0 10 1 4 0 10 1 3 0 11 0 2 1 12 1 4 1 12 1 7 1 9 0 
10 1 4 0 5 0 2 -1 5 0 7 0 1 0 4 0 5 1 12 1 4 1 2 0 3 -1 12 1 
Language_38
14
0
0 2 3 6 8 13 
a b c d e 
3 0 11 0 10 0 5 0 0 0 0 0 13 0 3 0 12 1 7 1 1 0 7 1 10 0 5 0 
0 0 12 1 2 0 3 1 1 -1 2 -1 0 0 9 0 2 0 1 0 4 1 1 -1 4 0 5 1 
2 0 6 0 13 1 6 0 3 1 12 1 3 1 10 1 4 0 6 0 7 1 9 0 4 0 8 1 
0 0 0 0 5 0 4 -1 5 -1 13 0 5 1 7 0 8 -1 5 1 3 0 0 0 8 0 9 -1 
6 0 11 1 2 0 2 0 4 0 3 0 10 0 0 1 5 0 6 1 5 0 7 0 11 0 4 1 
6 -1 3 1 7 0 7 0 8 1 6 1 12 0 7 -1 0 -1 6 1 7 -1 9 -1 1 0 13 0 
0 0 2 0 11 1 9 1 5 0 7 1 11 1 9 1 6 0 2 0 8 1 13 1 4 1 10 1 
1 1 13 1 2 0 8 -1 2 -1 9 1 4 1 10 -1 3 0 10 0 0 0 2 1 12 0 10 0 
8 0 12 0 0 1 13 1 1 0 9 1 2 0 2 1 6 0 6 0 8 1 5 1 2 1 13 1 
6 0 5 1 7 0 4 1 2 -1 11 0 8 1 7 1 11 1 10 1 7 1 4 0 7 1 5 -1 
Language_39
14
0
3 4 8 9 11 12 
a b c d e 
2 1 2 0 12 1 2 1 7 0 6 0 8 1 10 0 8 0 2 1 6 1 3 0 5 1 10 0 
10 0 7 -1 12 -1 13 1 7 0 1 1 4 1 2 -1 8 -1 1 1 5 0 9 -1 11 1 0 -1 
12 0 13 1 7 1 4 1 3 1 13 1 12 1 5 1 6 0 12 1 6 0 5 0 12 1 3 1 
12 1 11 0 0 1 3 1 1 0 7 -1 6 -1 4 -1 13 -1 2 1 9 0 9 1 4 0 4 1 
0 0 4 0 2 1 13 0 6 1 0 0 8 1 6 0 9 1 3 1 10 1 11 1 2 1 2 0 
0 0 0 -1 6 -1 5 -1 0 0 1 1 1 0 7 -1 4 1 13 1 2 -1 3 0 10 1 5 1 
4 0 8 0 5 0 8 0 13 1 7 0 8 0 12 1 11 1 7 0 10 1 4 1 3 0 3 0 
1 1 0 1 1 -1 10 0 12 0 11 -1 1 -1 10 -1 7 -1 8 0 5 0 0 -1 12 0 12 0 
9 0 11 0 0 1 12 1 9 1 6 0 10 0 12 0 3 1 7 0 9 1 10 0 4 1 4 0 
2 1 3 1 3 1 11 1 1 -1 4 -1 3 1 10 -1 2 1 1 0 7 0 0 -1 8 -1 3 1 
Language_40
14
0
0 1 3 9 10 12 13 
a b c d e 
11 0 13 0 11 1 13 1 7 0 11 0 0 0 13 1 3 1 0 0 8 0 4 1 1 0 0 0 
12 -1 6 -1 0 0 11 0 2 1 13 1 3 0 4 -1 11 0 9 -1 2 0 5 1 9 1 12 1 
1 0 1 1 9 0 12 0 11 0 0 1 11 1 8 0 4 0 4 1 1 0 6 0 12 0 6 0 
5 0 13 -1 4 1 10 -1 0 1 11 1 3 1 2 -1 13 -1 8 0 9 -1 11 0 2 0 7 -1 
4 0 12 1 4 0 2 1 6 0 1 1 2 1 2 1 9 0 8 0 10 0 4 0 7 1 9 1 
8 -1 2 0 9 -1 4 0 11 -1 4 1 6 -1 8 1 7 1 9 0 13 1 8 1 10 0 0 0 
12 1 9 1 2 1 1 0 4 1 6 1 11 0 5 0 9 1 12 1 11 1 6 1 6 0 8 1 
12 0 13 0 3 1 1 0 8 0 3 1 11 -1 11 -1 10 1 11 -1 1 0 10 -1 5 -1 2 1 
9 1 12 0 9 1 9 0 3 0 12 0 8 1 11 0 3 0 8 1 8 0 2 0 4 0 11 1 
10 -1 1 -1 9 0 9 -1 9 0 4 1 5 1 4 1 5 0 9 -1 2 1 3 -1 11 -1 4 1 
Language_41
14
0
0 4 6 10 11 13 
a b c d e 
12 0 4 0 12 1 7 1 1 1 2 0 0 1 13 0 13 1 7 1 9 0 5 0 7 0 2 1 
12 1 9 -1 0 0 2 1 9 1 1 0 2 1 12 -1 12 0 4 1 4 1 3 -1 13 1 8 1 
2 1 0 0 11 1 11 1 8 1 3 0 0 1 8 1 1 0 0 0 9 0 1 0 11 1 11 1 
1 1 4 0 4 -1 1 0 1 1 7 -1 4 -1 9 1 3 -1 3 1 12 -1 4 0 12 0 4 0 
9 1 10 0 3 1 13 0 6 0 9 0 10 0 4 1 9 1 10 1 6 0 6 1 0 1 12 1 
7 1 7 0 2 0 13 0 7 -1 2 1 1 1 12 0 8 -1 6 -1 1 -1 6 0 0 -1 7 -1 
13 1 11 0 13 1 10 0 9 1 11 0 5 1 0 1 3 0 12 0 3 0 12 1 11 1 7 1 
1 -1 1 1 13 0 12 -1 6 1 11 1 12 1 0 -1 10 -1 11 1 11 -1 9 1 11 0 4 1 
10 0 6 0 7 0 7 0 8 0 11 0 3 1 2 1 13 1 5 1 13 0 1 0 12 0 11 1 
8 1 9 0 1 1 12 0 13 0 0 1 4 0 2 0 7 0 7 0 2 -1 3 0 2 -1 12 1 
Language_42
14
0
0 1 2 4 5 6 7 10 11 12 
a b c d e 
13 1 12 0 7 0 8 1 0 1 0 0 8 0 8 1 2 1 13 1 6 0 13 0 6 1 11 1 
9 -1 13 1 4 0 4 -1 0 0 8 1 5 1 2 0 3 1 0 1 9 -1 4 -1 5 -1 5 -1 
13 0 10 1 7 1 3 0 11 0 7 1 2 1 1 0 0 1 0 1 12 0 8 0 5 1 0 0 
2 0 5 1 7 -1 13 -1 1 0 0 1 5 0 5 0 2 -1 0 -1 12 0 3 1 12 0 6 0 
3 0 4 1 6 0 3 1 0 0 3 1 11 0 0 0 7 0 10 1 3 1 13 1 1 1 8 0 
0 0 0 -1 9 1 5 0 11 -1 10 1 7 0 1 -1 2 0 11 0 9 1 13 1 7 0 8 0 
12 0 11 1 0 0 5 1 11 1 4 1 7 0 2 0 9 0 4 0 7 1 2 0 11 1 11 1 
5 1 13 -1 7 1 7 0 3 1 4 -1 11 1 11 1 12 -1 9 -1 5 1 5 -1 6 1 4 0 
10 1 6 1 10 0 13 0 0 1 12 1 7 1 9 1 13 0 9 0 7 0 8 0 1 1 6 0 
8 1 10 0 8 0 12 0 7 0 5 1 0 0 4 1 10 1 11 -1 13 -1 12 0 0 1 13 -1 
Language_43
14
0
1 2 3 4 5 
a b c d e 
11 0 4 1 12 0 4 0 1 1 1 1 0 1 7 1 9 0 1 1 9 1 3 0 7 0 3 0 
12 1 9 1 0 1 12 1 9 -1 6 -1 10 0 6 0 3 -1 5 0 11 -1 7 0 10 1 5 -1 
2 0 2 0 6 1 8 1 13 0 6 1 9 0 3 1 12 0 11 1 8 1 2 1 6 0 6 0 
10 0 6 1 5 1 6 0 12 0 4 1 4 -1 11 -1 0 1 4 -1 1 -1 2 -1 12 1 8 1 
7 0 13 1 5 1 2 0 0 0 5 1 9 0 0 1 7 0 5 1 1 0 4 0 6 1 9 1 
1 1 0 -1 9 -1 13 1 11 -1 9 1 11 -1 11 0 3 1 6 1 1 0 5 -1 7 1 10 -1 
13 1 11 0 1 0 5 0 13 0 5 1 11 1 13 1 9 1 12 0 11 1 0 1 4 1 12 0 
7 0 9 -1 7 1 11 -1 2 0 7 -1 5 -1 8 0 13 -1 13 0 2 1 11 1 2 0 8 0 
10 1 9 0 9 0 13 1 10 0 8 1 13 0 2 0 8 0 4 0 13 0 5 0 5 0 8 0 
9 1 1 0 0 -1 13 0 12 1 4 1 4 0 0 -1 7 -1 1 1 11 -1 13 -1 4 0 3 1 
Language_44
14
0
0 4 5 7 8 9 11 12 13 
a b c d e 
8 1 13 0 8 1 4 0 4 0 9 1 6 1 6 1 6 0 6 0 1 0 5 1 7 0 0 1 
9 -1 8 1 3 1 4 1 10 -1 5 0 9 1 11 -1 1 -1 5 1 12 1 11 -1 4 -1 10 1 
12 0 11 0 0 1 1 1 10 0 6 1 6 0 3 1 13 1 12 1 10 1 13 1 4 0 12 1 
12 0 12 0 0 0 10 0 12 1 11 0 0 0 6 0 7 -1 9 1 13 -1 3 -1 2 1 9 -1 
8 1 2 1 3 0 10 1 6 1 9 1 7 0 0 0 1 0 12 0 1 0 11 0 7 0 5 1 
11 -1 3 -1 6 0 2 -1 10 -1 10 -1 13 0 4 -1 10 1 5 1 4 1 0 1 4 -1 6 -1 
11 1 2 0 13 0 6 0 0 0 5 0 10 1 1 1 4 0 4 1 0 0 5 0 6 0 9 1 
13 0 2 0 0 -1 1 -1 5 1 2 -1 5 -1 13 1 9 -1 2 -1 7 1 5 -1 5 -1 0 0 
5 0 0 1 6 1 9 0 12 1 6 1 4 1 7 0 4 1 9 0 12 0 0 0 3 1 12 1 
12 1 3 -1 8 -1 10 0 4 -1 8 -1 0 1 5 0 12 -1 10 -1 6 1 0 0 2 -1 11 -1 
Language_45
14
0
1 2 3 6 7 8 10 12 13 
a b c d e 
9 0 9 0 3 0 10 1 11 1 10 1 0 1 3 1 9 1 5 1 8 1 12 0 5 1 2 1 
4 1 12 1 6 -1 10 -1 6 -1 7 -1 3 1 3 -1 7 1 12 0 4 1 0 1 2 1 11 1 
9 0 5 1 7 1 1 1 13 0 0 1 13 0 3 0 13 1 12 1 1 0 7 1 3 1 6 1 
11 0 6 0 8 -1 6 1 8 1 5 0 10 -1 9 1 9 1 1 -1 8 -1 7 0 7 -1 10 0 
12 0 11 1 12 0 3 0 8 1 10 0 0 0 8 0 8 0 6 1 3 1 11 1 10 1 10 1 
7 -1 4 1 9 1 7 -1 3 0 11 -1 3 1 12 -1 5 0 1 1 3 -1 5 1 1 1 12 -1 
9 0 11 1 1 1 11 1 12 0 1 1 7 1 9 1 12 0 5 1 7 0 7 0 0 1 13 0 
2 1 6 1 4 0 11 1 4 1 1 1 10 0 8 -1 11 0 0 -1 9 0 10 -1 5 1 1 -1 
6 0 7 1 6 1 3 0 0 1 4 1 4 0 12 0 6 1 5 0 0 0 5 1 4 0 3 0 
9 0 0 0 8 -1 5 0 10 0 0 0 5 0 5 -1 1 1 4 0 5 1 5 1 10 0 2 0 
Language_46
14
0
0 1 3 4 6 12 13 
a b c d e 
12 0 5 1 9 1 13 1 7 0 10 1 11 0 2 1 1 0 4 1 11 0 6 0 12 0 3 0 
10 1 6 0 10 1 7 0 12 1 13 -1 2 -1 0 1 5 -1 7 -1 4 -1 1 -1 1 -1 13 0 
13 0 6 0 3 1 9 0 11 1 0 0 4 0 5 0 11 0 3 1 9 1 9 0 5 0 0 0 
5 0 6 0 13 1 9 1 0 1 3 -1 10 1 8 1 3 -1 12 -1 10 -1 1 0 5 -1 8 -1 
11 0 6 1 1 1 3 0 5 0 2 1 12 1 13 0 2 0 5 0 3 0 10 1 12 0 3 0 
10 -1 13 1 8 0 0 -1 0 1 6 1 12 1 8 0 2 -1 7 0 8 0 9 0 1 0 0 0 
8 0 2 1 11 1 11 1 10 0 5 0 2 0 9 0 4 1 2 1 4 0 5 1 12 1 1 0 
5 1 2 1 9 -1 0 0 6 -1 11 -1 8 1 12 1 8 1 8 1 3 0 7 -1 8 -1 5 1 
4 1 10 0 9 1 5 0 10 1 5 1 1 1 7 0 1 0 9 0 9 1 8 1 12 0 9 1 
12 1 8 -1 13 -1 3 -1 6 1 6 -1 10 -1 12 0 6 -1 2 -1 13 0 4 1 2 0 0 -1 
Language_47
14
0
0 1 3 4 5 7 10 11 
a b c d e 
3 1 4 0 3 1 1 1 13 1 0 1 4 1 11 1 10 1 7 0 7 1 6 1 11 1 9 1 
5 -1 3 0 4 -1 4 -1 3 1 1 0 1 0 13 0 9 1 1 -1 8 0 11 0 13 0 6 1 
4 1 5 0 2 1 6 0 9 1 10 0 8 0 10 1 13 1 5 0 10 0 9 1 4 1 7 0 
2 1 10 -1 11 -1 3 1 6 -1 0 0 4 1 0 -1 11 0 0 0 10 -1 6 0 7 0 13 -1 
13 0 11 0 11 0 11 1 5 1 0 1 7 1 8 0 1 1 6 1 10 0 10 0 0 0 4 1 
5 1 13 0 13 1 4 1 10 1 2 1 11 0 1 1 12 -1 1 -1 0 -1 7 -1 13 -1 13 1 
4 0 2 1 0 1 6 1 4 0 3 0 8 0 4 0 9 0 6 1 5 0 9 0 7 0 1 0 
6 0 3 0 5 -1 1 -1 10 -1 11 0 7 -1 5 -1 8 -1 8 -1 5 1 8 1 5 -1 1 -1 
11 0 10 1 8 1 3 0 3 0 5 0 5 1 1 0 9 0 0 0 6 1 8 0 2 1 9 1 
10 0 11 1 2 1 13 1 12 -1 6 0 11 -1 1 -1 10 -1 6 0 4 0 3 0 1 0 6 0 
Language_48
14
0
0 6 7 8 10 11 13 
a b c d e 
1 0 10 0 6 1 1 1 6 0 0 0 12 1 2 0 8 0 9 1 5 1 4 0 0 0 7 0 
8 1 3 0 4 -1 2 0 10 -1 2 1 0 0 1 0 13 -1 1 -1 0 1 4 -1 6 1 1 1 
10 1 13 1 12 0 6 0 1 0 2 0 8 1 5 1 3 0 8 1 10 0 6 0 0 0 2 1 
12 0 4 -1 10 1 8 -1 6 0 8 -1 12 0 2 1 10 0 6 1 12 -1 7 -1 7 0 2 0 
11 0 0 1 12 0 11 1 10 1 5 0 4 1 8 1 8 0 4 0 6 0 1 1 6 0 2 1 
12 -1 8 1 5 -1 1 -1 9 -1 8 0 7 1 5 1 5 1 6 1 4 0 7 0 11 -1 12 0 
3 0 9 0 13 0 6 1 5 1 12 0 11 1 11 0 0 0 8 0 10 0 0 0 13 1 9 0 
5 -1 4 -1 10 -1 11 0 3 -1 12 -1 2 0 7 -1 5 1 12 -1 4 1 6 1 12 -1 1 -1 
0 0 0 0 9 1 11 0 12 1 12 0 4 0 6 1 11 1 11 0 12 0 0 1 11 1 1 0 
9 0 10 1 10 0 10 1 5 0 11 0 13 -1 4 0 2 0 6 0 4 -1 10 0 9 -1 1 1 
Language_49
14
0
0 2 4 5 6 7 10 12 13 
a b c d e 
2 1 10 0 8 0 3 1 1 1 11 1 1 1 9 0 12 1 4 0 7 1 7 1 10 0 9 0 
11 0 4 0 2 -1 5 1 2 -1 2 0 5 0 10 0 4 -1 2 -1 3 -1 13 1 12 -1 9 -1 
11 0 7 1 8 1 8 0 5 1 10 1 8 1 8 0 13 1 12 1 7 1 11 1 2 0 4 1 
9 0 4 0 9 0 8 -1 9 1 3 -1 9 1 1 1 11 1 2 1 12 1 11 -1 6 1 7 -1 
13 0 13 1 4 0 5 0 10 0 13 0 1 1 0 1 0 1 6 1 2 1 0 1 4 0 1 0 
2 1 3 0 12 1 13 1 12 0 12 0 5 0 0 -1 10 -1 8 0 13 -1 4 1 2 0 0 0 
10 0 10 0 4 1 0 1 9 1 5 0 12 1 1 0 3 0 5 1 6 1 0 1 7 1 1 0 
2 0 1 0 9 1 7 -1 6 1 12 1 6 -1 6 0 4 -1 5 0 3 1 0 -1 11 1 9 0 
5 1 6 0 2 1 12 0 9 0 5 0 6 0 9 0 3 1 2 1 13 0 10 1 9 1 8 1 
12 -1 2 -1 10 1 8 -1 4 1 11 0 0 0 0 -1 8 1 7 -1 9 -1 0 0 5 -1 11 1 
Language_50
14
0
1 5 6 8 9 12 
a b c d e 
3 0 5 0 2 1 0 1 7 1 11 1 5 0 10 0 8 1 2 1 7 0 9 1 5 1 12 0 
8 0 8 -1 10 1 1 1 11 -1 0 0 10 -1 8 0 6 0 5 1 3 1 2 0 12 1 12 1 
11 0 13 1 13 0 12 1 5 1 11 0 4 1 3 0 12 1 7 1 6 1 2 0 8 0 2 1 
7 0 6 1 13 0 4 -1 6 -1 11 0 6 0 1 0 10 0 0 0 4 1 6 -1 5 -1 8 1 
3 0 8 0 8 1 3 1 1 0 7 1 8 0 6 1 0 0 3 1 2 0 4 0 8 0 1 0 
4 0 3 -1 12 -1 1 0 0 -1 13 -1 6 0 7 -1 5 1 9 0 5 0 4 0 6 -1 1 1 
2 0 12 1 12 1 11 0 6 0 5 0 1 0 7 1 11 0 6 0 1 1 4 0 9 1 1 0 
3 -1 12 0 3 -1 10 -1 8 1 4 -1 10 0 0 1 4 0 12 0 13 0 9 0 6 0 1 -1 
13 0 12 1 9 1 2 0 1 0 5 1 8 0 10 0 0 0 9 1 10 0 0 0 4 0 6 0 
8 -1 8 -1 9 -1 0 -1 0 0 10 1 11 -1 8 0 11 0 5 0 4 -1 10 1 12 1 9 -1 
Language_51
14
0
2 3 4 9 10 11 13 
a b c d e 
4 0 6 1 11 0 11 0 4 0 6 0 13 0 2 1 6 1 7 0 3 1 7 1 0 1 11 1 
2 -1 1 -1 3 1 9 0 0 -1 5 1 10 -1 13 -1 7 -1 2 -1 7 -1 1 0 8 1 12 1 
1 1 9 0 13 1 7 0 1 0 7 0 6 1 8 0 3 0 13 0 10 1 7 1 4 1 11 1 
7 1 10 0 7 -1 8 1 12 1 2 0 8 0 13 1 1 1 7 -1 4 -1 4 1 3 1 10 1 
4 1 8 0 10 1 6 1 5 0 12 1 6 0 4 0 11 0 2 0 13 1 0 0 13 1 8 1 
4 1 13 -1 2 1 2 0 2 0 11 -1 5 0 6 -1 12 -1 6 -1 1 1 2 1 11 1 6 0 
5 0 6 1 7 1 1 1 6 0 0 0 6 0 2 0 3 0 8 0 7 1 11 0 1 0 3 1 
8 -1 4 1 8 0 9 1 11 -1 6 -1 10 -1 11 0 13 1 3 1 3 -1 0 1 6 0 0 -1 
12 1 11 0 5 1 8 1 13 0 10 1 2 0 13 1 5 1 1 0 6 0 5 1 9 0 0 0 
12 1 13 -1 5 1 1 -1 3 0 4 -1 4 -1 10 0 8 1 8 0 13 0 9 -1 7 1 0 0 
Language_52
14
0
2 5 6 7 10 12 
a b c d e 
5 1 9 1 10 1 8 0 13 0 6 0 4 0 5 1 9 1 0 0 2 1 3 0 3 0 13 1 
3 1 3 0 4 1 1 -1 13 -1 8 1 6 0 6 -1 12 0 1 -1 6 -1 5 -1 10 -1 11 -1 
4 1 4 1 8 1 5 1 9 0 12 1 6 1 9 0 8 0 6 1 6 1 12 1 11 0 10 1 
3 1 7 -1 8 0 2 1 1 1 10 1 0 -1 4 1 0 0 13 1 9 1 9 1 13 -1 8 1 
12 1 4 1 1 0 9 0 8 1 6 1 10 1 11 1 11 0 7 1 7 1 11 0 6 0 6 1 
0 0 9 -1 12 0 12 1 4 0 3 -1 3 1 7 1 2 -1 11 0 10 1 13 0 6 -1 7 1 
1 1 2 1 7 1 5 1 13 1 10 0 4 1 11 0 4 0 8 0 3 1 2 0 7 1 2 1 
7 1 3 -1 0 0 1 1 1 0 12 1 3 -1 7 0 10 1 2 0 1 -1 9 0 0 1 4 0 
5 1 1 0 10 0 8 0 8 0 8 1 7 0 6 0 9 0 1 1 3 0 4 1 8 1 8 1 
9 0 2 -1 2 1 4 1 6 -1 10 1 3 0 12 0 13 0 13 -1 13 1 13 -1 11 0 0 0 
Language_53
14
0
0 2 5 8 9 13 
a b c d e 
4 0 3 1 9 1 4 0 8 0 0 1 8 1 9 1 13 0 4 1 2 0 1 1 8 1 6 1 
12 0 10 -1 12 0 8 1 8 1 0 1 10 1 11 -1 9 -1 9 -1 11 -1 13 0 2 0 7 -1 
1 1 7 0 10 1 1 1 5 1 0 1 7 0 8 0 7 0 0 0 7 0 1 1 11 1 9 1 
7 0 0 0 1 -1 1 0 4 -1 0 0 7 1 4 -1 2 1 2 1 6 0 4 -1 8 -1 1 0 
12 1 7 0 12 1 1 1 0 1 7 0 11 0 13 1 9 0 13 0 5 1 9 0 3 1 0 1 
7 1 12 1 7 0 11 1 10 -1 12 0 11 0 4 -1 6 1 0 1 11 -1 8 1 1 0 7 -1 
7 0 9 0 7 1 4 0 1 0 4 0 13 1 8 0 3 0 5 0 0 0 0 1 12 0 2 1 
12 0 5 1 7 -1 0 -1 2 0 8 -1 2 -1 7 -1 4 1 3 0 12 0 10 1 5 -1 3 -1 
11 1 0 1 0 0 6 1 2 0 0 1 11 1 8 1 13 1 1 0 4 0 11 1 10 0 5 1 
5 -1 2 0 13 -1 3 0 2 1 12 0 2 0 0 0 1 -1 11 -1 6 -1 6 -1 0 0 4 1 
Language_54
14
0
2 4 5 6 7 10 11 13 
a b c d e 
7 1 8 1 10 0 6 1 1 1 7 0 12 1 8 1 2 1 4 0 2 0 6 0 11 1 13 0 
13 -1 7 0 12 -1 3 1 0 0 4 -1 6 -1 3 0 4 0 2 0 8 -1 0 1 4 -1 12 1 
1 0 6 1 6 1 10 1 3 0 2 0 7 0 7 0 1 1 5 1 9 0 6 0 0 0 9 0 
3 1 4 -1 13 1 0 0 10 1 4 -1 9 -1 4 0 1 0 13 0 13 0 4 0 9 0 12 0 
4 0 10 1 1 1 11 0 3 0 2 0 13 0 0 0 8 0 7 0 3 0 4 0 4 0 10 0 
13 0 5 -1 10 -1 2 0 7 0 8 0 2 1 13 0 8 -1 11 0 6 -1 0 1 8 1 7 0 
10 0 1 1 0 0 6 0 4 0 3 0 12 0 0 0 0 0 1 0 6 0 13 0 4 0 13 1 
3 1 9 0 13 0 10 0 1 -1 6 -1 5 1 9 -1 5 0 8 -1 10 0 1 1 8 0 0 1 
12 0 5 0 3 1 7 1 13 0 10 1 12 1 2 0 13 1 6 1 8 0 11 1 10 0 0 0 
12 1 8 -1 6 -1 10 0 2 1 1 -1 1 1 5 0 2 1 1 0 6 1 4 -1 3 0 12 0 
Language_55
14
0
2 6 7 8 9 11 12 13 
a b c d e 
10 1 5 0 8 0 5 1 1 0 2 0 7 1 9 1 1 1 10 0 5 1 1 1 10 0 11 1 
8 0 11 1 8 1 0 1 4 0 5 1 1 1 9 0 10 -1 9 -1 9 0 9 0 4 -1 7 0 
3 1 7 0 5 0 5 0 12 1 3 1 2 1 13 1 10 1 8 1 5 0 3 1 2 1 6 1 
7 0 9 -1 8 -1 3 1 10 0 12 -1 12 -1 2 1 0 0 3 1 2 1 7 0 1 0 2 -1 
1 0 9 1 0 0 1 1 3 1 1 0 10 0 4 0 9 1 10 0 8 0 10 1 0 1 5 0 
2 1 8 1 13 -1 6 0 5 1 0 -1 13 1 10 1 10 -1 0 1 11 0 13 1 5 0 3 -1 
7 1 12 1 12 0 12 1 4 0 12 1 5 0 13 1 12 0 9 0 0 1 0 1 0 1 13 1 
12 -1 4 0 0 -1 7 1 1 1 5 1 7 1 7 0 9 1 12 0 13 1 7 -1 6 -1 11 -1 
10 1 9 0 3 1 11 0 12 1 13 1 4 0 13 0 12 0 7 0 4 0 8 1 3 1 9 1 
1 0 6 1 9 1 2 -1 7 -1 8 0 5 0 13 -1 7 0 1 1 5 1 13 1 5 1 0 -1 
Language_56
14
0
1 2 3 6 7 11 12 
a b c d e 
1 1 1 0 10 1 3 1 4 1 6 1 0 0 11 0 10 1 0 1 9 0 13 1 8 1 8 1 
9 0 4 0 10 1 5 1 0 -1 2 1 9 0 13 0 0 0 9 0 0 -1 11 1 0 -1 4 1 
8 0 0 1 8 0 8 1 7 0 12 0 9 1 3 1 0 1 10 0 5 1 4 0 0 1 10 0 
6 1 2 1 1 0 7 0 0 -1 10 0 8 0 8 -1 9 -1 3 1 4 0 13 1 4 -1 7 -1 
7 0 12 0 2 1 6 0 10 0 11 1 7 0 8 0 7 1 11 1 7 1 12 0 3 1 5 0 
11 1 10 1 6 1 11 0 9 -1 7 1 13 1 4 -1 8 -1 0 1 12 1 7 -1 4 -1 0 1 
9 1 2 1 2 1 10 1 2 1 8 1 11 0 5 1 1 1 7 0 0 1 2 0 11 1 7 1 
6 -1 9 1 10 0 7 -1 13 -1 2 1 9 1 13 0 8 -1 3 1 6 -1 2 1 10 1 4 1 
6 1 12 1 4 0 6 1 3 1 8 0 9 0 13 1 4 1 11 0 11 1 3 1 4 1 6 0 
8 -1 4 0 13 0 8 1 12 -1 10 -1 5 0 2 1 5 0 13 -1 8 0 7 0 5 1 8 -1 
Language_57
14
0
1 2 3 5 8 13 
a b c d e 
11 1 2 0 1 1 2 0 12 1 7 0 8 1 2 0 6 1 9 0 5 1 1 1 12 1 5 1 
13 0 8 1 3 -1 9 1 2 0 1 -1 0 -1 0 0 1 1 5 1 6 -1 10 0 7 1 6 1 
8 1 8 1 8 0 13 0 0 1 7 1 9 1 10 0 6 0 11 1 1 0 2 1 10 0 3 1 
2 -1 4 0 5 -1 2 -1 8 1 5 1 9 -1 10 0 3 0 1 1 0 1 3 0 7 1 1 1 
4 1 13 1 7 0 0 1 4 0 12 0 1 1 6 1 9 0 7 1 7 0 0 0 13 0 1 0 
6 0 12 0 12 1 11 -1 11 -1 3 0 12 0 3 -1 2 1 3 -1 10 0 4 -1 1 -1 0 -1 
2 1 12 1 2 0 8 1 6 0 6 1 7 0 11 0 2 0 8 1 6 0 8 0 8 1 10 1 
7 1 2 -1 13 1 3 -1 6 0 4 0 3 -1 11 0 11 0 3 -1 4 1 12 0 6 0 6 0 
12 0 6 1 9 0 0 0 2 1 7 0 0 1 2 0 5 1 5 1 8 0 8 1 12 1 1 1 
3 0 2 1 13 1 0 0 12 1 11 0 11 0 9 -1 6 -1 0 1 0 0 0 -1 10 1 3 1 
Language_58
14
0
1 2 7 9 11 
a b c d e 
12 1 12 1 6 1 10 0 10 0 10 0 3 1 1 1 1 0 6 1 11 1 10 0 13 0 6 1 
6 0 2 -1 1 0 2 -1 12 0 2 -1 0 0 13 1 1 0 10 1 11 1 13 0 10 -1 13 1 
10 0 12 0 8 0 1 0 13 0 5 0 0 1 4 1 5 0 9 0 13 0 2 1 11 1 8 0 
1 1 5 -1 1 0 9 1 13 1 12 1 1 1 1 1 3 1 13 -1 1 1 3 -1 13 1 12 0 
10 0 1 0 10 0 2 0 12 0 10 0 3 0 11 0 4 0 6 0 11 0 9 1 3 0 13 0 
3 0 6 -1 8 1 10 0 4 0 9 1 13 -1 13 1 11 1 12 1 7 1 10 1 3 -1 0 0 
9 0 0 1 1 0 2 0 10 0 13 1 6 0 6 1 5 1 3 1 0 0 4 1 12 0 9 0 
7 1 2 1 4 -1 7 1 3 -1 0 0 9 1 10 -1 0 1 1 -1 10 -1 13 1 12 1 8 -1 
0 0 7 1 13 1 6 0 2 0 11 0 0 0 5 0 12 0 11 0 13 1 7 1 13 1 7 0 
0 -1 12 1 6 1 2 0 11 -1 5 -1 12 0 0 1 4 -1 2 1 8 1 2 -1 7 1 7 0 
Language_59
14
0
0 9 11 12 13 
a b c d e 
3 0 11 0 6 0 4 1 3 0 0 1 11 1 11 1 1 0 5 0 8 1 13 0 12 1 10 0 
4 0 12 -1 9 -1 12 -1 10 -1 0 -1 12 0 9 -1 4 0 0 -1 10 0 11 1 11 -1 11 0 
8 1 7 1 1 1 0 0 7 1 0 1 6 1 11 1 9 1 0 0 6 1 10 0 4 1 9 0 
6 -1 12 1 10 1 0 0 6 -1 8 0 10 0 11 0 2 1 8 0 6 -1 12 -1 1 -1 13 -1 
7 1 11 1 9 0 4 0 5 0 3 0 13 0 9 0 11 1 6 0 10 1 5 0 10 0 1 1 
8 1 11 -1 7 -1 2 0 7 0 2 0 7 -1 0 -1 7 -1 0 0 10 -1 9 -1 6 -1 6 -1 
3 0 13 1 2 0 9 1 2 1 7 0 9 1 0 1 12 1 5 1 8 0 11 1 3 1 11 1 
0 1 7 -1 2 -1 12 -1 4 0 7 0 13 -1 7 1 3 0 3 -1 9 0 6 -1 12 0 1 0 
7 1 5 0 4 0 12 0 0 1 1 1 13 0 1 1 11 1 6 1 13 1 3 1 6 0 12 1 
1 0 11 -1 5 -1 11 -1 13 -1 13 1 8 1 11 1 6 -1 9 -1 11 1 6 1 8 1 1 1 
Language_60
14
0
2 4 5 7 8 10 11 12 13 
a b c d e 
5 0 0 1 6 0 6 1 5 0 11 0 7 0 13 1 13 1 11 0 7 0 7 1 2 1 10 0 
13 -1 0 -1 0 1 1 1 3 1 3 1 2 0 11 0 6 0 7 0 0 0 5 1 5 1 12 -1 
4 1 5 1 7 1 5 1 1 0 5 1 0 1 4 1 7 1 0 1 4 0 1 0 4 1 8 1 
3 1 8 -1 6 -1 0 -1 10 -1 6 0 10 -1 2 1 7 0 10 0 8 1 0 1 1 0 0 1 
8 0 8 1 4 0 12 1 9 0 7 0 7 0 0 0 3 1 7 0 1 0 5 1 12 1 4 0 
13 -1 9 -1 10 0 13 -1 5 -1 1 -1 8 0 0 0 0 -1 0 -1 1 1 9 -1 8 1 4 1 
2 1 9 0 13 0 3 1 12 0 12 0 11 1 1 0 9 1 1 0 8 1 8 1 12 0 12 0 
5 0 0 -1 6 1 12 0 9 -1 10 1 2 -1 12 -1 1 -1 11 0 0 0 13 1 0 1 13 0 
10 0 1 0 7 0 2 1 7 0 12 1 6 0 4 0 2 1 8 1 1 1 3 0 7 1 4 0 
7 1 12 1 4 -1 13 1 13 -1 7 -1 4 -1 5 1 0 1 11 1 11 0 13 0 8 -1 3 1 
Language_61
14
0
8 9 10 11 12 
a b c d e 
9 1 13 0 6 0 5 1 10 1 2 1 6 0 0 1 0 1 5 0 3 1 13 0 0 1 1 0 
8 -1 0 1 12 1 2 -1 11 -1 5 0 6 0 11 -1 6 -1 9 0 6 1 4 1 0 0 3 0 
4 1 3 0 13 1 0 1 1 0 5 0 2 1 10 0 3 1 9 1 8 0 11 1 4 1 7 0 
7 0 11 0 12 0 7 0 3 -1 10 0 9 1 10 -1 8 1 2 1 0 -1 13 1 12 1 9 -1 
9 1 12 0 7 0 1 1 11 1 6 0 2 0 6 0 13 0 5 0 13 0 11 0 11 0 6 0 
6 0 3 -1 12 1 13 0 12 -1 3 1 10 1 3 1 2 -1 6 0 6 1 13 1 1 0 7 1 
5 0 0 1 10 1 7 0 0 1 7 0 5 0 13 1 13 0 11 0 13 1 13 1 13 0 6 0 
6 -1 2 0 11 1 10 -1 7 -1 9 -1 4 0 9 0 4 1 6 0 13 1 5 -1 0 1 4 -1 
8 1 8 0 11 0 13 1 9 0 2 0 4 1 4 1 13 1 5 0 13 0 5 0 0 0 2 1 
10 -1 13 1 5 0 12 -1 5 0 13 1 5 1 2 0 11 -1 7 0 1 -1 10 1 13 0 9 1 
Language_62
14
0
1 2 4 5 6 8 10 12 13 
a b c d e 
7 0 3 1 2 1 6 1 10 0 0 0 3 0 5 1 6 1 1 0 7 0 13 0 2 0 7 1 
11 -1 4 -1 11 1 4 1 9 1 2 0 13 1 13 -1 6 0 6 1 13 1 8 0 4 -1 8 -1 
7 0 6 1 6 1 7 1 2 0 1 0 12 1 11 1 8 1 5 0 8 1 3 1 13 0 13 0 
3 0 0 0 0 -1 6 -1 6 1 5 0 8 0 4 1 1 1 9 1 6 1 13 -1 12 1 8 1 
13 0 11 1 3 0 6 1 5 0 10 0 7 1 13 1 5 0 13 0 7 0 0 1 11 0 7 0 
3 1 4 -1 11 0 1 -1 13 -1 6 0 12 0 2 -1 5 -1 4 1 13 1 10 -1 9 -1 1 0 
0 1 7 0 10 0 6 0 8 0 9 1 10 1 8 0 3 0 9 1 1 0 7 0 8 1 2 1 
9 0 2 1 2 0 12 1 11 1 13 -1 4 -1 0 -1 8 1 12 -1 10 1 8 0 6 -1 3 -1 
11 1 0 0 5 1 3 1 7 1 10 1 11 0 9 0 6 1 9 1 1 0 6 1 12 0 9 0 
13 1 2 0 12 1 10 1 9 -1 7 1 2 1 0 1 5 -1 7 1 5 -1 0 0 7 -1 8 -1 
Language_63
14
0
0 1 2 5 7 9 11 12 13 
a b c d e 
6 1 6 1 2 0 0 1 12 1 13 1 8 0 11 0 12 1 3 1 2 1 3 0 11 0 10 0 
9 1 6 0 6 0 9 1 1 -1 5 1 0 -1 4 0 5 1 12 0 5 1 2 1 6 -1 7 -1 
5 0 8 0 4 0 10 0 8 1 8 0 7 0 9 0 1 0 5 0 2 0 5 0 12 1 3 1 
1 0 4 1 12 0 11 0 9 1 6 -1 11 1 2 1 9 1 9 1 8 1 7 1 5 1 5 -1 
4 1 13 0 7 1 0 0 5 0 11 1 9 0 5 1 9 0 11 0 4 0 2 1 10 0 0 1 
10 0 1 0 3 1 9 1 6 1 1 1 3 1 12 1 10 1 10 1 2 1 12 -1 0 0 7 -1 
6 1 2 1 2 0 8 0 11 0 3 1 10 1 8 0 7 1 13 0 13 1 6 1 11 1 4 0 
13 1 11 0 8 0 11 0 10 -1 5 0 10 0 13 1 5 0 4 0 12 0 2 1 12 0 10 -1 
11 0 9 0 3 0 11 0 4 1 13 0 5 0 2 0 12 1 5 1 10 1 2 0 5 1 2 1 
5 0 2 -1 10 1 9 1 4 0 6 -1 6 -1 9 1 7 -1 0 1 6 1 7 0 10 1 1 1 
Language_64
14
0
0 1 3 8 9 11 13 
a b c d e 
6 1 11 1 10 1 3 1 2 0 4 1 9 0 10 0 13 1 4 1 6 1 11 0 11 1 4 0 
13 -1 5 0 6 1 13 1 5 1 5 1 6 0 2 0 5 1 11 0 2 1 10 1 1 0 11 -1 
4 0 11 0 3 1 0 0 13 1 3 0 4 1 8 0 11 0 12 1 5 1 9 1 0 0 6 0 
11 1 0 0 9 1 1 0 2 -1 0 0 9 1 0 -1 1 1 8 1 7 1 12 1 8 1 11 1 
5 0 2 1 8 1 8 1 7 1 12 1 13 1 7 1 2 0 10 0 11 1 3 1 5 0 13 1 
6 0 8 1 10 1 10 1 11 1 4 1 5 0 4 0 1 -1 10 0 8 0 7 1 5 -1 12 1 
7 0 6 1 5 0 1 0 9 0 5 1 3 1 12 1 13 1 9 0 9 0 0 0 9 0 7 1 
4 1 1 1 11 1 6 0 6 -1 9 -1 10 0 12 0 8 1 6 0 1 0 5 -1 13 -1 9 -1 
3 1 1 1 5 0 9 1 5 1 12 1 1 1 7 0 12 0 0 1 0 0 8 0 8 1 7 0 
0 0 2 0 5 1 5 1 1 0 7 0 5 0 10 0 8 -1 10 1 13 0 13 -1 9 0 1 0 
Language_65
14
0
1 2 4 5 9 11 12 
a b c d e 
4 0 1 1 3 0 9 0 11 1 3 0 13 1 6 1 10 0 11 0 7 0 6 1 3 0 11 0 
12 1 6 -1 12 -1 4 0 10 1 7 0 0 -1 10 -1 1 -1 10 0 5 0 12 0 5 1 3 1 
2 1 6 1 6 1 9 0 7 1 11 1 2 0 6 0 12 0 1 0 4 1 7 0 12 1 10 0 
5 0 13 0 0 -1 12 0 2 1 3 -1 11 1 5 0 0 0 12 -1 7 1 0 0 5 1 2 -1 
11 1 12 1 4 1 2 1 10 0 3 0 0 0 3 1 5 0 10 1 3 0 2 1 10 1 3 0 
9 -1 4 1 1 1 0 1 10 0 2 1 5 1 8 0 2 1 6 -1 2 0 9 -1 8 -1 7 1 
8 1 3 0 6 0 5 1 7 0 0 1 3 1 9 1 4 0 3 0 7 1 5 1 11 0 12 1 
4 -1 8 -1 6 -1 9 0 5 1 1 1 2 -1 5 0 1 -1 9 -1 5 0 7 0 5 1 6 0 
6 0 5 0 0 0 11 0 12 0 7 1 10 0 11 1 5 1 4 0 7 1 13 1 0 1 10 1 
6 1 5 0 13 -1 2 -1 0 0 10 0 9 -1 1 1 6 -1 1 -1 7 0 7 0 3 1 7 0 
Language_66
14
0
1 3 4 5 7 10 12 13 
a b c d e 
6 1 0 0 8 0 6 0 4 0 11 1 7 0 13 1 6 1 1 1 0 0 9 0 12 1 5 1 
13 0 13 0 0 -1 6 -1 13 -1 11 1 13 -1 5 -1 12 0 3 0 7 0 8 -1 5 1 9 -1 
2 1 8 1 7 0 4 0 9 0 0 1 9 1 7 1 6 0 13 0 11 1 12 1 8 0 6 0 
8 0 3 -1 0 1 13 1 4 0 6 1 2 0 10 -1 4 -1 3 -1 13 0 10 1 1 1 10 0 
10 1 3 1 10 1 0 0 8 1 3 0 11 0 13 0 9 1 2 1 5 1 13 1 13 1 7 1 
1 1 0 -1 12 0 13 0 0 1 3 -1 1 0 7 0 2 1 9 1 6 1 11 1 10 1 8 1 
2 1 9 1 2 1 4 1 1 0 10 1 11 0 4 1 1 0 0 0 0 0 2 0 3 1 10 0 
6 1 13 1 0 -1 2 0 8 -1 13 0 5 0 9 1 0 1 1 0 4 0 4 0 1 0 11 0 
8 0 13 0 5 0 8 1 6 0 2 0 4 1 5 0 4 0 4 1 9 0 9 1 8 1 2 0 
11 -1 13 0 11 -1 5 -1 5 -1 4 -1 8 -1 13 0 10 0 0 1 3 1 11 1 11 0 13 1 
Language_67
14
0
0 3 5 8 9 10 11 
a b c d e 
11 1 12 0 5 0 3 0 8 1 3 1 8 1 6 1 2 1 8 1 6 0 5 0 11 1 0 1 
11 1 2 0 4 1 0 1 7 -1 10 0 13 1 3 0 5 -1 11 1 6 0 0 0 10 -1 6 0 
4 1 13 1 2 1 10 1 6 1 0 0 1 1 12 1 11 1 12 0 4 1 6 0 13 1 12 1 
8 -1 2 0 0 0 13 1 7 -1 12 -1 13 -1 7 1 6 1 10 0 11 0 7 -1 7 -1 8 0 
12 0 0 1 2 1 5 0 6 1 10 1 0 0 2 0 3 0 13 1 12 0 6 1 6 0 13 0 
3 1 4 -1 1 0 0 -1 7 0 0 -1 10 0 7 -1 4 -1 0 -1 1 -1 6 1 8 -1 5 0 
6 0 5 1 13 0 4 1 5 1 5 1 4 1 10 0 0 0 2 1 10 0 1 0 11 0 6 0 
12 -1 10 -1 3 0 7 1 4 0 8 1 0 -1 0 -1 4 1 11 1 6 1 3 -1 5 1 0 -1 
6 0 13 0 12 1 7 0 2 1 4 0 12 0 13 1 5 0 10 1 1 1 6 0 9 1 1 0 
10 0 2 -1 12 -1 2 1 11 0 2 -1 0 0 4 0 1 0 9 1 12 1 13 1 8 -1 1 0 
Language_68
14
0
0 1 2 4 6 9 12 13 
a b c d e 
1 1 4 0 0 0 12 1 6 1 5 1 12 0 3 0 11 0 2 0 9 1 8 0 9 1 8 0 
9 0 6 1 12 -1 1 0 3 1 1 1 1 -1 0 0 13 1 8 1 9 -1 1 -1 1 1 3 0 
7 0 9 0 9 1 2 0 6 0 4 0 8 0 8 0 12 0 9 0 0 0 12 1 13 1 9 0 
3 -1 13 1 7 1 10 1 11 -1 7 -1 0 -1 2 -1 10 -1 9 -1 1 1 4 -1 8 0 5 -1 
11 0 1 1 3 0 1 0 7 1 0 0 11 1 4 1 10 0 9 0 5 1 0 1 11 1 4 1 
12 1 3 -1 3 1 1 -1 9 0 2 0 5 -1 4 1 8 0 9 -1 7 0 0 0 6 -1 4 1 
4 1 6 1 9 1 8 1 7 0 11 0 4 1 5 0 2 1 2 0 4 1 12 0 3 1 11 1 
13 -1 4 -1 1 0 4 -1 1 1 4 -1 11 -1 4 -1 5 1 13 -1 3 -1 4 -1 1 1 0 0 
0 0 3 0 7 0 7 1 0 0 3 0 2 1 4 1 12 0 7 0 3 1 11 0 8 1 3 0 
12 -1 5 -1 5 1 12 -1 8 0 12 1 4 0 8 -1 6 1 5 -1 2 0 1 0 5 -1 3 0 
Language_69
14
0
0 1 2 3 8 12 
a b c d e 
2 0 11 0 5 0 11 0 1 1 13 0 10 1 1 1 1 0 3 0 5 1 13 1 12 0 12 0 
1 1 5 1 7 0 2 1 12 1 6 -1 0 -1 4 -1 1 0 8 0 1 -1 0 0 5 0 9 0 
4 1 9 1 8 1 11 1 6 1 10 0 5 1 2 1 0 1 4 0 8 1 6 0 0 1 9 0 
10 -1 3 1 11 0 3 0 5 1 10 -1 9 -1 9 1 11 -1 4 1 4 1 6 1 1 1 5 -1 
5 1 7 1 9 1 0 0 11 0 0 1 1 1 13 1 4 0 6 0 11 1 3 0 2 0 12 0 
2 -1 0 -1 5 0 7 -1 9 -1 9 0 13 -1 13 -1 3 1 3 0 6 -1 8 -1 5 -1 2 1 
10 1 6 0 5 0 13 0 1 0 9 1 4 0 1 1 5 0 2 1 4 0 10 1 0 0 1 0 
7 -1 6 1 5 -1 2 -1 2 0 5 -1 12 -1 2 -1 0 0 4 0 2 0 9 0 10 1 9 0 
5 1 4 1 8 0 8 0 13 1 4 0 10 1 11 1 7 0 10 1 12 1 11 1 5 1 2 0 
2 0 7 -1 0 1 2 1 6 -1 11 1 3 -1 10 -1 2 0 5 1 4 0 9 0 7 1 3 1 
Language_70
14
0
1 2 6 8 9 10 11 
a b c d e 
13 1 4 1 9 1 1 1 11 0 10 1 1 0 6 0 13 0 13 0 8 0 0 1 8 1 10 1 
6 -1 10 0 13 1 12 1 0 1 11 -1 3 0 6 0 3 1 9 1 11 1 1 0 8 0 5 0 
8 0 3 0 6 0 11 0 1 1 9 0 0 0 5 0 12 0 11 1 5 1 2 0 0 0 5 0 
4 1 9 0 3 1 11 0 2 0 8 -1 7 -1 12 1 7 -1 10 -1 13 0 0 1 0 1 13 1 
3 1 3 1 4 1 4 0 6 0 7 0 6 0 10 0 2 1 7 0 11 0 11 1 4 1 11 0 
7 -1 9 -1 4 -1 11 -1 12 -1 2 -1 1 1 2 1 4 -1 3 0 7 1 2 1 3 -1 3 1 
6 1 4 0 5 1 1 0 8 1 2 0 12 1 6 1 0 0 4 1 6 1 8 0 10 1 6 1 
0 1 9 0 9 1 13 1 8 -1 13 1 10 0 9 -1 11 -1 5 -1 3 -1 5 1 5 -1 1 0 
8 1 0 1 2 0 6 1 2 1 2 0 13 1 9 0 1 0 11 1 13 1 2 0 2 0 3 0 
6 0 6 1 13 1 4 -1 4 0 4 0 8 1 1 1 4 1 2 -1 10 1 4 -1 6 -1 1 1 
Language_71
14
0
2 3 4 6 7 8 9 11 12 
a b c d e 
4 1 8 0 4 1 9 0 12 0 1 1 3 0 12 0 12 1 4 0 9 1 0 1 8 0 10 0 
10 -1 8 -1 5 1 4 -1 5 0 11 1 4 0 12 1 11 -1 11 0 7 -1 13 1 9 -1 5 0 
12 0 2 1 0 0 6 1 8 1 2 0 11 0 2 1 1 0 6 1 9 0 9 1 12 1 6 0 
9 0 11 -1 8 1 10 0 9 -1 4 -1 6 0 12 0 13 -1 0 0 5 1 0 -1 10 0 2 -1 
12 1 7 1 0 0 10 0 2 1 6 1 4 0 9 1 4 0 10 0 4 1 9 0 5 1 5 0 
1 0 13 0 1 1 3 -1 1 1 7 0 11 -1 12 -1 1 -1 1 1 7 -1 13 1 1 1 13 -1 
11 0 5 1 0 0 5 1 2 1 9 1 3 0 7 0 0 0 12 0 1 0 9 1 10 1 1 0 
4 1 0 1 5 0 6 1 13 1 0 -1 7 -1 5 0 8 0 11 -1 2 1 6 0 12 0 9 0 
1 0 13 1 13 0 2 1 6 0 1 1 7 1 4 0 8 0 10 0 9 0 4 0 12 1 12 1 
11 1 6 1 13 0 0 1 5 -1 13 1 7 -1 2 0 0 -1 7 1 4 -1 2 -1 6 -1 2 -1 
Language_72
14
0
2 3 5 8 9 10 11 12 13 
a b c d e 
4 0 9 0 7 0 1 0 0 0 5 0 7 0 0 1 3 1 0 1 13 1 4 1 9 0 2 0 
3 -1 11 -1 1 0 6 1 6 -1 12 0 4 1 13 1 11 -1 6 -1 5 0 1 -1 4 0 3 0 
4 0 4 0 10 1 7 1 8 1 3 0 12 0 7 1 9 1 3 1 3 1 10 0 6 1 8 1 
10 -1 13 1 5 -1 5 -1 8 1 9 0 4 1 8 -1 0 1 8 0 2 0 7 -1 4 -1 4 -1 
2 1 7 1 2 0 10 1 1 1 7 1 0 0 2 1 3 0 6 0 10 0 4 0 1 0 10 0 
12 -1 12 0 9 0 2 -1 1 -1 3 -1 0 -1 0 1 5 1 12 0 1 1 0 -1 10 -1 10 1 
5 1 0 1 6 1 5 0 4 1 6 0 9 1 9 0 1 1 7 1 13 0 3 1 11 1 4 1 
11 1 12 0 3 1 7 1 7 0 1 0 8 1 3 -1 11 1 13 -1 8 0 7 0 10 -1 1 -1 
7 1 9 1 8 0 5 1 3 0 3 1 9 0 12 0 1 0 13 0 2 1 2 1 7 1 3 1 
4 1 0 0 9 -1 11 -1 10 -1 7 1 2 1 6 1 8 1 2 1 8 -1 3 -1 0 1 6 0 
Language_73
14
0
0 1 2 3 6 7 8 9 10 
a b c d e 
11 0 9 1 3 0 13 1 2 0 10 0 9 1 11 0 7 0 13 0 10 1 6 0 2 0 7 0 
11 -1 2 -1 7 0 12 -1 5 0 11 1 3 1 8 -1 8 0 5 -1 4 -1 13 0 9 1 8 1 
11 0 9 1 7 0 2 0 4 0 10 0 9 0 10 1 0 0 9 0 2 0 8 1 9 1 9 1 
4 -1 9 -1 12 0 3 1 7 -1 8 1 7 -1 11 1 0 -1 8 1 0 -1 6 -1 6 -1 5 0 
13 1 11 1 0 1 3 1 5 0 10 0 0 1 8 1 6 0 8 0 0 1 0 1 13 1 11 0 
10 0 13 1 3 -1 1 1 0 0 2 0 4 0 1 -1 12 0 9 1 13 0 0 0 0 -1 6 -1 
6 0 11 0 10 0 4 0 6 1 4 0 11 1 4 1 11 0 10 1 5 1 10 1 3 1 1 0 
9 -1 3 1 12 1 13 -1 10 -1 7 -1 3 -1 9 -1 12 -1 8 -1 1 1 2 1 5 1 3 1 
12 0 4 0 12 0 1 0 9 1 0 0 10 1 0 1 10 0 6 0 12 0 7 0 12 1 8 0 
7 1 2 0 10 0 11 1 6 0 11 0 9 0 13 1 13 1 6 1 9 -1 2 0 9 1 0 0 
Language_74
14
0
0 1 2 3 6 7 8 9 10 11 12 
a b c d e 
10 1 7 1 8 1 7 1 6 1 12 1 10 1 2 1 3 1 2 1 12 0 12 1 12 1 11 1 
8 1 10 1 10 0 12 0 2 0 9 1 2 1 10 -1 7 1 9 -1 12 0 7 0 9 1 5 -1 
0 0 4 0 11 0 11 1 3 1 7 0 8 0 3 1 2 1 10 1 9 0 12 0 2 1 1 0 
11 0 13 -1 10 0 12 -1 5 1 2 0 4 1 5 0 0 0 10 0 13 -1 13 0 12 1 5 1 
13 1 9 0 10 1 2 0 3 1 13 1 5 0 3 1 5 0 12 1 0 1 8 0 6 1 9 1 
7 -1 10 0 2 1 12 1 2 0 1 0 4 0 10 -1 4 0 10 -1 0 -1 11 -1 4 -1 0 -1 
6 0 4 0 5 0 1 1 4 1 1 0 1 1 12 0 8 1 12 0 7 1 10 0 2 0 7 1 
3 -1 13 0 1 0 11 0 1 0 9 -1 12 -1 9 0 2 -1 3 -1 2 0 1 -1 0 0 13 1 
8 1 6 1 0 1 7 0 4 0 7 1 1 1 10 1 11 1 2 0 11 0 4 0 10 0 13 1 
3 1 11 0 2 0 0 1 9 -1 9 1 0 -1 3 1 12 -1 7 -1 5 0 5 -1 4 1 9 1 
Language_75
14
0
0 1 3 4 5 6 7 8 9 10 11 13 
a b c d e 
6 1 6 1 11 0 11 0 7 0 1 1 8 1 1 0 8 0 7 0 8 1 8 0 10 1 11 1 
3 0 11 -1 11 0 11 1 8 1 6 1 1 -1 1 0 9 -1 8 -1 12 0 11 0 6 1 12 1 
0 0 9 1 6 0 5 0 3 1 12 0 7 1 12 0 12 1 3 0 5 0 11 0 12 1 1 0 
1 0 7 -1 4 1 3 1 7 1 10 0 6 1 0 0 5 1 8 -1 0 0 9 1 5 0 11 -1 
8 1 0 0 10 0 9 0 9 1 11 1 11 1 5 0 8 0 11 1 9 0 0 0 5 1 3 1 
7 0 7 -1 4 0 4 0 5 -1 10 -1 13 -1 11 0 8 0 4 -1 1 1 13 -1 13 -1 3 -1 
9 1 7 0 7 1 5 1 0 1 11 0 4 0 13 0 11 0 10 1 3 0 10 0 13 0 8 0 
10 1 5 1 7 1 6 -1 0 -1 13 -1 3 0 3 -1 6 0 4 -1 12 0 4 1 13 1 4 -1 
10 0 0 1 4 0 10 1 4 0 3 0 2 1 2 0 1 0 9 1 7 1 8 0 9 0 13 1 
10 -1 13 0 4 1 4 1 0 0 6 -1 0 0 0 -1 7 0 2 0 8 1 2 0 11 -1 6 0 
Language_76
14
0
2 4 10 11 12 13 
a b c d e 
13 1 8 0 0 1 1 0 6 0 13 1 12 0 9 0 2 1 3 0 5 1 6 0 7 0 10 0 
10 1 13 0 8 -1 1 -1 5 1 5 1 8 0 7 0 3 1 5 0 6 -1 1 0 0 0 4 0 
1 1 7 1 2 0 12 0 1 1 10 1 4 0 7 0 9 0 1 0 9 1 2 1 3 1 3 1 
7 0 2 1 2 -1 1 1 4 0 9 1 2 1 10 0 2 0 2 0 12 1 7 0 10 1 1 -1 
2 0 7 1 5 1 13 1 11 1 4 0 12 0 0 1 7 0 8 1 3 0 3 1 7 1 2 1 
1 -1 3 -1 6 0 10 -1 10 -1 9 -1 7 1 6 -1 10 0 9 1 4 -1 10 1 7 1 0 -1 
8 1 1 0 8 1 0 0 0 1 2 1 13 0 13 1 2 0 12 1 1 0 8 0 9 0 3 0 
8 1 3 -1 5 -1 11 1 3 -1 1 0 13 0 2 1 10 0 9 -1 10 1 10 -1 7 1 5 0 
10 0 11 0 3 1 11 0 5 0 11 0 2 0 13 0 2 1 4 0 10 1 4 1 1 0 7 0 
13 -1 8 -1 6 -1 1 -1 10 -1 13 0 12 1 6 1 5 0 12 1 9 1 10 0 10 -1 10 0 
Language_77
14
0
5 6 7 9 12 13 
a b c d e 
4 0 12 0 11 1 8 1 10 1 3 1 0 1 10 1 7 1 12 1 8 0 10 1 9 0 10 0 
10 -1 9 0 0 0 5 1 6 0 9 -1 9 0 13 0 2 0 11 0 1 1 1 0 6 0 9 -1 
10 0 6 0 13 1 0 1 3 0 13 0 10 0 11 0 0 1 3 0 7 1 1 1 7 0 3 0 
12 0 5 0 10 0 11 0 1 0 1 -1 0 0 13 -1 5 -1 13 0 8 0 2 1 2 0 6 1 
11 0 5 0 7 0 7 0 13 1 13 1 2 0 13 1 2 1 2 0 5 1 9 0 3 1 8 1 
5 -1 1 0 1 -1 5 1 7 1 6 1 4 0 4 -1 11 0 7 0 2 0 2 0 8 -1 13 1 
6 1 8 1 9 0 0 1 13 1 5 0 13 1 2 1 3 1 3 1 4 1 4 1 1 0 8 0 
10 -1 13 0 0 1 1 0 5 -1 8 0 1 -1 10 -1 3 0 12 0 1 0 6 0 12 -1 12 -1 
12 1 7 0 9 1 1 1 3 1 4 1 6 0 0 0 2 0 6 1 8 1 9 0 9 1 5 1 
13 1 8 -1 7 0 0 -1 9 1 5 0 13 1 11 -1 12 1 7 -1 7 1 8 0 13 -1 8 0 
Language_78
14
0
0 1 3 4 5 7 8 9 10 
a b c d e 
1 0 5 1 6 1 5 1 13 0 1 0 6 1 3 1 10 0 2 0 8 1 2 0 11 1 11 1 
11 0 11 0 2 1 5 -1 5 -1 5 -1 10 0 10 1 1 0 1 -1 3 -1 4 0 8 0 6 -1 
6 0 5 1 8 0 13 1 10 1 9 1 6 1 5 1 12 1 13 0 10 1 10 0 0 0 2 1 
4 0 12 0 9 -1 6 -1 8 1 7 1 13 0 4 0 4 1 2 0 1 0 4 0 4 0 5 0 
5 0 6 0 13 1 5 0 8 1 5 1 6 1 2 1 8 0 10 1 12 1 6 1 0 0 10 0 
11 1 7 -1 6 -1 11 -1 7 0 7 1 6 0 9 1 5 0 5 -1 9 -1 12 1 0 0 6 -1 
8 0 3 0 2 1 3 0 12 1 1 0 3 1 1 1 6 1 2 1 6 0 2 1 1 1 11 0 
8 1 4 -1 11 1 0 1 7 1 13 0 6 1 11 0 10 1 4 0 4 -1 2 0 6 0 11 1 
13 1 2 0 7 1 5 1 6 0 11 1 0 1 9 1 7 1 5 0 6 1 2 1 2 1 3 1 
8 1 10 1 2 1 1 -1 13 0 10 1 6 1 2 -1 13 1 13 -1 0 1 0 1 7 1 5 0 
Language_79
14
0
0 1 3 4 5 8 11 12 13 
a b c d e 
4 1 1 1 13 1 2 1 11 1 3 1 13 0 11 1 13 1 9 0 4 1 4 0 12 0 3 1 
13 1 6 0 9 1 8 0 12 0 7 -1 13 0 3 1 3 0 11 1 9 1 8 0 6 1 0 1 
11 1 7 1 2 1 8 1 0 1 2 1 12 0 7 1 3 1 5 1 8 0 2 0 1 0 1 1 
11 1 7 0 8 0 0 1 0 1 12 0 10 1 6 1 6 0 11 -1 11 1 12 -1 0 0 1 0 
3 0 2 0 1 0 0 0 4 0 6 1 8 1 2 1 13 0 1 1 5 0 7 0 7 1 10 0 
0 -1 5 0 8 -1 10 0 10 -1 10 0 9 1 9 0 4 0 11 1 4 1 12 -1 11 1 4 1 
5 0 4 0 5 0 2 0 11 0 4 1 9 0 6 0 7 1 3 1 4 1 6 1 4 1 10 0 
13 1 5 0 4 1 8 -1 10 1 3 1 6 0 2 1 11 1 5 -1 11 0 5 0 12 0 13 0 
10 0 12 1 0 0 2 1 8 1 1 0 3 1 8 0 8 0 6 1 7 1 12 0 10 1 10 1 
2 -1 1 1 7 0 0 0 7 -1 13 0 7 -1 2 -1 1 0 13 1 8 -1 3 1 2 0 11 1 
Language_80
14
0
2 3 4 5 6 7 8 
a b c d e 
7 1 1 0 2 1 5 0 5 1 9 1 3 0 13 0 6 0 12 1 10 0 3 0 9 1 4 1 
10 0 13 -1 3 -1 10 1 8 1 13 1 4 0 9 -1 9 1 13 -1 6 -1 11 -1 2 1 9 0 
9 0 8 0 4 0 11 0 8 1 1 0 13 1 3 1 9 0 12 1 12 0 9 0 12 0 0 0 
12 0 5 0 6 0 0 -1 5 1 5 -1 0 -1 1 1 0 -1 10 -1 3 -1 9 -1 6 1 0 1 
5 1 10 0 11 0 0 0 3 1 3 0 10 0 1 1 4 1 3 1 8 1 11 0 3 0 0 0 
8 0 12 1 3 0 13 0 11 -1 0 -1 2 0 7 0 4 -1 10 0 4 0 10 1 3 1 3 0 
3 1 11 0 12 1 1 1 0 0 13 1 2 1 12 0 2 0 9 1 12 1 12 0 5 1 7 1 
13 1 13 -1 7 -1 13 0 13 -1 10 1 12 -1 11 1 10 1 6 1 4 -1 1 -1 4 -1 8 0 
4 0 11 0 3 1 9 1 7 0 4 0 3 1 2 1 12 1 5 0 0 0 3 0 12 1 0 1 
2 -1 9 0 12 0 3 -1 6 -1 12 0 2 0 7 1 3 -1 11 1 7 -1 1 0 2 1 5 -1 
Language_81
14
0
1 3 7 8 10 11 12 
a b c d e 
12 0 5 1 7 0 6 0 7 0 5 1 1 0 13 0 8 0 8 0 10 1 6 0 11 1 7 0 
1 1 2 0 6 -1 4 0 9 0 8 0 6 0 4 1 4 1 7 0 11 1 11 1 7 0 4 1 
12 0 6 0 9 1 3 1 11 1 8 0 3 0 0 0 6 0 1 0 11 0 3 0 13 1 1 0 
9 1 12 -1 1 1 11 -1 0 1 3 1 5 0 5 -1 11 0 2 0 7 -1 12 -1 7 0 13 1 
6 0 9 1 9 0 6 1 5 1 6 1 7 0 11 1 2 1 9 0 0 0 11 1 11 1 7 0 
8 -1 5 1 1 -1 11 -1 7 0 5 1 6 -1 4 1 8 -1 7 0 12 -1 2 0 4 1 10 -1 
5 1 5 1 1 1 9 1 10 1 13 0 12 0 4 0 2 0 9 0 8 1 5 1 2 1 13 0 
3 1 0 0 1 0 6 0 9 0 5 1 8 1 3 0 9 1 3 0 0 0 8 -1 1 1 5 1 
0 0 4 0 5 0 7 0 3 1 9 0 4 1 1 0 9 1 6 1 13 1 8 1 6 1 11 0 
6 -1 5 0 3 -1 6 -1 0 1 11 1 1 1 1 1 12 0 13 -1 8 0 4 -1 5 0 6 1 
Language_82
14
0
0 1 6 7 11 
a b c d e 
2 1 8 1 1 0 7 0 0 0 7 0 5 0 10 0 7 0 1 0 13 1 0 0 8 0 6 0 
13 1 8 1 6 -1 13 0 9 1 12 -1 4 1 2 1 12 -1 5 1 4 1 2 1 11 1 13 0 
7 0 5 0 10 0 12 0 3 1 0 0 10 1 5 0 4 0 9 0 12 1 6 1 6 1 13 0 
7 1 4 0 8 -1 12 -1 6 0 4 0 6 1 3 0 13 1 3 0 1 -1 1 -1 1 -1 8 -1 
13 0 10 0 4 1 2 0 1 1 8 1 4 1 8 0 1 1 2 0 4 0 4 0 2 0 9 1 
11 0 13 0 11 0 5 -1 11 0 8 0 2 0 1 0 0 0 11 -1 2 1 0 0 4 0 3 1 
6 1 0 0 7 1 7 0 5 0 9 0 6 1 5 0 4 1 0 1 0 1 5 0 2 1 7 0 
3 0 3 1 8 -1 13 1 8 1 0 -1 6 1 13 1 1 1 9 0 2 -1 11 1 9 -1 10 1 
8 1 12 1 6 0 2 0 13 1 11 1 6 1 6 1 10 1 2 1 13 1 7 1 10 1 8 1 
11 1 8 -1 13 0 13 0 9 -1 12 -1 11 -1 10 1 6 -1 5 0 13 -1 2 1 2 -1 10 0 
Language_83
14
0
0 2 3 6 9 10 11 12 13 
a b c d e 
9 1 0 0 3 1 12 0 11 0 13 1 13 1 5 0 7 1 8 0 10 0 10 1 8 0 9 1 
9 -1 1 0 7 -1 1 -1 13 0 13 1 12 0 2 1 9 1 13 -1 12 1 10 0 3 0 8 1 
1 0 5 0 9 0 12 1 8 0 7 1 2 1 10 1 7 1 3 0 11 1 11 1 12 0 4 1 
3 1 13 -1 4 -1 2 -1 10 -1 13 -1 12 1 5 0 6 -1 9 0 7 -1 7 1 6 -1 11 0 
6 1 12 0 7 0 13 1 12 1 12 1 8 0 9 0 5 0 12 1 9 1 6 0 11 1 3 1 
10 0 13 1 0 1 9 1 3 1 4 1 0 1 2 1 3 1 7 1 11 1 2 0 3 0 9 1 
12 1 3 0 9 0 7 1 4 0 11 1 8 0 5 1 2 1 5 1 13 0 0 0 13 0 8 0 
4 0 10 0 5 1 10 0 10 -1 13 1 12 0 6 0 1 0 11 -1 2 1 4 1 7 -1 10 -1 
9 0 5 1 9 0 11 1 5 0 11 1 11 0 4 1 7 1 6 1 9 0 8 1 6 0 4 0 
2 -1 2 0 8 0 2 0 7 -1 7 -1 11 -1 8 0 5 -1 3 0 8 -1 2 0 7 -1 1 -1 
Language_84
14
0
0 2 3 5 6 7 9 13 
a b c d e 
9 0 10 0 6 1 5 1 11 1 5 0 13 0 13 1 3 1 2 1 6 1 5 1 4 0 12 0 
1 1 0 -1 3 -1 12 0 2 1 5 1 4 1 8 0 4 1 9 -1 0 1 11 1 10 0 12 0 
6 0 4 0 7 1 10 1 1 0 11 1 10 1 8 0 6 0 9 1 8 0 4 1 6 1 10 0 
4 0 9 -1 1 0 8 0 7 -1 9 1 8 0 5 0 7 0 5 -1 13 0 9 1 8 -1 8 1 
5 0 10 0 7 0 7 1 10 0 11 0 8 0 3 1 1 0 10 1 10 0 1 1 3 0 3 0 
7 1 11 -1 12 0 0 -1 1 0 10 1 7 -1 0 1 13 -1 12 0 9 1 13 0 13 -1 1 1 
5 1 7 1 4 1 8 0 1 0 10 0 7 1 4 1 1 1 9 0 2 0 4 1 3 0 6 1 
5 1 12 -1 2 -1 6 0 7 1 2 0 5 0 11 -1 8 0 11 -1 13 -1 13 0 0 0 5 1 
6 1 5 1 5 1 8 0 8 1 4 0 7 0 11 1 3 1 6 0 13 1 6 0 2 0 13 0 
0 0 13 -1 12 -1 4 -1 13 0 11 0 2 -1 11 1 1 0 4 0 8 1 4 1 13 1 13 -1 
Language_85
14
0
0 1 3 5 6 8 9 
a b c d e 
2 1 6 0 7 0 1 1 2 1 9 1 2 1 13 0 0 0 12 1 1 1 8 1 13 1 1 0 
10 -1 10 0 2 1 0 0 13 -1 3 1 5 -1 0 -1 10 -1 0 0 8 1 0 0 0 1 13 1 
8 0 12 1 12 1 3 1 2 1 4 1 2 1 11 0 3 1 12 0 10 1 13 1 10 1 10 1 
10 -1 11 -1 7 -1 9 1 5 0 10 -1 1 -1 4 -1 10 -1 8 -1 4 1 13 0 1 0 0 0 
1 0 7 0 7 1 5 1 10 1 12 0 4 1 8 1 8 1 11 0 1 1 2 0 0 1 9 0 
8 0 0 -1 12 0 8 -1 12 1 6 0 5 0 9 1 0 0 10 0 13 1 12 1 13 0 10 -1 
2 1 1 1 6 1 5 0 12 1 5 1 0 0 5 1 11 1 7 0 4 0 6 1 0 0 1 1 
13 -1 2 0 11 -1 3 -1 12 1 5 1 10 -1 4 0 0 -1 4 0 12 0 9 1 9 0 6 -1 
12 1 7 0 4 0 10 0 12 0 10 1 9 1 10 0 6 1 13 0 0 1 8 0 12 1 13 0 
0 0 1 1 6 -1 3 1 1 1 7 1 9 0 6 1 13 0 10 0 1 1 13 -1 11 0 7 -1 
Language_86
14
0
0 3 6 8 9 
a b c d e 
4 1 3 0 1 0 2 1 8 0 9 0 11 1 4 0 5 1 5 0 4 1 10 1 7 0 2 0 
0 0 12 1 12 0 0 1 9 0 4 1 2 1 13 1 4 1 3 1 7 1 4 0 10 1 7 0 
8 0 13 0 3 1 9 0 6 1 6 0 7 1 1 1 13 1 8 1 13 1 7 0 6 1 0 1 
8 0 0 1 12 1 3 1 7 0 8 -1 2 0 3 -1 10 -1 13 -1 0 -1 8 -1 7 -1 2 1 
0 1 10 0 11 0 8 0 7 0 3 0 11 1 9 1 11 1 9 0 11 1 8 1 1 0 10 0 
10 0 5 1 2 1 2 -1 10 -1 2 -1 5 0 0 1 0 1 10 -1 1 -1 9 -1 13 0 5 -1 
7 0 10 0 8 0 5 0 4 0 0 0 5 0 2 0 2 0 13 1 10 0 6 0 11 1 13 0 
8 -1 11 1 8 -1 3 -1 8 0 9 -1 1 -1 12 -1 13 0 9 -1 6 1 7 -1 3 1 2 1 
11 0 5 0 3 0 13 1 11 0 9 1 12 1 5 0 4 1 1 1 6 1 4 1 2 0 4 1 
12 1 2 1 7 -1 2 -1 5 0 5 1 4 1 10 1 11 1 0 -1 4 -1 7 -1 10 0 0 -1 
Language_87
14
0
2 6 11 
a b c d e 
9 1 11 0 9 1 11 1 12 1 5 1 11 1 5 1 5 1 11 0 5 0 7 1 9 0 4 0 
8 1 9 -1 10 0 6 -1 5 0 2 0 11 0 1 1 10 0 5 -1 11 -1 0 -1 5 -1 9 1 
9 0 3 0 2 0 11 0 8 1 3 0 6 1 12 1 3 1 1 0 3 0 0 0 8 1 8 0 
13 1 2 0 9 1 0 0 12 1 10 -1 2 -1 4 -1 11 1 6 0 10 1 2 0 6 1 3 1 
12 1 7 0 0 0 6 1 5 0 5 0 7 1 0 0 4 0 2 0 5 1 8 0 2 1 4 1 
10 -1 11 -1 9 0 3 -1 13 1 10 0 1 -1 6 -1 7 1 1 0 10 -1 4 1 11 0 10 1 
10 1 8 0 13 1 13 0 6 0 6 0 3 0 8 0 5 1 8 1 13 0 3 0 2 0 2 0 
6 0 7 1 7 1 7 0 12 0 9 1 0 -1 8 -1 13 1 10 -1 2 1 3 0 6 -1 4 -1 
4 1 9 1 9 1 1 1 2 0 6 0 4 0 8 1 7 0 9 1 6 0 1 1 13 0 4 0 
10 1 0 0 8 -1 1 -1 3 1 1 -1 7 1 8 0 7 0 0 -1 3 1 4 1 5 1 1 -1 
Language_88
14
0
1 2 4 10 12 
a b c d e 
8 0 10 0 0 0 11 0 8 0 7 0 11 0 7 1 7 1 9 0 13 0 9 1 5 1 12 1 
10 -1 11 1 1 -1 5 0 1 0 1 0 1 -1 8 1 0 -1 6 -1 8 -1 3 -1 4 1 11 0 
13 1 0 1 6 1 10 1 6 0 11 0 8 1 9 0 5 1 8 0 8 1 6 1 6 0 12 1 
3 0 10 -1 6 -1 0 0 5 -1 0 1 7 1 8 -1 7 -1 1 -1 1 -1 12 1 8 -1 5 1 
0 0 7 1 5 1 9 1 4 0 7 1 7 0 0 1 12 1 10 1 10 0 6 1 3 0 13 1 
12 0 12 0 5 -1 8 1 5 0 6 0 6 0 9 0 3 0 7 1 9 -1 5 0 4 -1 9 1 
3 1 7 1 12 1 9 1 9 1 8 1 8 0 3 0 9 1 6 1 5 1 11 1 10 1 10 0 
4 0 12 -1 4 1 2 -1 6 1 2 0 7 -1 8 -1 4 -1 8 -1 11 1 12 1 8 -1 8 -1 
2 1 4 1 7 0 0 0 13 0 2 0 11 0 5 0 7 1 10 0 5 1 5 1 11 0 2 0 
11 0 8 -1 6 0 13 1 5 0 3 0 9 0 2 0 9 0 3 -1 11 -1 3 0 9 1 8 1 
Language_89
14
0
0 1 2 4 5 6 9 11 
a b c d e 
2 0 11 1 5 1 10 1 9 0 12 1 8 1 10 0 11 0 10 1 6 1 0 0 12 1 7 1 
8 1 5 -1 8 0 12 1 13 1 0 0 1 1 7 1 13 1 9 1 3 0 2 -1 2 0 5 1 
9 0 1 1 3 0 11 0 8 1 13 0 1 1 11 0 8 0 8 0 4 1 12 0 8 1 10 1 
0 -1 13 1 13 0 0 0 1 -1 8 1 1 0 4 -1 10 1 0 1 9 1 1 0 5 0 6 -1 
0 0 6 1 10 1 9 0 13 1 13 1 6 0 4 1 7 1 4 0 5 0 8 1 8 0 5 1 
1 0 4 0 13 1 8 0 7 1 12 0 13 1 8 0 13 -1 5 0 2 0 9 -1 4 1 6 0 
0 1 11 1 0 0 8 1 10 0 0 1 4 0 7 1 12 0 4 0 9 1 0 0 1 0 8 1 
4 0 7 0 9 0 9 1 12 0 4 -1 13 -1 1 1 12 -1 1 1 0 1 1 0 12 -1 1 -1 
4 0 13 1 6 1 5 0 1 1 1 0 3 1 6 0 8 1 11 0 6 1 1 1 3 0 10 0 
3 0 7 0 7 1 7 0 1 0 6 0 8 1 7 0 0 1 12 0 2 0 8 1 2 -1 6 0 
Language_90
14
0
4 10 13 
a b c d e 
13 1 4 0 5 1 10 0 10 1 2 0 12 0 2 1 0 0 9 0 8 0 9 1 9 0 3 0 
13 0 1 1 0 -1 8 0 6 1 12 -1 8 1 13 1 12 0 12 1 6 -1 12 0 9 0 10 0 
10 0 12 0 6 1 10 1 4 1 1 1 5 1 6 0 8 1 13 0 8 0 2 0 7 0 7 1 
6 1 3 -1 10 -1 13 1 2 1 9 0 11 -1 1 -1 8 -1 2 -1 7 1 1 -1 8 1 8 0 
5 0 6 0 3 1 7 0 10 0 13 1 7 0 8 0 4 0 13 1 11 1 11 0 11 1 5 0 
8 0 6 1 3 0 9 0 0 1 11 -1 8 -1 4 0 0 -1 2 1 9 -1 1 -1 5 -1 0 1 
7 0 3 1 3 1 5 0 3 0 3 1 2 1 5 0 12 1 7 1 9 1 4 1 11 1 1 1 
3 0 9 -1 1 -1 13 0 9 0 9 0 13 1 3 -1 13 0 10 0 1 1 10 0 6 1 6 -1 
13 1 0 0 2 0 0 0 13 1 10 1 13 1 5 0 7 1 12 0 3 1 2 0 9 0 13 0 
2 0 9 -1 1 0 13 1 7 0 12 -1 1 0 13 -1 11 -1 0 -1 7 0 9 -1 4 0 1 -1 
Language_91
14
0
0 1 2 4 12 
a b c d e 
4 0 3 0 11 1 1 0 9 1 9 0 4 1 0 1 4 1 1 0 12 1 7 0 3 0 6 1 
0 1 10 -1 3 0 4 -1 2 0 0 1 3 1 11 1 6 1 12 -1 2 0 3 1 8 1 0 0 
10 0 7 1 12 0 12 1 1 0 2 1 13 1 1 1 10 0 11 1 4 0 8 1 6 1 8 0 
9 1 8 -1 12 1 10 -1 13 -1 13 0 9 -1 5 0 8 1 10 -1 10 0 3 0 10 1 7 1 
6 1 11 1 12 1 8 0 4 0 0 0 5 1 2 0 12 1 3 1 10 0 8 1 13 0 12 0 
9 -1 8 -1 9 1 4 1 3 -1 0 -1 1 0 10 1 3 -1 10 0 0 -1 11 -1 13 -1 11 0 
9 0 0 1 1 1 7 0 9 0 10 1 3 1 7 0 9 1 3 1 7 1 10 1 2 1 10 0 
2 -1 5 0 4 1 8 -1 9 0 8 -1 13 0 11 0 5 1 7 -1 11 1 12 1 5 1 1 0 
11 0 9 0 5 1 5 0 4 0 3 1 13 1 2 1 6 1 0 1 12 1 9 1 12 0 8 0 
8 1 9 -1 12 -1 2 -1 1 1 2 0 4 1 10 -1 2 1 4 0 13 1 9 0 2 1 7 1 
Language_92
14
0
0 1 2 3 5 6 9 12 
a b c d e 
0 1 8 1 5 0 2 0 0 1 12 1 12 0 4 1 4 1 9 0 10 0 4 0 10 1 13 1 
10 0 12 -1 8 -1 7 -1 10 1 12 -1 3 0 13 0 12 1 2 -1 13 -1 10 1 3 1 8 -1 
8 1 7 1 11 0 9 1 7 0 10 0 4 0 2 0 11 0 0 1 0 0 0 1 6 0 11 0 
3 1 2 0 12 0 12 1 7 -1 10 -1 8 1 1 -1 3 -1 4 1 2 -1 10 0 13 1 2 -1 
2 0 4 0 12 0 7 1 13 0 6 1 7 0 11 1 2 1 13 1 3 1 7 1 3 1 3 0 
0 -1 7 1 7 -1 2 0 7 1 1 1 1 -1 10 0 0 1 5 -1 12 -1 12 1 13 1 6 -1 
9 1 5 0 12 1 1 1 10 0 7 1 6 0 13 1 1 0 9 0 4 1 3 1 1 0 8 0 
3 0 4 0 1 1 13 0 3 0 5 1 1 -1 8 1 6 0 3 -1 13 0 13 -1 6 1 7 -1 
1 1 2 0 12 0 7 0 0 1 4 0 2 0 1 1 12 1 7 0 2 0 4 1 8 1 10 0 
1 0 6 -1 5 1 11 0 11 -1 2 -1 9 0 1 1 10 1 3 -1 1 1 11 -1 1 1 12 0 
Language_93
14
0
2 3 4 5 8 9 10 11 12 
a b c d e 
3 0 9 1 8 0 9 0 2 1 2 0 13 1 12 1 6 1 5 1 7 0 10 0 2 1 10 0 
8 -1 7 -1 10 0 13 1 5 0 4 0 12 -1 11 1 1 1 1 0 11 1 12 0 4 1 12 0 
9 1 11 0 6 0 2 0 12 1 12 1 2 0 4 0 5 0 7 0 4 0 4 1 12 1 11 1 
5 0 10 0 3 0 2 0 13 0 13 0 12 1 10 0 10 -1 7 1 8 -1 11 0 13 1 13 1 
7 1 2 0 4 0 10 0 0 1 10 0 11 0 11 1 1 0 9 1 5 1 0 1 3 1 7 0 
12 1 0 0 2 1 10 0 7 -1 6 0 13 0 3 1 2 0 13 0 6 0 2 1 2 -1 11 -1 
0 1 0 0 8 1 10 0 0 1 1 1 8 0 13 0 1 1 10 1 3 1 1 1 4 1 13 0 
6 1 3 0 2 -1 6 0 1 0 4 -1 12 -1 13 1 2 0 8 -1 2 0 6 0 6 0 6 1 
6 1 11 0 0 1 13 1 6 1 9 0 4 1 11 0 2 0 4 1 5 1 5 0 5 0 9 1 
6 -1 0 1 13 1 13 0 12 0 12 1 10 1 13 -1 9 0 13 -1 11 1 3 0 13 0 8 1 
Language_94
14
0
0 1 3 5 7 9 10 11 
a b c d e 
11 0 8 1 4 1 10 1 10 0 11 0 7 0 10 1 11 1 10 1 8 0 6 1 13 0 7 1 
2 1 8 -1 6 -1 8 1 2 0 4 1 13 1 4 -1 0 -1 8 -1 1 1 12 -1 1 -1 11 -1 
9 1 6 1 12 0 3 1 5 0 6 0 3 0 10 1 13 1 2 1 13 0 7 0 6 1 0 0 
8 0 4 -1 6 -1 0 1 6 0 12 -1 5 1 11 -1 6 -1 13 -1 10 -1 2 1 3 0 5 1 
8 0 8 1 8 1 0 0 6 1 3 0 6 0 8 0 6 1 3 1 2 0 13 1 5 0 7 1 
12 0 12 0 9 0 11 0 3 -1 6 -1 8 -1 1 0 9 0 4 1 2 1 2 -1 12 1 10 -1 
9 1 1 1 4 0 3 0 1 1 7 1 9 1 6 1 8 1 0 1 12 0 5 1 3 0 9 0 
6 0 11 1 7 1 1 -1 6 1 9 0 7 1 12 0 2 0 1 1 9 1 8 0 3 1 11 1 
6 1 7 0 4 0 0 1 6 1 10 1 4 1 11 1 8 1 9 1 0 0 11 0 3 1 8 1 
9 1 5 1 5 -1 3 1 10 0 4 1 12 -1 3 -1 2 -1 4 0 11 1 9 0 4 0 4 1 
Language_95
14
0
0 2 5 8 9 10 12 
a b c d e 
0 0 1 1 3 0 10 0 1 0 3 0 2 1 10 1 0 0 12 0 13 1 9 1 9 1 11 0 
13 -1 5 0 8 1 10 0 9 1 7 1 13 0 0 1 11 1 0 1 1 -1 12 -1 12 1 11 0 
0 1 5 0 2 0 1 1 8 1 3 0 11 0 10 1 2 0 1 0 6 1 12 1 8 0 13 1 
3 0 10 1 12 0 8 0 9 0 6 0 10 0 6 0 1 -1 10 0 10 1 1 0 11 1 2 0 
0 1 3 0 8 1 13 0 3 1 3 0 10 1 8 0 12 1 3 1 9 0 4 1 11 0 3 1 
4 0 8 0 8 -1 4 1 12 -1 2 1 0 0 5 -1 12 1 7 0 4 0 12 -1 8 -1 0 1 
11 0 6 1 8 0 10 1 3 0 7 0 10 1 13 1 5 0 10 1 1 1 10 0 13 0 11 0 
2 -1 5 -1 3 1 6 -1 13 -1 3 -1 5 0 13 1 8 0 9 -1 1 0 3 1 2 1 2 0 
12 0 1 0 6 1 6 1 2 0 11 0 7 1 8 0 13 1 11 0 0 0 9 0 1 0 11 1 
4 1 12 1 4 1 11 -1 4 -1 4 1 0 -1 5 -1 0 -1 6 -1 11 1 12 -1 11 0 1 1 
Language_96
14
0
5 9 10 12 13 
a b c d e 
4 1 9 0 1 1 10 1 10 1 5 1 2 0 7 1 12 0 3 0 7 0 9 0 6 1 3 0 
13 1 5 0 12 0 8 0 7 0 1 0 11 0 3 1 6 -1 13 -1 13 -1 0 1 9 0 6 0 
10 0 13 1 6 0 6 1 0 0 5 1 5 1 2 1 5 0 6 0 4 1 0 0 0 0 9 0 
10 1 9 0 10 1 11 1 13 -1 0 1 4 1 3 1 6 1 11 0 6 0 4 -1 10 0 5 1 
12 1 4 1 11 0 1 0 6 1 10 1 9 1 2 1 8 0 9 1 9 1 12 0 6 0 4 0 
6 -1 9 1 2 0 9 0 0 -1 0 0 11 -1 13 1 10 0 6 1 12 -1 3 -1 5 0 11 -1 
1 1 1 0 0 0 10 1 5 0 1 1 9 0 6 1 0 0 3 1 10 0 5 1 10 1 1 1 
12 -1 4 -1 3 0 12 0 5 1 3 1 5 1 3 -1 12 1 0 0 1 -1 10 -1 9 0 4 1 
5 0 3 0 2 0 13 0 13 1 8 1 13 0 3 1 7 0 4 1 12 0 9 1 10 1 10 0 
12 1 12 -1 5 0 6 -1 2 1 12 1 8 0 2 1 8 0 6 1 1 0 1 1 3 1 9 -1 
Language_97
14
0
0 1 2 3 6 7 8 10 11 12 
a b c d e 
8 0 8 0 2 0 9 0 5 0 5 0 0 1 8 0 6 0 1 0 8 0 3 1 2 1 6 1 
2 -1 8 -1 7 0 2 1 4 -1 0 1 3 0 7 1 4 0 0 -1 6 1 2 -1 7 0 13 1 
9 1 1 1 2 0 6 0 6 1 4 1 3 1 0 1 2 0 3 0 3 0 10 0 9 0 4 1 
7 1 3 1 9 0 6 -1 3 0 1 -1 5 -1 5 -1 5 0 10 -1 10 0 5 1 3 0 10 1 
11 0 10 0 3 0 5 0 2 0 1 1 5 1 8 1 2 1 12 1 12 0 9 0 5 1 13 0 
11 1 7 0 4 -1 12 1 1 1 6 0 9 1 11 1 2 1 6 0 13 -1 13 0 4 1 10 -1 
7 1 5 1 13 1 11 0 9 1 3 1 6 0 8 1 13 0 5 0 4 1 0 0 4 1 2 1 
3 -1 2 0 2 1 1 1 7 0 3 -1 4 1 8 0 7 1 5 1 1 0 2 -1 8 1 12 -1 
3 0 8 0 10 0 5 1 5 0 4 1 5 0 9 1 8 1 9 0 1 0 13 0 8 0 12 0 
9 -1 8 -1 2 0 11 0 1 -1 4 0 0 -1 0 1 0 0 3 1 8 0 9 0 7 1 10 -1 
Language_98
14
0
3 8 10 12 13 
a b c d e 
7 0 13 1 8 1 9 0 1 0 2 1 13 0 6 0 1 1 2 1 4 0 3 1 0 0 6 1 
1 -1 13 1 3 0 10 -1 7 1 0 0 1 1 0 0 13 0 11 0 12 -1 10 1 5 0 1 -1 
6 1 1 0 9 1 5 0 11 1 10 0 12 0 11 1 12 1 10 0 13 0 12 1 6 0 4 1 
2 -1 12 0 7 1 5 -1 13 0 12 -1 9 -1 3 -1 3 -1 12 0 4 1 5 0 7 1 13 -1 
13 1 5 1 10 0 5 1 4 1 8 0 10 0 10 1 4 1 3 1 7 1 13 0 6 0 7 0 
5 1 8 -1 4 0 0 1 6 -1 0 0 13 0 6 -1 9 -1 13 0 10 0 3 1 3 0 4 0 
10 1 5 0 5 0 5 0 2 1 2 1 9 1 1 0 9 0 3 1 11 1 0 0 4 0 2 0 
2 0 6 0 2 -1 1 0 5 1 11 0 1 -1 4 0 2 0 10 -1 12 -1 9 1 9 1 11 0 
1 1 12 0 0 0 10 1 0 0 9 0 5 1 5 1 7 1 10 1 9 1 2 0 11 1 3 1 
11 1 12 -1 9 -1 2 1 4 1 4 0 0 -1 10 0 2 0 3 -1 2 0 6 0 7 -1 10 -1 
Language_99
14
0
5 6 9 11 
a b c d e 
6 1 3 0 7 0 9 0 4 0 12 1 0 1 4 1 6 0 5 1 5 0 5 1 13 1 2 0 
7 1 1 -1 5 0 13 0 13 1 0 0 1 -1 8 1 13 0 10 0 7 0 0 -1 7 1 4 -1 
7 0 2 1 2 0 7 0 2 0 10 1 2 0 4 0 4 0 5 0 10 0 13 0 9 1 9 0 
9 1 8 0 7 -1 0 0 11 -1 11 1 1 -1 8 0 11 1 7 0 2 1 10 0 11 1 12 1 
6 0 10 1 11 0 4 0 13 1 9 0 10 1 7 1 9 1 11 0 8 0 3 1 2 1 2 1 
3 1 13 1 12 0 7 -1 2 -1 13 1 0 0 9 -1 9 0 7 1 0 0 8 0 7 0 10 -1 
0 0 12 1 1 0 11 0 6 0 2 1 0 0 7 1 12 0 0 1 1 0 2 1 4 1 5 1 
10 -1 10 0 4 0 10 -1 3 0 10 -1 2 -1 8 -1 11 -1 2 0 0 0 13 1 13 0 3 1 
12 1 13 1 9 1 4 1 7 1 4 0 4 1 6 1 0 0 11 0 0 1 0 1 1 0 4 0 
2 0 3 1 1 0 5 0 7 1 13 1 6 1 4 0 11 0 0 -1 2 0 10 1 13 0 9 1 
