100
Language_0
2
0
0 
a b 
1 0 1 0 
1 0 1 0 
0 0 0 1 
1 0 0 -1 
Language_1
2
0
0 
a b 
1 0 1 0 
1 1 0 1 
1 0 0 1 
0 -1 1 1 
Language_2
2
0
0 
a b 
1 1 1 1 
1 -1 0 -1 
0 0 0 0 
0 0 0 -1 
Language_3
2
0
1 
a b 
1 0 0 1 
0 1 1 -1 
1 0 0 1 
1 0 0 0 
Language_4
2
0
1 
a b 
0 1 0 1 
1 -1 1 0 
0 1 1 1 
0 1 0 0 
Language_5
2
0
0 
a b 
1 0 0 0 
0 1 1 1 
1 1 1 1 
0 0 0 -1 
Language_6
2
0
1 
a b 
1 1 1 0 
1 1 0 0 
0 0 1 1 
1 0 0 1 
Language_7
2
0
1 
a b 
1 1 0 1 
0 1 0 -1 
0 1 1 0 
1 -1 1 -1 
Language_8
2
0
0 
a b 
0 0 1 0 
0 -1 1 0 
1 1 1 0 
0 0 0 1 
Language_9
2
0
0 
a b 
1 0 0 1 
0 0 0 0 
1 0 0 1 
1 1 1 0 
Language_10
2
0
0 
a b 
1 1 1 0 
1 1 1 -1 
0 0 0 0 
1 1 1 0 
Language_11
2
0
1 
a b 
0 0 0 0 
1 0 1 -1 
0 1 1 0 
0 1 0 -1 
Language_12
2
0
1 
a b 
0 0 1 1 
0 -1 1 0 
0 1 1 0 
1 -1 1 0 
Language_13
2
0
1 
a b 
1 1 1 1 
0 0 0 0 
0 1 0 1 
0 1 0 -1 
Language_14
2
0
0 
a b 
1 0 1 1 
1 0 0 0 
1 0 0 0 
0 1 1 1 
Language_15
2
0
0 
a b 
0 0 0 0 
1 -1 1 1 
1 0 1 0 
0 -1 0 0 
Language_16
2
0
1 
a b 
0 1 0 0 
1 -1 0 0 
1 0 0 0 
1 0 0 0 
Language_17
2
0
0 
a b 
1 1 0 1 
0 0 1 0 
1 1 0 0 
0 -1 1 -1 
Language_18
2
0
1 
a b 
1 0 0 1 
1 1 0 0 
1 1 0 0 
0 0 0 1 
Language_19
2
0
0 
a b 
1 0 0 1 
1 0 1 -1 
1 1 0 0 
0 -1 0 0 
Language_20
2
0
0 
a b 
1 1 1 1 
1 1 0 1 
0 0 1 1 
1 -1 1 -1 
Language_21
2
0
1 
a b 
0 1 0 1 
1 1 1 -1 
1 0 0 1 
1 -1 1 -1 
Language_22
2
0
1 
a b 
0 0 1 0 
1 -1 0 1 
1 1 1 0 
0 -1 1 1 
Language_23
2
0
1 
a b 
0 0 0 0 
0 -1 1 -1 
1 0 0 0 
0 -1 0 1 
Language_24
2
0
0 
a b 
1 0 0 0 
0 1 0 -1 
1 1 1 1 
1 0 1 -1 
Language_25
2
0
0 
a b 
0 0 1 0 
1 0 0 -1 
0 1 1 1 
0 0 1 0 
Language_26
2
0
1 
a b 
1 0 0 1 
1 -1 0 1 
0 1 1 0 
1 -1 0 -1 
Language_27
2
0
1 
a b 
0 0 0 0 
0 1 0 1 
1 1 0 1 
0 0 1 0 
Language_28
2
0
0 
a b 
1 0 0 0 
1 1 0 -1 
1 1 1 1 
0 1 1 0 
Language_29
2
0
1 
a b 
1 1 0 0 
0 -1 0 1 
1 0 1 1 
1 0 0 -1 
Language_30
2
0
1 
a b 
1 0 0 1 
1 1 1 -1 
0 0 0 1 
1 -1 1 -1 
Language_31
2
0
1 
a b 
0 1 1 1 
1 1 1 1 
0 0 1 1 
1 1 0 -1 
Language_32
2
0
1 
a b 
0 0 1 1 
1 1 1 1 
0 1 0 0 
1 0 0 0 
Language_33
2
0
1 
a b 
0 1 1 1 
0 1 0 1 
0 1 0 1 
1 1 0 0 
Language_34
2
0
1 
a b 
0 1 1 1 
0 1 0 -1 
1 1 0 0 
1 0 1 0 
Language_35
2
0
0 
a b 
1 0 0 0 
0 -1 1 1 
1 1 0 0 
0 0 0 -1 
Language_36
2
0
1 
a b 
0 1 0 0 
1 0 0 0 
1 0 1 0 
0 1 1 1 
Language_37
2
0
0 
a b 
0 0 1 0 
1 1 1 -1 
1 0 1 0 
0 1 0 1 
Language_38
2
0
1 
a b 
0 1 0 0 
1 1 1 0 
0 1 1 1 
1 0 0 1 
Language_39
2
0
1 
a b 
0 1 0 1 
1 1 1 0 
1 1 0 0 
0 -1 1 -1 
Language_40
2
0
1 
a b 
0 1 0 1 
0 -1 1 -1 
0 1 0 1 
1 0 0 0 
Language_41
2
0
1 
a b 
1 1 1 0 
0 -1 1 0 
1 0 0 0 
0 0 0 -1 
Language_42
2
0
1 
a b 
1 0 0 1 
1 -1 0 -1 
0 1 1 1 
0 -1 1 -1 
Language_43
2
0
0 
a b 
1 0 1 0 
1 0 0 0 
1 0 0 1 
0 1 1 1 
Language_44
2
0
1 
a b 
1 1 1 0 
1 0 0 -1 
1 1 0 0 
0 1 1 -1 
Language_45
2
0
0 
a b 
0 0 1 0 
0 -1 1 0 
1 0 0 1 
0 -1 0 0 
Language_46
2
0
0 
a b 
0 1 1 0 
1 -1 0 0 
0 0 0 1 
0 0 0 -1 
Language_47
2
0
0 
a b 
1 1 0 0 
1 1 0 -1 
0 1 1 1 
0 0 0 0 
Language_48
2
0
0 
a b 
0 1 0 1 
1 -1 0 1 
0 0 1 0 
0 0 0 -1 
Language_49
2
0
1 
a b 
0 0 0 1 
1 0 1 1 
0 1 0 0 
0 1 1 -1 
Language_50
2
0
1 
a b 
0 1 1 1 
0 -1 1 -1 
1 0 1 0 
0 0 0 0 
Language_51
2
0
1 
a b 
1 0 0 0 
0 0 0 1 
1 1 0 1 
0 0 1 -1 
Language_52
2
0
1 
a b 
1 0 1 1 
0 1 1 0 
1 1 1 1 
0 0 1 0 
Language_53
2
0
1 
a b 
1 0 0 1 
1 0 1 -1 
1 0 1 1 
0 -1 0 -1 
Language_54
2
0
0 
a b 
0 0 1 0 
0 -1 1 1 
1 0 1 0 
0 1 0 0 
Language_55
2
0
0 
a b 
1 0 1 0 
1 -1 0 0 
1 0 1 0 
0 -1 1 1 
Language_56
2
0
0 
a b 
0 1 0 0 
0 0 0 -1 
0 0 0 0 
1 -1 1 1 
Language_57
2
0
1 
a b 
1 1 1 1 
1 -1 1 0 
1 1 1 1 
0 -1 0 0 
Language_58
2
0
1 
a b 
0 1 0 0 
1 -1 1 1 
1 0 1 1 
0 1 1 1 
Language_59
2
0
1 
a b 
1 0 1 1 
0 0 1 0 
1 1 0 0 
1 -1 1 -1 
Language_60
2
0
0 
a b 
1 0 1 1 
0 -1 1 0 
0 1 1 0 
1 -1 0 -1 
Language_61
2
0
0 
a b 
1 1 1 0 
1 0 1 1 
1 0 1 1 
1 0 1 -1 
Language_62
2
0
1 
a b 
0 0 1 1 
1 1 0 0 
1 0 0 1 
1 -1 1 -1 
Language_63
2
0
0 
a b 
1 1 0 1 
0 0 1 0 
0 0 1 0 
1 0 0 1 
Language_64
2
0
1 
a b 
1 1 0 1 
0 1 0 -1 
0 1 0 0 
1 0 0 0 
Language_65
2
0
0 
a b 
0 0 0 1 
1 0 0 1 
1 1 0 1 
1 -1 1 -1 
Language_66
2
0
1 
a b 
0 1 0 0 
0 0 1 1 
1 0 1 0 
0 -1 1 1 
Language_67
2
0
1 
a b 
0 0 0 0 
0 1 0 -1 
1 0 0 1 
0 -1 0 -1 
Language_68
2
0
1 
a b 
0 1 0 0 
0 0 1 -1 
0 0 0 0 
1 0 0 -1 
Language_69
2
0
1 
a b 
0 1 1 1 
0 -1 1 -1 
0 0 1 1 
1 1 0 0 
Language_70
2
0
0 
a b 
1 0 1 0 
1 -1 0 1 
1 1 0 0 
1 1 0 1 
Language_71
2
0
0 
a b 
1 0 1 0 
0 -1 1 0 
0 1 0 1 
0 -1 0 1 
Language_72
2
0
1 
a b 
1 0 1 1 
0 0 0 0 
0 1 1 0 
0 -1 1 0 
Language_73
2
0
1 
a b 
0 0 0 0 
1 -1 0 1 
1 0 0 0 
1 0 0 -1 
Language_74
2
0
0 
a b 
0 1 1 0 
0 -1 0 1 
0 1 0 0 
1 0 1 0 
Language_75
2
0
1 
a b 
1 1 0 1 
1 -1 1 0 
1 0 1 1 
1 0 1 -1 
Language_76
2
0
1 
a b 
1 0 0 0 
0 0 1 0 
1 1 0 1 
0 -1 1 1 
Language_77
2
0
1 
a b 
0 1 1 1 
1 -1 1 1 
1 1 0 1 
0 -1 0 1 
Language_78
2
0
0 
a b 
1 0 1 1 
1 1 0 0 
1 0 0 1 
1 -1 1 0 
Language_79
2
0
0 
a b 
1 0 0 0 
0 -1 0 -1 
0 0 1 1 
0 1 1 -1 
Language_80
2
0
1 
a b 
1 1 0 1 
1 1 0 0 
0 0 1 0 
0 -1 0 0 
Language_81
2
0
0 
a b 
0 0 0 1 
0 1 1 1 
0 1 1 0 
1 0 1 1 
Language_82
2
0
0 
a b 
1 1 1 0 
1 -1 0 -1 
1 1 0 0 
1 0 1 1 
Language_83
2
0
1 
a b 
0 0 0 0 
0 0 0 1 
1 0 0 1 
1 1 1 1 
Language_84
2
0
1 
a b 
1 0 1 0 
1 1 1 -1 
1 1 0 0 
0 -1 1 1 
Language_85
2
0
0 
a b 
0 1 0 0 
0 1 1 0 
1 1 0 1 
1 1 0 -1 
Language_86
2
0
1 
a b 
1 0 0 1 
1 -1 1 1 
0 1 0 0 
0 1 1 0 
Language_87
2
0
1 
a b 
1 1 1 0 
0 -1 1 0 
0 1 1 0 
1 0 1 -1 
Language_88
2
0
0 
a b 
0 1 0 1 
1 0 0 1 
0 1 0 0 
1 1 1 0 
Language_89
2
0
0 
a b 
0 0 0 1 
0 0 0 0 
1 1 0 1 
0 -1 0 1 
Language_90
2
0
1 
a b 
0 1 1 1 
0 0 1 1 
1 0 1 1 
1 0 0 1 
Language_91
2
0
0 
a b 
1 0 0 1 
0 -1 1 1 
1 1 1 0 
1 -1 0 1 
Language_92
2
0
0 
a b 
1 0 0 0 
0 -1 1 1 
1 0 0 1 
1 -1 1 -1 
Language_93
2
0
1 
a b 
0 1 0 1 
0 0 1 0 
0 1 0 1 
1 0 1 -1 
Language_94
2
0
0 
a b 
0 0 1 1 
0 1 1 -1 
1 0 1 0 
0 -1 0 0 
Language_95
2
0
1 
a b 
0 1 1 1 
0 1 0 1 
1 1 0 1 
0 0 1 1 
Language_96
2
0
0 
a b 
1 1 0 1 
1 -1 1 1 
0 1 0 1 
1 0 0 1 
Language_97
2
0
0 
a b 
0 0 1 1 
1 -1 1 1 
1 0 0 1 
1 -1 1 1 
Language_98
2
0
0 
a b 
0 1 1 1 
1 -1 0 1 
1 0 1 0 
1 -1 0 -1 
Language_99
2
0
1 
a b 
0 1 0 1 
1 0 1 0 
1 0 0 0 
1 -1 1 -1 
