100
Language_0
15
0
0 1 4 5 6 11 12 13 14 
a b c d 
3 1 0 0 9 1 4 1 10 0 3 0 12 0 6 0 12 1 7 1 1 1 13 0 3 1 4 1 10 1 
12 0 11 1 10 1 0 -1 11 0 7 1 13 -1 9 1 4 1 8 -1 12 1 1 0 8 1 1 0 6 -1 
11 1 7 0 9 0 11 1 3 1 4 1 8 1 11 1 13 1 13 0 14 1 12 0 12 0 2 1 6 0 
0 0 8 0 7 -1 6 -1 14 1 2 1 14 1 6 0 10 0 3 0 8 1 3 0 11 -1 11 1 13 0 
7 1 10 0 12 0 4 1 0 0 9 0 11 0 3 0 13 0 11 1 10 1 5 1 3 0 14 0 6 0 
1 -1 8 1 5 0 2 1 14 1 6 1 10 -1 5 1 2 0 7 0 10 0 4 0 8 -1 7 1 11 -1 
3 0 13 1 14 0 8 1 2 0 13 1 13 1 14 0 14 1 9 1 7 0 5 1 0 0 8 1 12 0 
6 -1 2 0 6 1 9 1 4 0 5 0 1 1 14 -1 11 0 3 0 2 -1 9 -1 3 0 0 -1 5 -1 
Language_1
15
0
0 2 4 7 8 10 11 13 
a b c d 
10 0 3 1 14 0 4 0 9 1 10 0 4 0 10 0 13 0 8 1 7 1 6 1 5 0 6 1 10 1 
14 -1 12 -1 10 0 1 0 9 1 6 1 12 -1 13 0 12 1 3 0 11 0 0 -1 2 -1 9 -1 7 1 
8 0 2 1 13 0 13 1 8 1 14 0 2 0 3 0 14 0 10 0 11 1 0 1 12 1 2 0 12 0 
7 0 13 -1 2 0 13 0 5 -1 10 -1 1 -1 13 0 1 1 1 1 0 -1 0 0 0 0 12 0 9 -1 
1 1 14 0 12 1 4 0 2 1 4 0 11 1 7 1 4 0 4 0 7 0 9 1 7 0 7 0 11 0 
14 1 10 -1 13 1 5 1 8 0 13 0 2 1 9 0 12 0 3 0 6 1 3 -1 9 1 14 0 0 0 
4 1 13 1 10 0 8 1 1 1 5 0 10 1 4 1 0 0 2 0 8 1 0 0 2 1 2 0 11 1 
6 1 12 0 3 0 7 -1 3 1 1 0 10 -1 7 1 11 1 3 0 12 0 1 0 13 -1 12 0 14 -1 
Language_2
15
0
0 1 2 3 5 6 7 10 11 12 
a b c d 
10 0 6 1 1 0 14 0 3 0 14 1 6 0 4 1 0 0 6 1 1 1 14 0 9 1 5 1 0 1 
7 0 10 1 5 1 11 1 6 0 7 -1 3 -1 6 -1 4 0 6 0 1 1 7 0 9 -1 5 1 7 1 
9 1 0 0 0 0 14 1 9 1 9 0 14 1 4 1 14 0 0 0 10 0 5 1 5 1 13 0 5 0 
7 1 9 1 1 0 14 1 2 1 3 1 12 1 13 -1 5 1 10 1 3 0 9 -1 14 0 5 -1 14 1 
1 0 4 1 2 1 4 1 5 0 14 1 14 1 9 1 8 0 3 0 8 1 6 0 5 0 14 0 7 0 
12 0 9 1 12 0 11 -1 3 -1 8 0 3 1 6 -1 8 0 2 -1 6 -1 1 -1 4 -1 9 0 9 1 
8 0 14 0 4 0 11 0 13 0 6 1 5 1 11 1 12 1 9 0 1 0 5 1 4 0 14 0 7 1 
8 1 1 -1 1 0 0 -1 6 -1 4 1 8 -1 8 1 11 1 12 -1 0 0 12 -1 5 1 8 0 14 0 
Language_3
15
0
1 2 4 5 7 8 10 11 14 
a b c d 
8 1 6 1 8 0 4 1 7 1 2 1 11 1 14 1 0 0 9 0 11 1 12 1 3 1 2 1 3 0 
5 1 3 0 1 1 0 0 6 0 10 -1 9 0 14 0 14 -1 3 0 8 1 5 0 13 1 13 -1 3 1 
14 1 10 1 1 1 11 0 4 0 3 1 10 0 0 0 5 1 5 1 3 1 2 1 14 0 5 0 5 1 
13 -1 14 1 2 0 10 0 2 -1 4 0 13 -1 2 0 8 1 12 -1 12 -1 6 -1 4 -1 11 -1 5 -1 
0 1 3 0 12 1 3 1 6 0 9 0 1 1 8 1 13 1 10 1 1 1 14 0 0 0 1 1 12 1 
10 0 3 1 0 1 5 0 8 -1 14 0 10 -1 1 1 13 -1 7 1 6 1 1 0 1 -1 8 0 9 -1 
4 0 8 0 12 0 3 0 8 0 8 0 11 1 7 1 12 1 13 1 14 0 10 0 8 1 13 1 7 1 
4 1 13 -1 0 1 2 0 1 1 10 1 4 -1 7 0 3 1 11 0 8 0 7 1 11 0 14 1 4 1 
Language_4
15
0
1 6 7 8 9 11 13 14 
a b c d 
11 0 13 1 3 0 1 0 5 0 0 0 6 1 6 0 11 0 13 1 5 1 7 1 3 0 2 1 6 0 
3 -1 11 1 1 -1 6 0 5 1 2 1 8 0 6 0 13 1 1 0 6 -1 3 1 7 0 9 0 0 -1 
6 0 1 1 14 1 0 1 8 0 5 1 11 0 5 1 11 1 10 1 14 0 2 0 3 1 7 0 2 0 
8 1 12 1 12 -1 9 1 1 0 6 1 2 1 13 0 8 0 11 0 5 -1 13 -1 0 -1 4 1 3 0 
5 1 9 0 0 1 4 1 10 0 4 1 0 1 6 0 12 1 1 0 0 1 1 1 7 1 3 1 0 0 
11 0 9 1 9 -1 8 0 5 -1 4 1 3 0 2 -1 11 -1 14 0 7 -1 3 -1 0 1 9 1 12 -1 
2 0 6 0 5 1 8 1 3 0 3 0 8 0 11 0 9 0 7 1 9 0 9 0 4 1 5 1 1 0 
13 1 6 -1 4 1 14 -1 0 1 10 -1 13 -1 7 -1 9 -1 10 1 1 0 13 0 2 -1 2 0 9 1 
Language_5
15
0
1 3 4 5 7 10 12 
a b c d 
1 1 9 1 3 1 0 0 9 0 12 0 2 0 2 1 3 1 10 0 6 1 1 1 4 1 10 1 4 1 
0 -1 3 0 13 0 7 0 11 -1 7 1 1 1 12 1 12 -1 10 1 14 -1 7 -1 13 -1 12 0 5 -1 
13 1 7 0 13 1 4 0 0 1 6 1 5 0 7 1 3 1 12 0 1 1 0 0 12 0 6 0 9 1 
14 0 14 0 10 -1 12 1 5 1 13 1 0 1 10 -1 5 1 3 0 7 0 5 1 8 -1 7 0 0 0 
13 0 10 1 7 0 7 1 13 1 9 1 1 0 6 0 0 1 11 0 0 0 7 0 1 0 0 1 12 0 
11 1 10 0 4 0 9 0 4 -1 6 -1 12 1 14 0 2 0 12 0 2 -1 3 -1 8 0 2 0 0 -1 
14 0 12 1 5 1 7 1 11 0 8 1 9 0 10 1 2 0 10 0 14 0 0 0 11 1 8 0 0 1 
13 1 0 0 11 -1 7 0 12 -1 3 1 11 1 6 -1 14 0 6 1 3 -1 5 -1 14 0 8 1 13 -1 
Language_6
15
0
0 6 12 
a b c d 
10 0 9 1 12 1 4 0 13 0 12 1 3 0 6 1 14 1 12 0 9 0 5 0 11 1 12 0 0 0 
11 -1 14 1 9 -1 14 -1 1 -1 11 0 1 -1 9 -1 8 1 7 0 9 1 9 -1 6 -1 6 0 10 0 
5 0 11 1 6 1 8 0 5 0 4 1 5 1 2 1 2 1 1 0 8 0 6 1 5 0 13 1 11 0 
12 -1 3 1 10 1 1 1 0 0 8 -1 14 1 5 1 13 1 5 -1 3 1 9 -1 12 1 7 -1 11 -1 
6 0 11 1 2 1 5 1 7 0 1 0 6 0 10 1 14 1 3 1 11 1 12 0 7 1 12 0 6 1 
2 0 1 0 0 0 0 -1 1 0 14 1 2 -1 3 -1 9 1 11 0 9 0 14 0 13 1 14 -1 11 1 
13 1 0 0 4 0 0 0 4 0 10 0 4 0 2 0 5 0 0 1 3 0 0 0 0 1 3 0 6 1 
2 1 2 0 0 1 6 1 2 1 8 1 12 0 6 0 11 1 9 1 5 -1 2 0 4 1 13 0 5 -1 
Language_7
15
0
1 4 6 9 10 12 14 
a b c d 
3 1 0 1 9 0 4 0 1 0 13 1 9 1 6 0 6 1 5 1 8 1 0 1 8 0 5 1 13 1 
14 -1 3 0 11 -1 0 0 4 0 5 -1 7 1 3 0 8 -1 6 -1 7 0 13 1 4 1 10 -1 7 1 
1 0 11 1 3 0 6 1 8 1 6 1 13 0 0 0 8 1 9 0 5 1 5 1 9 0 3 1 3 0 
2 0 3 -1 1 1 4 1 11 1 4 -1 11 1 2 -1 12 1 3 -1 2 -1 12 -1 0 0 0 0 8 0 
11 1 9 0 0 0 5 0 6 1 1 0 12 1 4 0 6 1 6 0 11 0 14 1 14 0 8 1 11 0 
11 1 11 -1 12 1 6 0 5 -1 12 -1 7 0 12 -1 1 1 0 -1 9 0 6 0 0 0 0 1 12 -1 
6 0 6 0 11 1 0 0 4 1 13 1 8 1 10 1 9 0 11 1 13 0 11 1 4 1 4 0 10 0 
13 1 4 -1 4 -1 13 1 7 0 5 -1 7 -1 6 -1 8 1 0 0 8 -1 8 0 14 1 4 0 13 1 
Language_8
15
0
1 6 7 9 12 13 
a b c d 
8 1 14 1 0 1 3 0 3 0 7 0 4 1 5 0 14 1 4 1 2 1 4 0 4 0 14 0 5 0 
8 0 0 -1 0 0 3 1 4 1 8 1 8 1 7 -1 5 -1 5 1 10 1 12 -1 0 0 2 1 8 -1 
7 1 1 0 13 1 8 1 2 0 8 0 12 0 11 1 10 1 9 1 13 0 5 0 1 1 3 1 9 0 
6 -1 10 -1 4 1 1 -1 5 0 14 -1 11 0 2 -1 14 -1 5 1 12 -1 12 -1 9 0 11 1 4 1 
10 1 10 1 10 1 2 1 2 0 8 0 0 1 3 0 2 0 9 0 14 1 3 0 9 1 12 1 6 1 
14 0 11 -1 10 1 8 1 7 -1 2 1 14 0 11 1 13 0 8 -1 8 1 8 1 14 -1 0 -1 2 0 
3 0 0 0 5 1 4 0 0 0 4 1 1 0 8 1 0 0 8 1 11 1 5 0 6 1 0 1 9 1 
7 0 4 -1 13 -1 7 -1 7 -1 4 1 6 0 10 0 2 -1 12 1 0 0 7 0 4 1 9 -1 5 0 
Language_9
15
0
2 3 5 6 7 10 12 14 
a b c d 
12 0 6 0 10 1 9 1 14 1 14 0 4 1 14 1 11 1 0 0 7 0 10 1 5 1 9 0 2 1 
8 1 11 0 0 0 13 1 6 0 13 -1 1 1 0 -1 6 -1 0 0 10 1 2 -1 1 0 13 0 3 0 
6 1 5 1 12 1 8 1 3 0 8 0 5 1 0 1 6 0 4 1 2 0 0 1 11 1 14 0 5 1 
12 -1 14 0 11 0 12 1 3 1 0 0 1 -1 1 0 6 -1 7 -1 14 1 7 0 1 -1 3 -1 12 -1 
5 1 7 1 9 0 4 1 5 0 4 1 8 0 13 1 5 0 7 0 11 1 13 0 8 0 12 0 13 1 
3 -1 6 0 4 0 0 -1 6 1 0 -1 14 0 0 1 10 0 5 -1 2 1 10 -1 2 0 2 -1 4 1 
9 0 0 0 12 0 11 1 13 0 5 0 8 1 4 0 2 1 13 0 6 0 10 0 3 1 4 1 14 1 
4 1 12 1 14 1 14 0 3 0 2 1 0 -1 0 -1 9 0 8 -1 0 -1 5 -1 8 1 0 0 10 0 
Language_10
15
0
0 1 2 3 5 7 11 12 13 14 
a b c d 
11 0 11 0 6 0 7 0 12 1 14 1 4 1 5 1 8 0 0 0 4 0 9 1 0 0 9 0 14 0 
12 0 1 1 14 1 3 1 3 0 7 0 7 -1 9 -1 2 0 14 -1 10 1 6 -1 11 -1 6 1 13 -1 
5 1 10 1 14 0 3 0 3 1 1 1 14 0 10 0 8 1 3 0 11 1 1 0 13 0 2 1 9 0 
13 0 6 1 8 1 12 0 5 -1 12 -1 8 1 12 0 12 1 6 0 4 0 5 0 6 0 1 1 13 1 
7 1 9 0 7 0 14 0 10 1 14 1 4 1 8 1 0 0 13 1 13 1 1 0 7 0 14 0 7 0 
0 1 0 1 8 -1 3 1 5 1 9 1 10 1 7 -1 1 1 6 -1 6 -1 2 1 3 -1 11 0 8 0 
1 0 3 1 14 1 14 1 14 1 10 0 13 0 9 0 12 1 4 1 11 0 14 0 4 1 12 1 8 0 
0 1 4 -1 13 0 9 -1 6 -1 4 0 5 0 3 0 10 -1 12 -1 4 -1 14 1 1 0 2 0 5 -1 
Language_11
15
0
1 2 3 4 9 10 11 12 
a b c d 
12 1 8 1 2 0 8 1 6 0 13 1 2 1 10 0 7 1 14 0 1 1 3 0 7 1 10 0 12 0 
6 0 11 1 7 1 10 -1 7 0 10 1 0 0 5 -1 12 -1 9 0 7 -1 14 -1 12 1 0 -1 12 0 
3 0 3 0 13 0 13 0 1 1 10 0 13 1 6 0 2 1 10 0 1 1 3 0 5 1 1 1 10 1 
1 -1 3 -1 5 0 14 1 3 -1 4 0 10 1 8 1 14 0 1 1 13 0 2 1 12 0 13 -1 7 0 
10 0 9 0 11 0 14 1 11 1 2 1 12 0 8 1 14 0 12 1 11 1 3 0 7 1 14 0 3 0 
3 1 1 0 13 0 0 0 7 1 3 0 0 -1 11 0 2 -1 5 1 8 0 4 0 14 -1 10 -1 4 -1 
1 1 14 1 14 1 3 1 4 0 1 0 5 1 3 0 6 0 4 0 2 0 11 1 5 0 9 1 3 1 
13 -1 11 -1 14 0 0 -1 13 0 12 1 6 0 2 -1 7 1 5 -1 12 0 14 -1 0 0 4 -1 13 -1 
Language_12
15
0
1 2 4 5 7 8 10 13 
a b c d 
5 1 11 0 13 0 12 1 12 1 4 0 1 0 2 1 3 0 8 1 0 1 14 1 14 1 5 0 10 1 
14 0 11 0 2 0 1 -1 8 -1 0 1 11 0 3 -1 3 1 4 1 4 -1 12 -1 11 -1 3 -1 13 0 
4 0 6 1 0 0 13 1 0 1 2 1 9 0 12 0 5 0 11 1 3 1 9 1 13 0 9 1 3 1 
2 -1 3 0 8 0 1 0 5 0 1 1 5 -1 1 1 13 1 3 1 11 -1 2 0 10 -1 2 -1 14 1 
6 1 8 0 13 0 11 0 7 0 3 1 12 1 13 1 13 1 5 1 3 0 7 1 11 1 6 1 14 0 
9 0 11 -1 12 1 0 1 7 -1 14 -1 8 -1 9 0 10 -1 14 1 6 0 3 0 2 0 14 -1 3 -1 
11 1 3 0 9 1 2 1 2 1 4 0 7 1 7 1 8 0 7 0 2 1 11 1 9 0 13 0 10 0 
12 0 5 1 11 1 9 -1 1 -1 5 1 1 0 12 0 1 1 10 0 14 0 11 -1 11 0 4 1 10 -1 
Language_13
15
0
9 10 13 
a b c d 
3 1 7 0 11 1 5 1 13 0 10 1 5 0 2 1 13 1 8 0 0 0 6 0 13 0 8 1 11 1 
6 -1 1 1 2 -1 2 0 7 -1 0 1 0 -1 7 1 13 1 6 0 8 -1 14 -1 13 1 9 -1 14 -1 
0 0 7 1 12 0 1 1 10 1 6 1 10 0 0 0 3 0 11 1 7 0 1 1 0 1 9 0 10 0 
0 0 6 0 7 0 4 -1 8 1 5 -1 7 0 3 -1 1 1 12 1 11 1 10 0 4 0 10 1 13 1 
6 0 5 0 1 0 2 1 3 0 10 0 1 1 0 0 5 0 4 0 8 0 8 1 0 1 0 1 10 0 
8 0 9 1 5 1 3 1 0 0 3 -1 6 -1 6 -1 4 0 8 -1 14 0 4 -1 2 -1 1 -1 14 -1 
14 0 3 1 5 1 2 1 14 1 10 1 7 1 11 0 4 0 2 0 4 1 13 1 6 1 12 1 3 0 
8 0 10 0 1 0 8 0 7 0 0 -1 9 1 1 0 13 0 8 0 10 1 7 1 0 0 7 -1 10 -1 
Language_14
15
0
0 1 4 6 8 9 11 12 14 
a b c d 
10 1 0 0 11 0 2 1 3 1 1 0 12 1 6 0 14 0 8 1 4 0 12 0 12 1 7 0 12 0 
2 0 4 0 11 1 11 -1 10 1 8 -1 5 0 9 -1 7 1 3 -1 13 1 13 0 8 1 4 -1 3 1 
8 0 9 1 5 0 2 0 13 0 7 0 4 0 2 1 8 1 4 0 13 1 2 1 9 1 1 1 7 0 
9 -1 0 1 13 1 9 0 5 0 13 0 0 0 4 0 4 1 14 -1 5 1 11 1 10 -1 10 -1 6 1 
10 1 13 1 1 1 1 0 8 0 2 1 0 0 3 1 11 1 4 0 14 0 12 0 1 1 9 1 5 1 
2 0 1 1 14 1 1 1 1 0 7 0 2 -1 12 0 6 0 1 -1 0 0 5 0 4 0 11 0 5 -1 
14 1 9 1 8 1 13 0 6 0 1 0 13 1 5 1 11 0 7 0 6 0 10 1 12 0 5 1 3 0 
3 1 3 0 14 -1 0 0 4 -1 2 1 7 1 11 0 3 1 14 1 7 0 2 1 0 -1 5 -1 0 0 
Language_15
15
0
1 2 4 5 6 7 10 11 14 
a b c d 
1 0 4 0 7 1 14 0 14 1 2 0 10 0 1 0 1 0 8 0 12 0 8 0 1 0 9 0 14 1 
1 -1 0 -1 5 1 5 0 2 1 1 0 8 1 3 -1 1 0 8 0 11 0 5 -1 2 -1 14 0 8 1 
0 0 8 0 13 1 6 0 4 0 5 1 1 1 14 0 6 1 12 0 14 0 10 1 10 0 12 0 6 1 
6 -1 12 1 5 1 14 -1 1 1 9 -1 5 -1 7 -1 0 1 8 -1 12 -1 7 1 11 -1 11 -1 14 -1 
6 0 6 0 6 1 6 1 9 1 14 1 5 1 12 1 5 0 3 0 8 1 5 0 5 1 13 1 8 0 
14 0 13 1 12 0 3 -1 12 1 11 -1 2 0 3 1 10 -1 3 -1 11 1 13 0 3 1 3 1 7 -1 
11 1 14 0 1 1 14 1 4 1 10 0 7 1 1 0 1 1 9 0 5 0 2 0 14 0 2 1 6 0 
12 1 5 -1 5 0 11 1 9 0 6 1 11 0 12 1 1 1 10 0 14 -1 0 1 3 -1 0 1 3 -1 
Language_16
15
0
0 2 4 5 6 7 8 9 10 11 12 13 
a b c d 
2 0 11 1 14 1 9 0 4 1 14 1 8 0 2 0 1 0 9 1 10 0 6 1 0 0 3 0 11 0 
7 0 8 0 14 0 4 0 4 0 14 1 3 -1 14 0 3 1 8 1 3 1 9 -1 5 1 13 -1 3 1 
0 0 3 0 10 0 6 1 1 1 0 1 9 1 0 0 1 0 8 1 6 0 2 1 3 0 11 1 11 1 
0 0 0 0 5 1 9 0 14 0 6 1 0 -1 9 0 4 1 10 1 5 0 11 -1 8 0 2 0 10 -1 
6 1 12 1 5 0 1 0 14 1 0 0 2 1 4 1 10 1 3 1 0 0 9 1 2 1 0 1 8 0 
10 -1 3 -1 0 0 5 0 14 -1 13 -1 5 1 12 1 5 -1 14 1 12 0 2 0 13 1 14 1 9 1 
13 0 8 1 5 1 12 0 12 0 2 0 9 0 4 1 3 1 1 1 12 0 10 1 14 1 11 0 3 1 
6 0 8 -1 5 -1 6 1 5 1 1 0 6 1 3 1 12 1 3 0 7 0 0 1 3 -1 11 -1 1 -1 
Language_17
15
0
1 3 4 8 12 13 14 
a b c d 
12 0 9 1 10 1 7 1 1 0 7 1 0 0 11 0 13 0 6 0 4 1 5 1 2 1 7 0 9 1 
9 -1 3 -1 6 1 5 -1 14 -1 10 0 5 -1 13 -1 9 0 12 0 11 -1 2 1 8 0 5 1 3 1 
8 0 0 1 13 1 0 1 11 0 8 1 12 0 13 1 2 0 4 1 2 0 6 0 14 1 7 1 1 1 
0 0 11 -1 8 0 7 -1 11 0 7 0 8 1 10 1 1 -1 9 0 4 -1 11 -1 11 0 10 -1 12 -1 
10 0 13 0 5 1 8 0 12 1 6 1 3 1 2 0 11 0 10 0 2 1 1 1 1 1 1 0 12 0 
10 -1 12 0 5 -1 2 0 5 -1 10 -1 8 -1 7 0 3 1 4 -1 11 -1 7 1 6 1 9 1 6 1 
6 0 7 1 0 1 7 1 0 0 12 1 1 1 6 0 0 1 5 1 1 1 10 0 7 1 6 0 14 1 
13 0 1 1 13 0 9 0 2 0 10 0 0 1 5 0 11 0 9 0 12 0 11 0 6 0 9 1 1 0 
Language_18
15
0
5 6 8 9 12 
a b c d 
14 1 12 0 8 1 2 1 12 0 2 0 3 1 12 1 14 0 8 0 12 1 5 1 11 0 0 0 5 1 
0 1 1 1 8 1 8 0 2 1 2 0 1 -1 5 0 1 -1 11 0 11 -1 13 1 2 1 12 1 9 0 
14 0 4 0 6 0 4 0 8 0 3 0 3 1 0 1 9 1 0 1 4 0 4 1 8 0 11 1 8 0 
5 1 6 0 9 -1 2 -1 2 0 7 0 11 0 4 1 4 1 3 1 10 1 14 -1 1 1 4 0 4 -1 
6 0 11 1 5 1 4 0 13 0 10 0 9 1 0 1 4 0 4 1 8 0 14 1 4 1 8 1 2 1 
7 0 2 -1 0 0 13 1 3 -1 0 -1 2 1 3 -1 8 -1 7 -1 7 -1 3 0 5 -1 12 -1 1 0 
6 1 11 0 0 0 1 0 5 1 13 1 5 0 11 1 4 1 6 1 3 1 14 0 14 0 10 1 14 0 
1 -1 3 0 7 1 0 0 13 1 8 1 3 1 6 0 5 0 2 -1 12 -1 11 0 5 -1 2 -1 4 -1 
Language_19
15
0
0 2 3 4 5 6 7 9 10 11 
a b c d 
0 0 0 0 5 0 6 0 7 0 7 0 7 1 3 1 0 1 13 0 0 0 6 0 12 1 14 1 6 1 
5 0 14 1 1 -1 2 -1 1 1 14 -1 2 -1 8 0 11 -1 2 0 12 -1 12 0 7 0 5 1 3 1 
2 1 8 1 13 1 2 1 5 1 0 1 13 1 7 1 7 0 12 1 7 0 2 1 9 1 4 0 8 1 
2 0 7 -1 12 1 8 -1 0 0 4 0 0 1 13 -1 11 -1 3 0 12 -1 0 0 8 -1 12 -1 14 1 
13 1 1 1 6 0 10 0 5 1 3 1 13 1 1 1 14 0 10 1 9 1 10 1 1 1 13 1 12 1 
5 -1 7 0 9 0 8 1 10 0 1 -1 12 0 2 -1 0 -1 10 -1 6 1 8 0 2 0 12 0 14 -1 
9 1 13 0 14 0 14 0 3 1 6 0 12 1 14 0 1 0 14 0 9 1 14 0 10 1 12 1 4 0 
13 -1 11 -1 12 1 2 0 6 1 8 1 8 -1 8 -1 12 -1 5 -1 13 -1 7 0 1 1 2 0 9 0 
Language_20
15
0
0 2 7 8 9 11 13 
a b c d 
1 1 3 1 12 0 10 1 11 0 8 0 12 1 0 1 11 0 13 1 2 0 13 1 11 1 11 1 11 0 
12 1 3 -1 7 -1 6 0 9 1 11 -1 13 -1 2 0 3 1 1 1 12 0 7 0 11 0 0 -1 10 -1 
9 0 4 0 0 1 12 0 5 0 0 1 2 1 8 0 0 1 7 0 13 0 11 1 1 1 11 1 12 1 
11 1 5 -1 7 0 5 0 1 -1 7 -1 9 -1 12 1 3 0 2 -1 8 1 12 1 2 0 13 -1 3 1 
11 1 13 1 6 1 10 0 3 1 8 0 1 1 12 1 7 0 5 0 6 0 8 1 10 1 14 0 6 0 
7 1 1 -1 4 -1 4 -1 1 1 12 -1 6 -1 4 0 3 -1 4 -1 2 0 3 1 7 -1 6 -1 13 1 
0 0 3 1 12 0 10 1 9 1 3 1 8 0 1 0 12 1 3 0 14 0 9 0 2 0 11 1 5 1 
4 0 7 -1 11 -1 13 1 3 -1 6 -1 4 1 5 0 0 1 9 1 3 0 6 1 3 0 7 -1 6 0 
Language_21
15
0
2 4 5 6 7 8 11 12 13 
a b c d 
4 0 1 0 9 1 10 1 13 0 2 1 8 0 4 1 0 0 1 0 4 0 14 0 1 1 12 1 11 0 
3 0 2 -1 12 -1 10 -1 13 -1 13 -1 4 0 6 0 3 1 6 1 13 0 3 1 7 0 7 1 8 -1 
10 0 9 1 6 1 2 0 2 1 0 1 5 0 12 0 10 1 8 1 10 1 11 1 2 1 6 1 4 1 
11 0 5 1 14 1 2 0 3 -1 12 1 2 -1 7 1 4 -1 5 0 13 -1 10 0 14 -1 13 0 6 1 
7 0 14 1 7 1 10 0 6 1 6 1 9 1 6 0 4 1 2 1 8 1 10 0 6 0 11 0 13 0 
10 -1 4 1 9 0 9 1 12 1 8 1 12 -1 14 -1 6 1 14 -1 14 -1 9 1 3 1 2 -1 5 1 
11 0 8 0 9 1 2 1 11 0 8 1 13 0 6 0 0 1 14 0 2 0 13 0 4 0 0 1 8 1 
8 0 9 1 12 1 3 -1 9 1 3 1 1 -1 7 0 14 0 0 0 6 1 5 1 11 -1 4 1 11 0 
Language_22
15
0
0 1 4 6 9 10 11 12 13 
a b c d 
10 0 4 0 13 1 10 1 3 1 14 0 9 0 12 0 5 1 10 0 12 1 0 1 14 0 10 1 5 1 
3 1 8 -1 10 0 12 -1 5 0 12 0 3 1 10 -1 13 -1 8 -1 14 0 13 1 3 1 10 1 8 0 
12 1 0 1 14 1 10 1 6 0 6 1 11 1 7 1 13 1 0 1 13 0 9 1 9 1 3 1 8 1 
9 -1 10 0 1 -1 8 -1 14 -1 5 -1 14 0 4 1 10 0 11 -1 8 -1 1 -1 3 -1 0 0 0 0 
10 0 6 1 7 0 0 0 5 0 7 1 7 1 2 1 5 1 13 0 13 0 4 1 10 1 2 1 6 1 
9 -1 4 0 8 0 4 1 5 0 10 0 1 -1 4 -1 0 1 6 1 8 0 1 1 8 0 10 0 11 0 
10 1 13 1 0 1 0 1 6 1 14 0 9 0 13 1 13 0 13 1 6 1 11 1 4 0 0 0 7 1 
11 1 10 0 4 0 12 1 5 0 3 -1 11 0 9 -1 6 1 0 1 2 1 6 0 8 0 7 -1 1 0 
Language_23
15
0
1 3 4 5 7 9 13 
a b c d 
7 0 1 1 7 0 2 0 1 0 5 0 10 0 12 1 7 1 4 0 14 1 2 1 8 0 14 1 7 0 
0 1 1 0 5 1 5 1 13 0 7 -1 3 0 7 1 10 1 0 -1 9 1 3 1 9 1 4 -1 13 -1 
11 0 9 1 0 1 13 1 4 1 3 1 1 0 4 1 6 0 14 1 1 0 6 1 8 1 10 1 0 0 
10 1 7 -1 9 -1 4 0 2 -1 8 0 7 -1 4 1 1 0 1 0 5 1 14 -1 6 1 11 -1 9 0 
13 1 2 1 3 1 3 0 7 0 1 1 4 1 7 0 4 0 1 1 4 0 0 0 3 0 9 0 4 0 
5 1 1 0 10 -1 6 -1 7 1 12 -1 4 1 14 0 2 0 8 0 11 1 1 0 0 -1 9 1 5 -1 
4 0 2 1 3 1 4 0 9 0 3 1 8 0 1 1 2 0 2 0 13 1 12 1 10 1 5 0 6 1 
13 -1 8 -1 7 1 0 0 5 0 13 0 10 1 4 1 11 0 0 0 6 0 5 -1 9 -1 11 0 1 0 
Language_24
15
0
0 1 2 10 11 12 13 
a b c d 
0 0 0 1 1 0 0 0 8 1 11 1 2 1 9 0 3 0 3 1 7 1 8 0 4 0 0 0 13 0 
1 0 9 0 14 1 8 0 2 1 10 1 10 0 5 0 9 0 0 0 4 -1 8 -1 8 0 4 1 5 1 
14 0 8 1 8 0 13 0 4 1 3 1 11 1 9 1 14 0 2 0 4 0 8 1 9 0 10 1 2 0 
0 -1 3 1 1 1 0 1 14 1 11 -1 6 -1 1 -1 14 1 14 -1 1 -1 12 -1 10 0 10 -1 0 -1 
6 0 1 1 10 1 9 0 2 0 2 0 14 0 2 1 1 1 3 1 14 1 11 1 5 0 10 0 14 0 
12 0 0 1 6 0 9 1 11 0 12 0 14 -1 9 1 12 0 14 -1 13 0 1 0 1 -1 6 1 2 0 
11 1 3 0 12 1 2 1 8 1 5 0 10 0 11 1 10 0 5 0 1 0 5 0 13 0 10 1 8 1 
8 -1 6 0 2 0 1 1 12 -1 0 -1 3 0 10 -1 6 -1 4 -1 11 0 7 -1 14 1 8 -1 4 0 
Language_25
15
0
1 8 10 11 14 
a b c d 
8 1 5 0 2 0 8 1 7 0 11 0 0 0 13 0 6 0 12 1 7 0 11 1 4 0 8 1 14 0 
0 1 4 -1 1 -1 5 1 4 1 9 0 3 1 10 0 9 -1 4 1 8 1 12 1 13 0 7 -1 3 1 
1 0 0 0 2 1 4 1 13 1 12 0 13 0 11 0 1 1 9 0 6 0 4 1 9 1 9 0 4 1 
10 0 8 -1 8 1 8 1 10 0 2 -1 14 -1 1 1 3 1 11 1 10 -1 0 0 3 0 14 0 0 0 
3 0 8 1 9 1 9 1 1 0 3 0 13 1 6 0 13 0 10 1 14 1 11 0 2 0 12 0 12 1 
8 1 5 0 4 0 5 0 5 1 4 -1 13 -1 10 0 13 1 10 1 2 1 11 1 0 -1 0 0 9 0 
13 1 14 0 2 1 1 0 13 0 5 0 14 1 7 1 10 1 12 1 8 0 11 0 11 0 0 0 6 1 
0 0 1 -1 11 0 12 -1 14 -1 4 0 10 1 4 0 4 0 12 -1 13 -1 9 -1 14 0 10 0 2 1 
Language_26
15
0
0 1 2 9 10 11 13 
a b c d 
11 0 2 0 4 1 9 1 4 1 11 0 13 1 9 1 8 1 12 0 12 1 3 1 12 0 11 0 7 1 
0 0 0 0 9 0 12 0 1 1 3 0 4 -1 13 0 2 0 3 0 2 -1 13 0 14 1 13 -1 11 1 
7 0 0 1 8 1 4 0 11 0 9 0 11 1 6 1 4 0 9 1 5 0 3 1 7 0 4 0 13 0 
10 -1 0 1 5 -1 12 1 10 1 10 0 1 -1 12 1 6 1 4 0 13 1 11 -1 14 0 4 0 6 -1 
12 0 11 1 8 1 7 1 7 1 5 0 8 0 12 0 7 0 13 1 4 0 10 0 6 0 7 1 7 1 
14 -1 2 0 10 1 11 0 10 1 8 1 12 0 6 -1 11 -1 9 -1 12 -1 10 1 6 0 0 1 2 -1 
8 1 10 0 0 0 5 0 0 0 2 0 1 0 4 0 12 1 5 1 1 1 7 1 6 0 12 1 1 1 
7 -1 10 -1 10 0 9 0 12 0 8 0 3 1 9 -1 6 1 14 0 8 0 12 1 2 -1 8 0 14 0 
Language_27
15
0
0 1 2 4 6 8 9 13 14 
a b c d 
14 1 14 0 0 1 0 1 5 1 2 0 0 1 10 1 8 1 3 1 10 1 14 1 3 1 3 1 1 1 
6 1 10 0 8 -1 9 0 1 1 6 0 14 0 4 -1 2 -1 10 0 9 1 5 1 6 1 11 1 2 1 
12 0 1 1 0 1 1 0 11 1 5 0 11 0 10 1 5 1 9 1 7 0 6 0 8 0 0 0 14 1 
5 -1 7 -1 2 0 8 -1 5 0 1 -1 14 0 11 0 3 1 3 -1 7 1 3 0 8 -1 14 -1 0 1 
10 0 12 0 12 0 14 1 8 1 1 1 4 0 5 0 6 1 6 1 4 0 5 1 4 0 0 0 9 1 
8 1 7 1 5 1 1 1 0 0 0 1 5 0 7 -1 7 0 13 -1 8 -1 13 0 11 1 11 1 12 -1 
5 0 5 0 5 0 2 0 13 0 7 1 3 0 2 1 6 1 5 0 12 0 3 0 2 0 10 1 0 0 
0 0 13 0 6 1 3 0 4 0 5 1 0 1 3 0 5 -1 11 1 11 0 1 0 1 1 9 0 12 1 
Language_28
15
0
0 1 4 6 8 10 11 
a b c d 
6 0 0 0 0 0 7 0 2 0 6 1 8 1 14 0 14 0 11 0 1 1 14 1 13 1 2 1 14 0 
0 -1 14 -1 5 1 14 1 13 -1 12 1 3 1 11 0 9 1 12 -1 6 1 9 -1 13 -1 9 1 5 -1 
1 1 11 0 10 0 1 0 12 0 4 1 11 1 5 0 8 0 12 1 8 0 10 0 0 0 2 0 1 0 
10 -1 7 0 10 1 2 1 13 0 2 0 14 0 8 1 7 0 5 0 10 -1 7 1 10 0 3 1 11 -1 
7 1 6 0 12 0 0 0 14 0 12 1 7 0 12 1 5 1 5 1 13 1 8 0 5 0 1 1 12 0 
10 1 4 0 7 -1 3 -1 10 -1 1 1 0 1 1 1 13 0 1 1 11 0 11 1 10 0 9 -1 0 1 
7 0 7 1 6 1 2 0 11 0 11 0 10 1 4 1 8 1 1 1 3 0 2 0 9 1 14 1 6 1 
6 1 8 -1 1 1 8 1 4 1 11 0 8 0 4 -1 6 -1 4 0 12 0 1 -1 14 1 7 1 0 0 
Language_29
15
0
1 2 3 4 5 9 10 12 14 
a b c d 
11 1 5 0 6 1 2 1 0 1 4 1 11 0 3 1 0 0 10 1 2 0 13 0 4 0 0 0 3 0 
2 1 11 0 14 0 12 1 0 1 7 -1 3 1 2 0 10 -1 9 1 0 0 2 1 8 1 9 1 2 -1 
9 0 8 1 14 1 13 1 3 1 6 1 7 1 11 1 0 1 2 1 10 1 1 0 7 1 12 1 13 0 
10 1 3 -1 2 -1 12 -1 12 -1 8 1 1 1 4 1 2 -1 1 1 10 1 9 0 13 1 0 -1 6 1 
9 0 13 0 0 0 13 0 4 0 4 1 11 0 1 0 14 1 0 0 4 0 10 1 0 0 13 1 3 1 
5 -1 2 0 8 -1 9 0 11 -1 11 1 11 1 10 1 2 1 6 1 3 1 5 0 13 1 7 0 3 1 
13 0 13 1 2 0 11 1 1 0 4 1 3 1 1 1 11 1 6 0 4 0 3 0 13 1 14 0 6 0 
9 1 9 -1 2 -1 5 1 1 0 9 1 5 -1 14 -1 3 0 3 1 0 0 1 -1 9 -1 14 0 1 1 
Language_30
15
0
4 6 7 10 11 13 14 
a b c d 
9 1 11 1 7 1 7 0 14 0 4 1 5 1 13 1 7 1 9 1 7 1 8 1 11 1 3 0 13 1 
4 -1 1 1 11 0 0 1 1 1 8 -1 1 1 9 1 7 0 13 0 4 -1 11 0 14 0 2 0 13 0 
14 1 3 1 13 0 1 1 6 0 12 1 3 1 2 1 4 1 7 1 13 0 3 0 5 1 14 0 2 0 
13 0 12 -1 8 -1 10 0 11 -1 8 0 12 -1 10 0 6 0 2 -1 10 0 13 -1 12 -1 1 0 6 1 
0 1 12 1 10 0 12 1 1 1 10 0 7 1 4 0 12 0 7 0 2 0 9 1 2 0 8 1 13 0 
7 1 6 1 14 0 5 0 8 -1 6 0 14 0 12 1 1 0 9 -1 6 0 12 -1 7 -1 13 -1 9 1 
8 1 1 1 10 0 10 1 10 1 0 0 14 1 9 1 12 1 5 1 3 0 0 0 6 0 4 0 1 0 
3 -1 8 -1 6 1 2 0 10 1 7 1 14 0 0 1 4 0 13 -1 6 -1 0 0 1 0 9 1 4 0 
Language_31
15
0
0 3 4 5 6 7 8 9 10 11 
a b c d 
10 0 11 0 7 1 12 0 4 0 4 0 12 1 8 0 8 1 13 1 0 1 11 0 5 1 4 1 3 0 
11 1 11 0 2 0 11 1 6 0 4 -1 13 0 11 -1 3 1 11 -1 7 1 1 1 4 1 10 -1 12 -1 
8 0 0 0 12 0 13 0 9 1 14 0 10 0 7 1 6 1 8 1 8 1 14 0 14 0 9 0 1 0 
1 0 5 -1 10 -1 7 -1 5 0 13 -1 12 0 14 0 5 1 11 1 3 1 14 0 1 0 4 1 9 -1 
6 1 7 1 9 0 9 1 1 0 5 0 3 1 2 1 13 0 0 0 11 0 11 1 13 0 2 0 13 1 
10 -1 8 0 10 0 5 -1 12 -1 8 -1 13 1 4 -1 1 -1 14 0 13 0 11 -1 13 -1 14 -1 2 -1 
1 0 6 1 1 0 2 0 13 0 11 1 1 0 14 0 11 0 6 1 3 0 2 0 14 1 7 1 12 0 
12 -1 2 0 14 0 9 -1 3 -1 6 -1 5 0 11 1 9 1 5 0 4 -1 14 0 11 -1 4 0 12 -1 
Language_32
15
0
1 2 6 9 11 12 13 14 
a b c d 
0 0 13 0 11 0 14 1 11 1 12 0 10 1 14 0 1 0 10 0 12 1 3 0 3 0 7 0 6 1 
6 -1 5 1 2 -1 9 -1 1 1 7 -1 7 1 13 0 12 1 2 -1 13 0 0 0 2 -1 10 1 13 1 
2 1 4 0 8 0 11 1 3 1 14 0 13 1 10 0 9 1 7 0 4 1 3 1 8 1 13 1 8 0 
14 1 14 0 1 -1 3 1 3 0 0 1 13 1 6 1 1 1 2 1 0 0 14 -1 5 0 2 0 2 1 
8 1 11 1 11 1 9 1 11 0 3 0 0 1 14 1 0 0 1 0 10 0 8 0 10 1 12 1 2 0 
3 -1 14 0 4 0 11 0 2 -1 14 -1 6 -1 9 -1 13 1 4 0 3 1 9 -1 11 -1 1 0 9 0 
4 0 1 0 9 1 3 1 0 0 12 1 2 1 11 1 7 1 4 1 10 0 14 0 4 1 4 0 14 0 
2 1 13 0 0 -1 11 0 13 -1 4 -1 4 0 12 -1 4 -1 8 1 1 1 8 1 1 0 11 -1 2 0 
Language_33
15
0
0 1 10 11 12 14 
a b c d 
6 0 9 0 3 1 8 0 1 1 2 1 13 0 0 1 13 0 11 0 11 1 6 1 12 0 10 1 12 1 
8 1 3 1 13 1 3 0 1 -1 1 0 4 0 13 1 3 -1 2 0 12 -1 6 0 9 0 2 0 12 -1 
1 1 13 0 12 1 2 0 8 0 7 0 10 0 1 1 10 1 13 1 4 0 7 1 6 1 11 0 9 1 
1 0 11 1 7 0 4 -1 6 0 14 0 10 -1 1 -1 10 -1 2 1 7 -1 1 0 3 -1 6 1 6 -1 
3 1 5 0 9 1 10 0 3 0 12 0 6 1 14 1 1 1 5 1 0 1 10 1 4 0 4 1 1 1 
2 -1 14 -1 7 -1 10 -1 4 -1 12 -1 0 0 5 -1 6 0 1 -1 11 0 5 -1 10 0 11 1 11 -1 
12 0 11 1 10 1 4 1 1 0 7 0 3 0 6 0 10 0 4 1 0 0 4 1 3 0 12 0 3 1 
13 0 4 0 1 0 9 1 11 -1 3 0 2 0 5 -1 10 -1 5 1 13 1 11 1 13 -1 1 -1 2 -1 
Language_34
15
0
2 3 5 7 10 13 14 
a b c d 
8 0 10 1 6 0 1 0 6 0 6 0 3 0 4 0 11 0 3 0 12 0 11 0 9 1 4 0 6 1 
6 -1 13 -1 14 -1 3 1 13 1 8 -1 6 1 0 -1 3 -1 3 0 3 0 7 -1 9 0 5 0 0 -1 
10 0 4 0 3 0 0 1 6 0 10 0 0 0 5 0 2 0 2 0 2 0 13 0 11 1 2 0 11 0 
3 -1 12 0 10 0 4 1 9 -1 4 1 10 0 14 -1 6 0 8 -1 9 -1 11 1 3 1 3 -1 2 0 
7 0 8 0 14 1 10 1 1 1 1 0 7 0 0 0 2 1 10 0 9 0 1 1 14 0 9 0 10 0 
13 0 14 1 0 -1 9 -1 0 1 14 1 3 0 5 -1 5 -1 2 -1 12 -1 8 -1 11 0 14 0 10 -1 
5 1 12 0 13 1 3 0 1 1 2 1 5 1 4 1 3 1 12 0 10 0 5 1 14 0 13 0 4 1 
1 -1 9 -1 9 0 10 -1 10 0 4 0 3 -1 9 0 11 0 6 -1 3 1 3 -1 7 1 1 -1 5 0 
Language_35
15
0
0 4 8 10 
a b c d 
6 1 7 0 12 0 3 0 1 0 4 0 3 0 8 1 8 1 5 1 1 0 0 0 4 0 14 0 8 1 
13 -1 12 -1 1 -1 8 1 4 -1 10 1 7 1 4 1 1 1 6 1 9 -1 11 -1 4 -1 4 -1 5 1 
0 0 1 0 6 0 1 1 13 1 4 0 5 0 10 0 2 1 0 1 12 1 12 0 14 0 0 1 10 1 
11 -1 12 1 4 1 4 1 13 0 4 -1 2 1 4 1 8 1 10 -1 9 -1 2 0 12 -1 4 1 0 1 
2 0 12 1 7 1 8 0 11 0 5 1 11 1 1 0 12 0 5 1 11 1 2 0 3 0 2 0 4 0 
11 1 4 0 5 0 10 0 0 0 1 -1 8 -1 5 1 13 -1 1 -1 13 1 2 0 6 1 11 -1 3 -1 
4 0 12 1 10 0 3 0 0 0 11 1 14 1 5 0 3 0 13 0 14 1 0 1 11 1 6 0 8 0 
1 1 13 -1 10 1 5 0 12 0 14 0 14 0 6 1 1 0 7 -1 10 -1 3 -1 8 1 3 0 2 0 
Language_36
15
0
0 1 3 4 6 7 8 9 10 12 14 
a b c d 
11 0 12 0 6 1 10 1 1 1 10 1 8 1 0 0 0 0 10 1 9 1 6 0 2 0 7 0 9 1 
2 1 1 1 2 0 12 1 13 0 10 -1 4 0 4 1 2 -1 7 1 13 0 1 -1 0 0 4 0 6 -1 
4 0 3 0 9 0 5 0 13 1 5 0 11 0 9 1 8 0 5 0 9 0 2 1 1 0 4 1 12 0 
8 0 7 1 3 0 7 0 0 -1 11 -1 11 0 9 -1 10 1 10 -1 9 -1 13 -1 1 0 12 0 9 -1 
12 0 10 0 9 1 13 1 10 0 4 0 1 0 5 0 7 0 4 1 7 0 12 0 12 1 12 0 2 1 
11 1 13 0 12 1 7 -1 14 -1 14 1 11 1 6 0 4 0 8 0 10 -1 0 -1 10 0 5 1 8 1 
10 1 8 1 2 0 14 1 6 0 11 1 0 1 1 0 5 1 5 0 3 1 11 0 14 1 7 0 7 0 
6 -1 4 -1 7 1 5 1 11 0 8 1 8 -1 7 0 12 -1 5 -1 0 0 7 0 9 -1 6 0 13 -1 
Language_37
15
0
2 5 6 8 9 11 12 14 
a b c d 
3 0 6 0 4 0 1 0 2 0 6 1 12 1 7 1 3 0 6 0 9 1 6 1 4 1 13 1 13 1 
9 0 3 1 14 0 7 1 10 0 14 1 0 -1 7 -1 13 1 1 1 11 -1 14 -1 6 1 6 1 2 -1 
5 0 3 0 9 0 5 1 6 1 0 1 2 0 5 1 5 0 12 0 1 0 1 1 2 0 2 1 12 0 
4 0 6 -1 14 -1 13 1 12 -1 1 1 0 -1 11 0 4 0 10 0 12 0 3 1 10 -1 5 1 4 -1 
14 0 3 0 0 0 1 0 2 1 6 1 1 1 1 1 12 0 14 1 8 0 12 0 13 1 10 1 8 1 
5 0 1 1 14 1 2 1 7 0 1 1 11 -1 7 0 11 1 11 1 4 -1 5 1 9 0 4 0 0 1 
14 1 6 0 12 1 4 0 11 1 14 1 2 0 6 1 3 1 3 1 10 0 2 0 14 0 0 0 2 0 
2 0 1 1 11 0 5 -1 1 1 6 1 10 -1 12 -1 14 -1 6 1 8 -1 2 1 2 -1 11 0 12 1 
Language_38
15
0
4 8 12 13 14 
a b c d 
14 0 13 0 3 1 10 0 10 1 12 0 7 0 4 1 7 0 7 1 12 0 11 1 14 0 10 0 9 1 
11 -1 13 1 7 1 1 0 7 1 11 0 4 1 8 0 8 0 14 -1 13 1 11 -1 8 -1 14 0 3 0 
8 1 4 0 13 1 8 1 1 1 7 1 7 1 1 0 0 1 10 0 6 0 4 0 0 1 3 1 1 0 
12 0 2 1 3 0 8 1 6 0 14 0 11 -1 2 1 0 -1 2 -1 7 -1 6 1 2 0 9 0 1 0 
14 0 0 0 4 1 0 0 7 0 11 1 5 1 10 0 10 0 8 1 5 1 12 1 12 0 4 0 3 0 
0 1 3 -1 14 1 3 -1 8 0 13 0 12 -1 14 -1 4 -1 6 1 1 -1 13 0 8 1 14 1 5 0 
2 1 9 1 11 1 6 1 7 1 1 1 12 0 11 1 5 1 4 0 0 1 11 0 9 0 3 0 5 1 
5 1 10 -1 10 -1 12 0 14 1 1 1 5 1 11 -1 12 0 7 1 2 1 10 1 6 0 2 -1 7 -1 
Language_39
15
0
0 1 5 6 7 8 10 11 13 14 
a b c d 
2 1 4 0 9 0 13 0 4 0 4 0 8 0 0 0 13 1 5 1 12 0 11 0 4 0 8 0 13 1 
7 1 13 -1 1 0 11 -1 4 0 14 0 11 1 12 -1 12 1 10 -1 2 -1 4 -1 2 1 0 1 10 1 
13 0 14 0 2 1 4 0 8 1 0 1 9 0 11 0 11 1 2 0 6 0 1 1 14 1 1 1 11 1 
1 -1 12 -1 8 1 7 -1 10 1 13 1 4 0 2 0 4 -1 8 0 6 0 7 -1 5 0 2 -1 0 1 
7 0 14 0 2 0 11 0 13 0 4 0 0 0 8 0 14 1 2 1 13 0 11 0 3 0 8 1 2 0 
14 0 3 -1 2 0 4 1 1 -1 14 1 6 0 11 1 0 1 12 -1 4 1 5 -1 12 1 6 -1 10 0 
1 0 3 0 2 0 0 0 6 0 2 0 7 1 1 0 14 0 4 1 11 1 3 0 4 1 0 0 8 0 
12 1 2 -1 2 0 5 0 0 1 6 0 13 -1 10 0 11 1 12 -1 4 -1 7 0 5 0 6 -1 13 -1 
Language_40
15
0
1 4 6 9 12 13 
a b c d 
5 1 3 1 14 1 9 0 4 0 3 0 12 1 4 0 1 1 1 0 12 1 6 0 14 0 7 1 2 1 
4 -1 11 1 2 0 1 0 11 0 14 -1 10 -1 5 -1 14 1 10 -1 6 -1 6 -1 7 1 4 0 11 1 
14 1 9 1 1 0 12 1 9 1 12 0 2 1 8 0 3 0 0 0 2 0 8 1 14 1 2 0 4 1 
0 1 0 -1 2 1 9 -1 13 1 12 1 13 -1 0 0 12 0 13 1 4 1 9 1 5 0 4 -1 13 1 
4 0 7 1 3 0 12 1 10 1 14 0 4 0 5 0 11 1 11 1 0 0 9 0 13 0 2 0 9 0 
6 1 12 0 1 0 13 1 5 0 6 -1 4 -1 14 -1 2 -1 2 -1 0 -1 12 0 1 -1 2 -1 3 0 
7 0 7 0 8 0 0 1 14 0 6 1 6 1 0 1 1 1 5 0 3 1 2 0 6 1 7 1 1 1 
7 -1 14 -1 12 1 2 -1 3 0 11 0 2 -1 7 1 8 1 9 1 3 0 7 -1 5 -1 7 0 10 0 
Language_41
15
0
3 5 8 9 11 12 13 14 
a b c d 
0 0 8 1 6 1 13 0 2 1 10 0 8 0 14 1 0 1 12 0 12 1 10 0 0 0 7 0 12 0 
7 0 14 0 4 0 14 -1 3 -1 7 0 9 -1 9 1 1 1 7 0 0 1 14 1 11 -1 10 1 3 0 
6 0 1 1 1 1 1 0 7 1 10 0 0 0 11 0 8 1 11 0 13 0 8 1 8 1 2 0 7 1 
12 -1 6 -1 14 -1 3 0 4 0 13 -1 4 -1 9 0 12 1 1 -1 6 0 6 -1 9 -1 0 -1 13 1 
10 0 8 1 10 0 1 0 5 1 9 1 12 0 5 1 4 1 9 0 13 1 1 1 0 0 10 0 7 0 
9 0 10 1 8 1 11 -1 1 1 0 1 13 -1 12 -1 13 1 0 1 7 0 8 0 0 -1 6 -1 9 -1 
12 1 3 0 2 0 1 0 5 1 0 1 5 1 13 1 4 1 7 0 5 0 7 0 5 0 7 0 12 1 
8 1 10 -1 8 -1 11 1 1 0 5 0 3 -1 8 0 7 -1 1 0 14 -1 1 -1 9 0 2 0 12 1 
Language_42
15
0
1 2 4 5 6 7 11 12 13 14 
a b c d 
1 0 8 0 8 0 11 1 13 0 12 1 11 0 4 1 6 0 0 1 8 1 9 1 14 1 1 1 12 0 
7 0 11 0 11 1 0 0 11 0 0 -1 12 -1 9 1 7 0 0 0 12 0 1 -1 5 0 9 0 3 1 
3 0 10 0 10 1 1 1 10 1 5 0 1 1 6 1 7 1 3 1 11 0 14 1 4 1 6 1 3 0 
13 0 14 1 11 0 0 1 9 -1 6 -1 7 1 5 -1 6 0 5 -1 12 -1 0 0 6 -1 7 0 10 -1 
6 1 1 0 1 1 13 0 14 0 6 1 9 1 11 1 12 0 7 0 13 0 11 1 6 0 3 0 13 1 
1 1 12 -1 0 1 1 -1 9 -1 0 0 1 0 14 1 11 1 11 0 6 0 3 0 12 1 0 1 11 0 
1 1 13 1 3 0 2 0 14 1 1 0 13 0 11 0 5 1 12 0 5 1 1 1 12 0 9 0 2 1 
4 0 11 1 10 -1 6 -1 6 -1 9 0 12 0 12 0 9 0 1 0 0 -1 0 0 7 0 2 0 10 -1 
Language_43
15
0
0 3 4 6 7 8 9 10 11 12 14 
a b c d 
8 1 5 0 9 1 12 0 5 1 14 1 2 0 13 0 4 0 0 0 12 1 12 1 14 0 13 0 12 0 
13 0 14 1 5 1 0 0 7 0 12 -1 13 -1 11 0 1 -1 12 0 0 -1 8 1 11 1 9 0 14 0 
12 0 7 1 14 1 8 1 2 1 12 1 8 0 12 0 4 0 4 0 0 1 4 1 8 0 11 1 6 1 
4 0 7 -1 12 0 5 -1 6 0 13 1 12 1 14 1 7 1 14 1 4 0 8 -1 14 -1 1 0 0 0 
8 1 8 0 11 1 14 1 4 0 2 0 6 0 0 1 0 0 6 1 13 0 2 0 10 1 12 0 11 1 
4 0 1 0 3 -1 2 1 6 1 11 1 3 1 8 0 14 0 5 0 9 1 6 0 3 -1 14 0 14 0 
8 0 3 0 3 1 12 1 13 0 6 0 4 0 4 1 4 0 8 1 4 1 10 0 6 0 10 1 8 0 
7 1 9 0 1 -1 1 1 0 -1 6 0 14 1 1 1 14 1 1 1 7 1 11 1 5 1 6 1 7 1 
Language_44
15
0
1 2 3 4 5 6 7 9 12 13 
a b c d 
5 0 0 0 3 0 13 0 9 1 14 1 13 0 0 1 7 1 14 0 3 0 8 0 7 0 0 0 4 1 
13 1 5 -1 3 1 13 -1 8 1 7 1 14 1 11 -1 13 -1 1 -1 0 -1 5 -1 14 -1 9 -1 9 -1 
10 1 5 1 14 1 8 0 8 1 5 0 13 1 0 1 14 0 6 0 1 1 7 1 10 0 10 0 1 1 
12 1 5 0 3 -1 3 0 4 1 6 1 14 1 1 0 4 -1 4 0 6 -1 14 -1 1 -1 2 0 0 -1 
12 0 7 1 14 0 10 1 5 1 11 1 2 1 6 0 1 0 13 1 9 1 12 0 12 0 8 1 7 0 
2 1 8 1 1 1 7 0 10 -1 0 0 0 0 3 1 12 0 14 1 3 0 5 0 11 1 6 0 13 -1 
12 0 4 1 13 0 11 0 4 1 9 1 9 0 3 0 13 0 14 1 13 0 12 1 4 1 4 0 1 0 
8 -1 6 -1 1 1 10 0 7 -1 11 -1 7 1 10 0 14 -1 4 1 13 0 1 0 7 1 6 0 0 1 
Language_45
15
0
0 1 4 5 6 8 9 
a b c d 
3 0 5 1 14 1 13 0 2 1 8 1 2 1 8 1 4 1 8 1 0 1 10 0 4 0 7 0 5 0 
3 -1 4 0 10 -1 8 -1 13 -1 7 0 5 1 12 1 2 1 0 0 12 0 8 1 6 -1 4 1 7 0 
3 0 7 0 12 1 7 1 14 0 6 0 0 0 12 0 7 1 10 1 5 1 4 0 1 1 2 0 2 0 
9 -1 5 0 13 -1 2 0 10 -1 13 0 5 1 8 -1 11 1 9 1 0 0 5 0 14 -1 2 0 4 1 
13 1 9 1 9 0 12 1 13 0 14 1 1 0 8 1 4 0 1 0 12 0 0 0 9 1 6 1 7 0 
5 -1 9 1 1 0 2 0 8 1 5 0 13 -1 5 1 13 1 7 -1 8 1 4 1 4 0 1 0 5 -1 
3 0 8 1 13 1 12 1 11 1 14 0 9 1 3 0 14 1 1 0 10 0 9 1 8 0 2 1 3 0 
14 1 4 0 6 -1 3 0 7 -1 6 0 4 0 12 -1 13 0 9 1 4 0 11 -1 12 -1 3 1 1 0 
Language_46
15
0
0 3 4 6 7 11 12 13 14 
a b c d 
11 0 1 1 6 0 3 0 10 0 5 0 10 1 9 0 0 0 2 0 1 0 7 1 13 0 2 1 2 0 
9 1 2 -1 3 0 13 0 0 0 3 0 2 0 4 -1 4 0 14 -1 1 -1 8 -1 7 -1 4 1 3 -1 
13 0 3 1 1 1 11 0 6 1 11 1 14 1 6 0 13 1 0 1 14 0 6 1 4 0 3 1 4 0 
11 0 9 1 10 0 3 -1 7 0 4 0 5 -1 8 -1 0 0 0 0 9 0 1 -1 14 -1 5 -1 10 0 
12 0 5 0 13 1 11 0 9 0 4 0 8 1 6 0 7 0 3 0 10 1 6 1 3 1 1 0 10 0 
5 1 1 -1 9 1 13 1 3 1 11 -1 2 -1 14 1 11 -1 9 0 4 0 10 0 4 1 8 0 4 1 
14 1 1 1 2 0 13 0 0 0 5 0 0 0 5 0 3 0 1 0 14 0 14 1 9 0 13 0 14 1 
6 0 8 -1 8 -1 10 -1 10 1 6 0 0 0 12 0 14 -1 1 1 13 0 7 -1 11 1 9 0 14 0 
Language_47
15
0
0 1 7 8 10 12 13 14 
a b c d 
1 1 13 1 7 1 6 1 3 0 8 0 12 1 6 0 0 1 8 1 7 1 9 0 8 1 1 0 1 0 
3 0 11 0 2 -1 11 1 12 1 10 0 8 -1 11 -1 12 -1 3 0 7 1 7 1 7 -1 5 0 0 1 
14 1 3 1 5 0 5 1 8 0 4 1 13 0 13 0 10 1 8 1 1 0 7 0 6 1 12 1 1 0 
9 1 7 -1 2 1 9 1 7 1 10 1 8 -1 13 1 2 1 2 0 10 -1 7 0 3 0 2 0 4 -1 
3 0 11 0 14 0 5 1 1 1 8 1 12 0 12 0 11 1 2 0 1 1 2 1 13 0 8 1 9 1 
2 -1 11 1 13 -1 0 -1 6 -1 0 1 4 -1 1 0 8 -1 7 -1 0 1 3 1 4 0 3 0 7 1 
12 1 3 1 10 1 11 1 9 1 2 0 10 1 12 0 11 0 1 1 13 0 0 0 7 0 6 1 1 0 
13 0 4 0 13 -1 9 -1 3 -1 5 0 3 0 7 1 6 1 0 0 9 -1 3 1 10 -1 1 0 0 1 
Language_48
15
0
2 5 7 9 10 11 13 
a b c d 
14 0 5 1 6 1 6 1 10 1 3 0 3 0 2 0 11 0 8 1 9 0 2 0 0 1 8 1 1 1 
8 1 2 -1 4 -1 2 -1 12 1 2 0 0 0 3 1 1 1 2 1 1 -1 5 0 2 -1 4 0 9 -1 
8 1 14 0 9 1 13 1 6 1 2 0 4 0 4 1 11 1 12 1 5 1 11 0 7 1 13 1 6 1 
7 1 8 1 6 -1 11 -1 12 1 4 1 14 1 14 1 5 -1 8 0 10 -1 7 1 8 0 5 0 6 -1 
13 0 10 0 4 1 13 0 8 0 1 1 14 0 5 0 12 0 0 1 5 1 4 1 8 0 5 0 9 1 
14 1 9 -1 0 0 4 0 9 0 10 -1 8 -1 4 1 3 -1 10 0 6 -1 1 -1 4 1 6 0 11 0 
12 1 4 1 13 0 7 1 2 1 3 1 4 0 2 0 12 1 7 1 3 0 5 0 4 1 6 1 6 0 
12 0 5 1 9 -1 14 1 0 1 2 1 1 -1 4 1 13 1 7 0 0 0 7 1 4 1 0 0 13 -1 
Language_49
15
0
1 2 7 9 10 14 
a b c d 
9 1 4 0 9 1 9 0 9 1 13 1 10 0 14 0 3 1 3 1 0 1 4 0 3 1 11 0 10 1 
14 -1 6 -1 10 1 13 1 0 -1 5 1 0 0 2 1 12 0 13 -1 13 1 9 1 1 0 0 0 12 -1 
0 1 1 0 0 0 13 0 6 1 3 1 13 0 5 0 2 0 0 1 14 0 12 1 0 0 7 0 11 0 
11 0 10 1 0 0 8 1 9 1 10 0 5 -1 1 -1 11 0 8 0 6 0 2 0 10 -1 5 1 2 -1 
13 0 12 1 5 1 13 1 9 1 12 1 7 1 11 0 13 0 9 1 3 1 2 0 5 1 6 0 5 0 
1 1 1 -1 11 0 9 -1 1 1 7 1 4 -1 12 -1 11 1 1 1 9 0 2 1 7 0 10 0 9 -1 
4 1 5 0 12 1 12 1 3 1 0 1 7 1 1 0 13 0 14 0 5 1 14 1 7 0 9 0 12 0 
10 0 11 1 1 1 1 0 7 -1 13 -1 9 0 12 -1 8 -1 1 1 1 0 12 -1 14 1 1 1 1 0 
Language_50
15
0
2 3 4 5 6 10 11 14 
a b c d 
6 0 0 0 10 1 0 1 10 1 2 0 6 1 10 1 10 0 7 0 1 1 8 1 10 0 4 0 2 1 
8 1 13 -1 14 1 9 -1 5 1 1 0 12 1 8 0 10 0 11 -1 8 1 2 0 4 1 5 1 1 -1 
10 1 11 1 5 1 12 1 14 1 7 1 11 0 13 1 11 0 11 0 1 0 1 1 2 0 9 1 12 1 
1 -1 9 -1 6 0 7 -1 7 1 5 1 11 1 8 0 6 0 8 0 8 1 6 0 1 1 12 1 8 1 
6 1 3 1 6 0 4 1 10 1 0 0 3 0 11 1 7 1 12 0 10 1 10 1 11 1 2 0 13 0 
10 0 2 0 11 1 8 0 1 0 3 1 7 -1 12 1 1 -1 3 -1 11 1 2 1 7 1 12 0 13 0 
8 1 10 1 6 1 13 0 4 1 5 1 13 0 10 1 11 1 0 1 4 0 1 1 9 1 5 0 5 0 
12 -1 8 1 3 -1 10 -1 8 0 2 0 1 0 13 0 0 0 8 1 14 1 7 0 10 0 6 -1 11 1 
Language_51
15
0
1 2 3 4 5 6 8 10 11 
a b c d 
7 0 3 1 4 0 1 0 13 1 14 0 0 0 3 1 9 0 9 0 4 1 9 1 5 0 14 0 5 0 
11 0 14 0 9 1 12 -1 13 1 10 0 12 1 13 -1 13 1 6 -1 12 1 13 -1 6 -1 3 -1 4 -1 
5 1 14 1 3 0 3 1 7 0 8 1 2 1 0 1 13 0 5 1 9 0 6 1 4 0 12 1 14 0 
1 0 0 0 3 1 0 0 2 -1 1 1 9 -1 3 -1 0 0 3 0 13 0 3 -1 4 -1 11 -1 0 0 
5 0 7 0 8 1 12 1 2 1 11 1 10 1 3 1 7 1 9 1 1 1 9 0 0 1 11 1 1 1 
12 0 5 0 0 1 13 1 5 -1 3 -1 12 -1 0 0 11 0 5 1 10 -1 1 0 2 -1 4 1 13 -1 
6 1 3 0 8 1 7 1 6 0 5 1 3 0 1 0 2 0 1 0 7 1 13 0 8 0 14 0 13 1 
5 0 14 -1 11 -1 1 -1 13 1 2 0 0 1 5 0 13 1 4 -1 3 1 13 -1 11 0 6 -1 12 0 
Language_52
15
0
0 2 9 10 12 14 
a b c d 
3 1 11 0 4 1 13 0 9 1 12 0 9 1 3 1 7 0 9 0 12 1 8 0 7 0 8 1 7 1 
3 1 6 1 13 0 3 0 7 -1 14 0 14 0 6 -1 10 -1 9 0 1 0 5 -1 8 1 2 1 11 -1 
9 0 0 1 12 1 10 1 11 1 4 0 5 1 2 0 5 1 8 0 14 1 6 0 1 1 3 1 8 1 
4 0 2 -1 7 -1 0 1 14 1 13 1 14 0 0 1 6 0 13 1 8 0 5 -1 6 1 2 0 10 0 
2 0 0 0 9 1 13 0 12 0 2 0 0 0 8 0 3 0 2 1 6 1 4 1 2 0 1 1 3 0 
13 -1 1 -1 0 -1 11 1 14 0 13 0 13 1 13 1 5 0 9 -1 6 -1 9 0 11 -1 9 0 4 1 
2 1 11 1 14 1 1 0 14 0 0 1 7 0 1 1 6 0 0 1 2 0 1 1 5 0 2 1 3 1 
2 -1 12 -1 6 1 8 0 9 1 4 0 12 1 5 1 14 -1 3 0 12 1 12 -1 13 0 1 -1 10 0 
Language_53
15
0
3 5 6 8 11 14 
a b c d 
12 1 9 1 12 1 5 1 13 1 2 1 14 1 12 0 5 1 8 1 8 1 6 0 12 1 0 1 11 1 
13 0 1 1 4 0 12 -1 3 1 2 -1 14 -1 0 0 9 1 6 0 7 0 1 1 4 1 4 0 11 0 
4 0 11 0 1 0 5 1 13 1 3 1 1 0 1 0 1 1 1 1 11 0 5 1 14 0 10 0 6 1 
5 0 1 -1 7 0 14 -1 3 1 5 1 13 0 6 1 1 1 14 1 0 1 8 0 12 -1 1 -1 0 1 
3 1 14 0 9 1 2 1 10 1 14 1 2 1 10 1 14 0 10 0 0 1 10 1 9 1 11 1 13 1 
12 0 4 0 1 -1 1 0 2 0 12 1 1 -1 6 -1 8 1 4 1 14 0 14 0 5 1 1 0 7 1 
6 1 3 1 10 1 9 1 4 0 3 1 3 0 1 1 0 0 3 1 9 1 13 1 8 0 9 1 8 0 
5 1 8 -1 4 0 1 0 4 -1 9 -1 3 -1 0 1 13 0 3 0 12 1 12 -1 1 1 9 1 9 -1 
Language_54
15
0
1 6 7 8 9 12 
a b c d 
13 0 14 0 12 0 1 0 11 1 5 0 9 0 0 0 7 0 9 0 14 1 10 1 5 1 6 1 12 0 
3 -1 7 0 1 0 10 -1 14 0 9 -1 11 1 9 -1 6 -1 10 0 7 -1 13 1 4 0 4 0 7 1 
4 0 5 1 2 0 13 1 1 0 9 1 0 1 9 1 3 1 2 1 12 1 5 1 11 1 8 1 14 0 
3 -1 2 1 7 1 8 -1 0 -1 8 1 0 1 2 0 5 0 12 -1 2 0 13 1 1 -1 1 -1 14 -1 
10 1 1 0 12 0 13 1 7 1 7 1 13 1 10 0 5 0 6 1 14 0 7 1 7 1 8 0 3 1 
3 1 2 1 7 -1 13 -1 6 1 6 0 10 1 13 0 6 1 4 -1 6 1 2 -1 13 -1 10 0 9 0 
5 0 12 0 1 1 14 1 5 0 2 1 2 1 8 1 7 0 1 1 8 1 1 0 1 0 10 1 5 0 
6 0 7 0 6 1 3 1 7 1 13 1 2 1 3 1 8 -1 10 0 14 1 14 1 12 -1 8 1 4 -1 
Language_55
15
0
0 1 2 3 4 8 9 10 12 13 14 
a b c d 
5 0 0 1 10 0 7 1 7 0 5 1 2 0 0 0 2 1 13 1 5 1 0 0 10 0 13 0 4 1 
10 -1 9 -1 6 1 14 0 5 1 9 0 5 -1 2 -1 6 0 3 -1 10 0 2 -1 1 -1 10 1 3 1 
3 0 5 0 8 1 11 0 9 1 4 0 0 0 9 1 10 0 4 1 10 1 5 0 14 0 6 1 3 1 
2 -1 13 0 7 0 3 1 14 0 7 0 9 0 11 -1 14 0 0 1 12 0 2 -1 4 1 13 0 1 -1 
7 0 9 0 9 1 8 1 12 1 8 1 13 0 4 0 6 0 2 1 5 0 2 0 12 0 11 1 8 0 
2 1 13 -1 7 -1 7 1 9 -1 5 0 3 0 4 0 5 0 14 -1 6 -1 8 -1 1 1 3 1 10 -1 
7 0 10 0 14 0 3 1 14 0 2 0 7 0 7 1 3 0 8 1 2 0 5 1 7 1 5 1 11 0 
0 -1 2 1 5 1 9 -1 9 1 6 -1 13 1 11 -1 8 1 13 -1 4 1 7 -1 14 1 9 -1 11 -1 
Language_56
15
0
0 1 3 5 7 8 9 10 13 
a b c d 
12 0 3 1 8 1 12 1 12 1 14 1 1 1 10 0 13 1 14 0 11 1 10 0 8 1 7 0 5 0 
6 0 5 1 1 1 13 1 9 -1 8 0 14 0 2 0 5 -1 1 -1 3 -1 5 1 10 0 1 0 1 1 
11 1 0 0 4 0 10 1 5 1 10 0 12 1 3 1 1 1 10 1 8 0 9 1 9 0 11 1 5 0 
8 -1 10 0 7 -1 14 -1 7 1 13 -1 14 0 14 0 11 -1 3 -1 9 -1 8 0 8 0 14 0 12 1 
13 0 7 0 5 1 10 1 0 0 2 0 5 1 13 1 4 1 0 1 3 0 1 0 4 1 8 1 3 0 
4 0 2 -1 3 0 13 0 2 -1 13 -1 8 0 13 1 13 0 11 1 11 -1 9 0 7 0 7 0 14 1 
4 0 6 1 11 0 3 1 2 1 7 0 14 0 8 1 11 0 6 0 11 0 0 1 3 0 1 1 2 1 
3 0 14 0 5 -1 1 1 11 0 6 -1 5 1 6 0 1 0 0 1 11 0 8 0 10 -1 5 0 8 -1 
Language_57
15
0
0 3 4 6 9 11 12 13 14 
a b c d 
13 0 8 1 1 1 8 1 2 1 14 1 6 0 1 0 12 0 5 1 11 1 4 0 9 1 0 1 10 0 
8 0 9 1 14 0 5 1 8 -1 12 1 13 0 12 1 7 0 8 0 12 -1 2 1 12 -1 3 1 1 1 
1 1 12 1 0 0 4 0 14 0 9 1 4 1 6 0 6 0 13 0 10 1 3 0 6 0 13 0 7 1 
12 1 9 -1 11 -1 11 0 5 0 3 1 2 0 11 1 14 1 9 -1 5 0 10 1 1 -1 8 0 3 -1 
10 1 11 0 9 1 14 0 1 1 13 1 12 0 0 0 0 0 8 1 9 1 11 0 1 0 12 1 7 0 
9 -1 8 0 3 0 4 -1 1 1 5 1 2 -1 7 1 3 0 13 1 11 1 0 0 3 -1 8 0 1 1 
9 1 13 0 0 0 2 1 2 0 1 0 7 1 2 0 12 0 0 1 8 0 14 1 6 0 6 0 9 1 
2 -1 11 0 12 0 14 -1 14 0 3 1 10 1 12 0 8 0 4 0 0 1 3 0 7 -1 9 -1 4 1 
Language_58
15
0
1 2 3 5 6 8 9 10 11 12 14 
a b c d 
10 0 2 0 2 0 5 0 4 0 1 0 12 1 9 1 4 0 12 1 8 0 10 0 1 0 12 1 6 0 
5 0 9 0 13 1 2 0 7 -1 5 0 14 -1 11 1 11 -1 6 1 14 0 4 0 7 -1 7 0 2 -1 
12 1 1 1 13 0 11 0 7 0 7 0 13 0 14 0 7 1 13 1 4 0 10 0 3 1 11 1 12 0 
13 0 0 -1 8 0 2 1 8 1 11 1 9 1 0 -1 5 -1 10 0 9 -1 1 0 4 -1 4 -1 4 1 
10 0 8 1 6 1 2 1 2 1 7 0 11 1 7 0 1 1 1 0 5 0 8 1 7 1 13 1 5 0 
10 0 2 1 0 -1 12 0 12 0 12 0 2 0 5 -1 13 0 8 0 8 1 3 1 7 0 6 1 14 1 
12 1 3 1 6 1 2 0 11 0 2 0 3 1 12 0 2 1 6 1 8 0 3 0 1 1 12 0 13 0 
12 -1 6 1 14 0 8 -1 6 0 11 1 4 1 10 0 13 1 14 1 14 -1 9 -1 14 -1 7 0 5 -1 
Language_59
15
0
0 1 2 3 4 7 10 
a b c d 
9 1 2 0 8 1 5 0 12 1 0 1 11 0 10 0 8 0 14 1 6 1 11 0 14 0 13 1 3 0 
0 -1 12 -1 11 0 10 -1 1 1 13 0 0 -1 14 -1 3 0 6 0 6 1 0 -1 7 -1 11 -1 0 0 
6 0 4 1 14 1 8 0 7 1 13 0 5 0 13 0 8 0 0 1 14 1 9 1 0 1 2 1 9 0 
2 1 10 1 7 1 5 -1 0 0 3 1 8 0 2 -1 2 0 3 0 4 1 14 -1 0 -1 12 0 14 0 
7 0 5 1 2 0 9 1 8 1 10 0 10 1 10 1 12 0 9 1 5 0 10 0 3 0 13 1 11 0 
13 -1 8 -1 9 -1 4 1 3 1 5 -1 3 -1 0 -1 2 0 7 1 2 1 10 1 12 -1 2 0 13 1 
6 1 14 0 8 1 12 0 5 0 1 0 9 0 2 0 10 0 2 0 8 1 6 0 9 0 10 0 10 1 
1 -1 6 0 4 1 10 0 11 0 0 -1 13 -1 13 -1 6 0 13 0 9 1 11 -1 10 0 4 -1 5 -1 
Language_60
15
0
0 1 5 7 8 9 11 13 
a b c d 
3 0 1 1 9 0 4 1 8 1 8 0 8 1 9 1 5 1 10 0 11 1 2 1 0 1 3 1 12 0 
2 1 14 -1 1 1 10 0 12 1 5 -1 7 -1 2 0 1 1 14 -1 9 -1 12 1 9 1 14 0 11 0 
10 0 2 1 9 0 7 0 5 0 1 0 13 1 12 1 2 1 4 1 10 1 11 0 13 0 14 0 2 1 
11 1 4 0 6 -1 2 0 7 -1 4 0 2 1 14 -1 2 -1 5 0 11 -1 5 1 0 1 11 0 3 1 
1 1 9 1 10 0 11 0 11 0 9 0 0 1 10 1 2 0 1 1 11 0 5 1 8 0 12 1 12 0 
6 1 2 -1 6 -1 13 -1 6 1 5 -1 10 0 11 -1 13 -1 11 1 13 -1 5 -1 7 0 2 1 6 -1 
4 1 13 0 2 1 11 0 0 0 10 0 3 0 12 0 12 1 11 0 2 1 1 1 7 1 14 1 7 1 
10 1 0 0 8 0 12 -1 12 1 11 -1 4 0 5 -1 6 0 9 -1 2 1 11 0 5 0 14 -1 8 0 
Language_61
15
0
1 7 11 
a b c d 
14 0 8 1 10 1 12 0 0 1 11 1 0 1 0 1 7 0 2 1 8 1 10 1 4 0 5 1 2 1 
12 0 1 1 3 1 9 0 10 -1 0 1 2 1 13 1 7 -1 9 1 8 0 7 -1 6 0 4 1 13 -1 
14 1 13 1 12 0 6 0 2 1 6 1 11 1 4 1 12 1 6 0 14 0 5 1 12 1 8 0 4 1 
4 -1 6 0 13 -1 10 -1 11 1 8 1 12 1 5 0 8 1 12 0 10 1 14 1 1 1 4 0 4 0 
5 1 8 1 1 0 10 0 1 1 8 1 7 0 4 0 12 0 5 0 1 1 12 1 3 1 5 0 4 0 
4 1 14 0 1 1 9 1 12 0 4 0 14 -1 3 -1 10 1 8 0 0 0 5 -1 3 1 6 0 2 -1 
7 1 5 1 7 1 1 0 9 0 3 1 0 1 1 1 12 0 0 1 6 0 10 1 4 1 11 1 13 0 
14 -1 4 -1 6 -1 3 -1 3 0 10 0 8 1 9 -1 5 0 6 0 14 0 14 -1 5 1 9 -1 10 -1 
Language_62
15
0
1 3 4 8 10 11 14 
a b c d 
12 0 8 0 14 0 7 0 6 0 11 0 14 0 13 0 12 0 13 1 2 1 2 1 4 1 10 0 2 0 
11 0 14 -1 5 -1 9 1 1 0 2 1 10 1 7 -1 14 -1 13 -1 1 0 12 1 2 0 9 1 0 -1 
14 1 2 0 13 0 8 0 4 1 9 1 2 1 11 0 0 1 5 1 7 1 8 0 14 0 9 1 12 1 
14 -1 12 0 14 -1 6 0 3 1 3 -1 7 -1 4 0 0 0 11 -1 14 1 2 1 11 0 9 0 10 -1 
11 0 11 0 13 1 9 1 11 0 0 1 7 1 3 0 9 0 5 0 6 1 3 1 1 1 14 0 4 1 
5 -1 11 -1 11 1 14 0 1 -1 11 1 5 -1 12 0 8 1 10 0 1 1 13 0 8 -1 6 1 10 -1 
6 1 1 0 12 1 12 1 4 1 11 1 12 0 14 1 14 0 9 1 1 1 2 0 9 1 3 1 12 1 
2 0 1 -1 5 1 11 0 0 0 0 -1 11 0 14 -1 14 1 14 1 3 0 7 0 14 1 8 1 0 1 
Language_63
15
0
0 6 8 9 10 
a b c d 
10 1 10 1 3 1 12 1 4 1 0 0 9 0 7 1 11 1 13 1 3 0 11 0 0 0 13 1 4 0 
13 -1 9 -1 4 1 2 1 10 0 14 -1 13 1 12 -1 10 1 12 1 3 0 13 -1 4 -1 14 0 5 0 
12 0 10 0 10 0 0 1 3 0 10 1 12 0 3 1 8 0 6 1 8 1 8 1 0 0 12 1 4 0 
7 0 14 -1 7 0 5 -1 8 1 3 -1 14 0 8 0 5 1 12 0 8 0 0 -1 6 1 8 -1 13 1 
12 0 13 1 12 0 8 0 6 1 8 0 10 1 2 0 3 1 5 0 11 1 9 0 6 1 12 1 3 1 
12 1 9 1 4 -1 14 -1 14 0 6 1 13 -1 4 0 12 1 12 1 6 0 5 0 7 0 11 0 2 1 
1 1 4 0 4 0 1 1 6 1 5 0 1 0 11 1 3 0 10 0 8 1 5 0 11 0 0 1 12 1 
10 -1 14 1 4 1 12 1 13 0 0 -1 7 -1 4 -1 8 1 12 0 0 0 7 -1 0 -1 3 1 4 -1 
Language_64
15
0
0 2 3 4 5 6 7 10 11 14 
a b c d 
13 1 5 1 13 0 14 1 6 1 8 1 10 1 10 0 9 1 9 0 10 0 10 1 11 0 5 0 9 0 
5 -1 6 1 2 -1 5 1 3 1 9 0 4 -1 8 1 7 1 4 0 5 1 5 -1 7 0 2 1 5 1 
3 1 0 1 14 0 1 0 12 1 11 1 12 1 0 0 8 1 13 0 7 1 14 0 12 0 11 0 10 1 
11 -1 14 1 8 -1 14 -1 0 1 10 1 0 0 9 0 4 0 4 0 4 -1 4 0 1 1 12 1 1 0 
8 0 0 0 11 0 12 1 2 0 10 1 9 0 13 1 6 0 14 1 4 0 12 1 12 0 4 0 14 0 
12 1 12 1 11 -1 2 0 11 0 9 1 2 1 11 0 3 1 1 1 9 0 4 -1 6 1 6 -1 8 1 
10 1 4 1 7 0 8 1 13 1 12 1 9 0 10 0 2 1 1 1 0 0 1 0 11 1 13 1 0 1 
9 0 13 1 12 1 10 1 13 -1 9 1 10 0 8 0 1 -1 4 0 0 1 10 0 7 0 14 -1 5 0 
Language_65
15
0
3 5 7 
a b c d 
5 0 4 1 5 1 8 1 5 0 1 0 6 0 7 0 14 0 10 1 9 0 10 1 10 1 9 0 9 0 
5 -1 1 0 1 -1 12 0 1 -1 10 0 8 -1 2 -1 0 1 4 -1 3 1 5 1 5 0 13 0 13 -1 
7 1 14 0 5 0 5 1 11 0 11 0 9 1 2 1 2 0 8 0 7 0 5 1 12 1 3 1 10 1 
7 -1 5 -1 2 1 4 1 10 0 5 1 12 -1 9 -1 11 0 6 1 1 1 14 0 6 0 7 0 1 0 
14 0 7 0 1 1 8 1 1 0 8 0 9 0 14 0 13 1 12 1 2 1 13 1 9 0 6 0 12 0 
12 0 12 1 14 -1 7 0 11 1 4 -1 6 -1 8 0 3 -1 9 1 5 1 1 1 0 0 14 0 12 1 
6 1 11 0 7 0 3 0 0 1 7 1 2 1 6 0 9 0 14 0 9 0 11 0 11 1 14 0 9 0 
14 -1 1 -1 11 0 11 -1 7 0 6 -1 14 0 2 -1 0 -1 12 1 2 1 7 1 14 0 8 -1 5 1 
Language_66
15
0
1 2 3 5 9 14 
a b c d 
11 1 9 1 1 1 11 1 11 1 13 1 11 1 10 0 1 1 6 1 4 0 9 1 2 0 11 0 0 0 
0 1 13 1 3 0 1 0 0 -1 0 0 4 1 10 0 2 -1 2 1 13 1 9 0 9 -1 8 1 9 -1 
12 1 5 0 11 1 3 1 3 1 2 0 4 1 6 0 14 0 5 0 14 0 9 1 4 0 2 0 5 1 
10 -1 0 1 14 1 3 1 5 1 10 1 10 1 0 -1 14 1 1 -1 5 -1 9 0 6 1 10 0 7 -1 
10 1 7 0 11 1 4 0 1 0 11 1 7 1 9 1 13 0 3 1 0 1 13 1 12 1 0 0 11 0 
1 0 0 0 12 -1 6 1 8 0 1 1 1 0 10 1 4 1 5 -1 1 1 9 1 7 0 7 1 7 0 
12 0 9 1 13 0 5 1 3 0 6 1 13 0 2 0 1 0 7 0 12 1 5 1 1 1 9 0 6 1 
7 -1 2 1 3 0 14 1 6 1 11 1 11 1 11 1 5 0 11 -1 5 -1 2 -1 1 1 14 0 7 -1 
Language_67
15
0
1 2 5 6 10 11 
a b c d 
6 1 3 1 0 0 9 0 1 1 0 0 13 0 12 1 14 1 6 1 4 0 11 1 11 1 2 0 0 1 
6 1 11 0 14 1 9 0 5 0 6 -1 9 -1 14 -1 12 0 5 -1 3 0 1 -1 9 1 11 1 13 -1 
10 1 11 0 6 0 5 1 10 0 8 1 0 0 12 1 5 1 9 0 10 0 13 0 2 1 14 0 13 1 
14 0 4 -1 9 -1 2 0 12 -1 12 1 7 0 9 1 6 1 9 -1 6 1 11 -1 3 0 2 0 3 -1 
7 0 12 1 11 0 4 1 4 1 4 0 5 1 6 1 5 0 1 1 7 0 11 1 9 1 1 0 12 0 
6 1 14 1 5 0 5 -1 10 0 5 0 5 0 11 0 13 -1 7 1 6 -1 10 -1 2 1 6 -1 12 1 
9 1 13 0 2 1 2 0 8 0 8 1 0 0 12 1 11 0 6 1 4 0 1 0 0 1 6 0 12 0 
11 -1 13 -1 1 -1 8 0 7 -1 14 0 2 -1 7 1 8 -1 5 -1 5 1 6 -1 11 -1 9 0 6 -1 
Language_68
15
0
0 4 5 6 7 8 9 11 12 
a b c d 
1 0 1 1 4 1 12 1 10 1 6 1 0 1 6 1 13 1 0 0 12 1 7 0 6 1 6 1 4 0 
4 -1 8 -1 4 -1 7 1 14 1 4 1 8 -1 0 -1 0 0 14 1 6 -1 12 0 5 0 14 0 8 -1 
4 0 0 0 11 1 2 1 1 0 11 1 0 0 12 0 8 0 0 1 5 0 14 0 4 0 4 1 6 0 
10 1 0 0 0 -1 8 1 1 1 6 1 12 0 2 0 2 0 3 1 5 1 10 -1 6 -1 0 -1 11 1 
7 1 11 1 13 1 0 0 11 0 7 1 2 1 0 1 14 1 8 0 13 1 0 0 3 0 0 1 0 0 
5 0 5 -1 3 -1 2 0 10 0 14 0 7 -1 6 1 4 0 7 -1 0 0 6 1 5 -1 8 0 4 -1 
8 1 1 1 12 0 14 1 12 0 2 0 7 0 1 1 9 1 9 0 7 0 10 0 8 1 3 1 13 0 
0 1 11 -1 12 1 13 1 0 1 2 0 13 1 3 0 12 1 1 -1 1 0 7 0 5 -1 3 0 4 0 
Language_69
15
0
2 3 8 11 13 
a b c d 
10 1 14 1 2 1 5 1 1 0 3 0 11 0 0 1 12 1 13 0 1 1 3 0 10 0 11 1 13 0 
4 1 1 -1 7 0 0 -1 11 1 2 1 10 0 2 -1 2 1 1 0 10 1 2 0 9 1 13 1 4 -1 
5 0 12 0 4 0 8 1 12 1 12 1 13 0 11 0 14 0 7 0 9 1 4 1 0 0 6 0 10 1 
14 0 3 -1 3 -1 4 -1 5 0 11 1 8 -1 8 -1 5 1 11 -1 0 1 4 -1 13 1 9 0 13 -1 
2 0 5 1 4 0 3 0 13 1 12 0 13 1 12 1 6 1 6 1 4 1 3 1 5 1 0 0 0 0 
2 1 6 -1 9 1 2 0 14 1 12 1 0 1 14 1 1 -1 13 0 10 -1 13 -1 14 1 10 -1 3 -1 
14 1 7 1 12 0 2 1 2 0 11 0 7 1 8 1 8 0 11 0 9 0 0 0 1 0 7 0 5 1 
3 1 14 -1 10 1 14 -1 4 1 7 0 2 -1 11 -1 7 0 3 1 5 1 14 1 2 -1 14 0 3 0 
Language_70
15
0
0 1 2 4 5 6 7 9 12 14 
a b c d 
6 1 2 1 5 1 8 0 14 0 0 1 9 0 7 0 8 1 11 0 3 0 5 1 10 0 5 1 12 1 
11 0 12 -1 5 1 1 1 12 1 14 -1 4 1 13 0 13 1 1 1 0 0 6 0 0 -1 11 -1 4 -1 
8 1 10 0 7 1 9 0 0 0 11 1 9 1 2 0 5 1 9 1 0 1 10 1 4 1 10 1 5 0 
7 1 14 1 6 1 9 -1 1 1 6 1 4 0 7 1 9 0 2 1 10 -1 4 -1 9 0 10 -1 9 -1 
0 1 2 1 1 1 14 1 11 0 0 1 13 0 14 1 8 0 7 1 1 1 4 1 3 0 1 1 2 0 
2 1 12 0 1 -1 4 1 14 1 11 -1 0 0 12 -1 4 1 2 1 13 1 3 -1 8 -1 8 0 8 1 
5 0 1 1 8 1 5 0 6 1 0 0 6 0 3 0 4 0 8 1 14 0 7 0 2 1 7 0 6 0 
11 1 12 1 0 1 11 0 14 -1 3 0 1 -1 5 0 4 1 7 1 7 1 3 -1 10 1 2 1 0 -1 
Language_71
15
0
1 4 5 6 8 11 12 13 14 
a b c d 
11 0 9 1 6 0 12 0 4 1 9 1 12 0 8 0 7 0 3 1 4 0 0 1 9 0 4 0 11 0 
12 -1 7 -1 4 0 8 0 12 1 10 -1 6 1 7 1 13 0 3 -1 10 1 3 0 10 1 7 1 0 0 
8 0 4 1 6 0 7 1 0 0 7 0 4 1 11 0 4 1 9 1 3 1 5 1 10 0 5 1 11 1 
8 1 0 0 10 1 12 -1 7 1 5 -1 8 1 0 0 13 0 0 0 4 1 4 1 11 1 13 1 4 1 
14 1 14 0 13 0 0 0 5 0 12 0 6 0 4 1 0 0 9 1 1 0 5 1 3 1 12 1 2 0 
2 1 13 1 9 -1 8 -1 2 1 9 -1 6 -1 14 0 6 0 4 0 4 -1 13 0 8 1 14 1 8 1 
3 1 11 0 9 0 5 0 14 0 3 1 14 0 8 1 12 0 9 0 14 0 14 1 8 0 11 0 5 0 
4 0 0 0 4 0 7 0 2 -1 1 0 3 -1 0 -1 8 0 1 0 7 0 11 0 0 1 1 0 14 1 
Language_72
15
0
1 3 6 7 9 10 11 12 14 
a b c d 
11 1 0 0 4 0 1 1 12 1 12 0 0 0 1 0 7 0 14 1 12 1 0 1 11 1 10 1 6 0 
4 -1 2 0 2 0 11 1 4 -1 5 1 7 -1 9 1 0 0 9 0 12 -1 2 1 3 1 1 1 0 -1 
0 0 12 1 5 1 3 1 11 0 7 0 1 1 1 1 14 0 8 0 7 1 14 1 11 0 1 0 5 1 
12 1 14 1 8 0 11 0 6 -1 14 1 2 -1 4 1 1 1 6 -1 13 1 0 0 1 -1 12 0 6 0 
2 0 3 1 5 0 2 0 6 0 3 0 0 0 12 1 5 0 14 1 14 0 6 1 5 1 9 0 13 0 
4 0 4 -1 14 1 9 0 13 1 10 0 14 1 11 1 10 1 4 0 4 1 10 -1 12 1 13 0 10 1 
5 0 11 1 9 1 7 1 3 1 1 1 9 1 10 0 10 0 5 1 5 0 8 1 3 0 0 1 0 0 
5 0 8 1 8 0 11 0 11 0 8 1 9 -1 3 1 6 1 13 -1 3 1 1 0 13 1 13 1 9 1 
Language_73
15
0
2 3 6 11 14 
a b c d 
6 1 11 0 9 1 3 0 14 1 3 0 5 1 0 0 3 1 11 0 8 0 0 0 13 0 7 1 4 1 
2 0 7 1 9 -1 1 0 10 -1 0 0 0 0 4 0 11 1 8 1 7 0 8 1 3 1 4 1 14 -1 
6 0 5 1 2 1 4 0 1 1 1 0 4 1 14 0 0 1 3 0 2 0 4 0 4 1 4 0 12 1 
2 -1 11 -1 6 1 7 -1 10 -1 3 -1 1 1 0 -1 4 0 7 0 12 0 4 1 9 -1 9 1 9 0 
7 1 8 0 5 1 12 1 5 0 11 0 12 0 10 0 13 0 0 0 8 1 6 0 11 1 13 0 10 1 
11 0 11 0 8 1 6 -1 11 0 1 1 9 0 4 0 5 1 8 0 5 1 11 0 13 1 2 -1 11 -1 
1 0 5 1 12 0 1 1 9 1 7 1 14 0 3 0 0 0 6 1 8 1 14 1 2 0 14 1 0 0 
1 -1 14 1 6 -1 2 1 11 1 3 -1 7 0 5 0 8 -1 4 1 0 0 9 -1 6 -1 2 0 8 1 
Language_74
15
0
0 2 3 5 6 8 9 
a b c d 
5 1 4 0 8 0 3 0 13 0 14 0 5 0 10 1 7 1 7 0 7 1 9 0 6 1 9 1 2 0 
13 1 13 1 5 -1 4 -1 13 -1 1 -1 7 0 7 1 2 0 11 -1 1 1 10 -1 5 -1 6 0 9 1 
7 0 9 1 10 0 4 0 4 0 0 0 1 1 11 1 6 0 1 1 6 0 4 1 10 0 8 1 10 1 
10 -1 1 0 1 0 6 0 13 -1 8 0 5 1 14 -1 14 -1 6 -1 5 -1 3 0 13 0 3 -1 1 0 
6 0 7 1 1 0 7 1 1 0 11 1 1 0 10 1 13 1 0 1 1 1 11 1 0 1 11 0 4 1 
3 1 5 1 12 0 10 -1 10 0 3 -1 2 -1 9 1 12 -1 5 0 14 0 2 0 8 1 4 1 2 0 
13 0 4 1 5 1 8 1 6 0 8 1 6 0 0 0 4 0 5 1 2 0 2 0 6 0 10 1 7 1 
12 -1 13 -1 0 1 0 0 1 0 3 -1 4 1 8 0 13 1 11 1 0 1 11 0 3 1 1 1 14 -1 
Language_75
15
0
0 1 2 3 4 5 6 7 8 12 
a b c d 
8 0 0 1 7 0 5 1 8 0 1 0 9 1 12 0 12 1 5 1 6 1 8 0 1 1 5 1 13 1 
8 0 14 -1 7 -1 8 0 4 0 12 0 2 1 6 1 7 0 9 -1 7 1 3 1 14 0 1 1 2 1 
9 1 8 0 1 0 6 1 6 0 8 0 8 0 5 0 10 1 2 1 7 1 4 1 12 1 1 1 10 0 
14 0 12 0 8 -1 3 -1 10 -1 12 1 5 -1 8 0 10 1 13 -1 5 -1 10 1 9 0 13 1 14 0 
7 1 4 1 0 0 11 0 7 0 0 1 11 1 10 1 12 0 9 0 1 0 8 1 12 1 3 1 5 0 
7 -1 4 0 14 1 4 0 8 0 12 1 7 0 7 0 5 -1 0 1 11 1 2 -1 10 0 7 0 5 0 
13 1 1 1 9 0 13 1 5 1 8 0 12 1 6 1 4 0 3 1 13 0 13 1 6 0 5 0 5 0 
9 -1 2 0 13 -1 6 0 14 0 5 1 9 0 14 0 2 -1 10 0 12 1 0 -1 6 -1 8 1 10 0 
Language_76
15
0
3 4 9 10 11 12 13 
a b c d 
11 1 4 0 7 0 4 0 5 1 11 1 10 0 2 0 13 0 8 1 0 1 10 0 14 1 3 0 0 1 
2 -1 6 -1 2 1 8 -1 11 1 12 1 5 1 14 0 11 0 9 1 8 -1 5 1 13 -1 14 -1 1 0 
7 1 4 1 13 1 2 0 2 0 13 0 7 0 10 1 1 0 2 1 3 0 11 1 13 1 5 1 4 0 
12 0 8 0 2 1 3 0 6 0 4 -1 8 0 7 0 1 -1 5 0 9 0 1 -1 6 1 3 0 14 -1 
12 1 7 0 13 0 2 0 11 0 10 0 4 0 1 0 3 0 1 1 1 1 0 0 3 1 0 1 14 0 
12 -1 9 0 6 0 6 0 9 0 5 0 10 0 0 0 10 1 14 0 8 0 1 -1 14 0 14 0 4 0 
7 0 7 0 0 1 1 0 1 0 14 1 7 0 5 0 9 0 3 0 3 1 12 1 0 0 4 0 12 1 
2 -1 2 0 12 -1 8 -1 5 1 8 0 7 0 5 1 6 0 0 -1 12 -1 5 -1 8 -1 14 1 9 -1 
Language_77
15
0
0 4 6 7 8 9 12 13 14 
a b c d 
10 1 1 1 5 0 13 1 11 0 2 0 4 0 3 1 7 0 5 0 5 0 9 1 0 0 13 1 7 0 
4 -1 7 1 3 1 11 1 7 0 5 1 9 -1 12 0 5 0 14 0 11 0 5 1 0 0 2 0 7 1 
1 0 8 0 10 1 0 0 8 1 12 1 11 0 14 1 13 0 11 1 9 0 6 1 6 1 5 0 3 0 
5 0 6 0 4 1 13 1 2 -1 13 0 7 -1 6 0 3 0 5 -1 8 1 5 -1 13 0 13 -1 4 1 
2 1 5 0 9 0 13 0 3 0 1 0 14 1 2 1 9 1 1 1 12 0 11 1 1 1 7 0 12 1 
9 1 2 1 2 1 3 1 5 0 4 0 2 1 9 0 9 -1 0 -1 11 0 10 1 4 -1 12 -1 14 -1 
12 1 5 0 14 0 13 1 11 0 1 1 1 1 7 1 0 1 8 1 10 1 7 1 12 1 12 0 2 0 
8 1 12 1 2 0 13 1 12 1 3 0 3 0 4 -1 10 1 11 1 1 -1 10 -1 14 -1 2 0 3 -1 
Language_78
15
0
0 1 3 7 8 11 12 14 
a b c d 
12 1 9 1 3 1 1 0 10 1 9 1 4 1 14 1 4 0 8 1 9 1 0 1 1 0 6 0 8 0 
9 -1 12 0 0 0 1 -1 7 -1 12 0 1 0 0 -1 0 -1 11 0 12 0 1 -1 11 -1 3 -1 5 1 
1 0 11 1 6 1 7 1 5 1 12 0 4 1 0 0 11 0 6 1 8 0 5 0 3 0 2 0 9 0 
3 -1 0 1 8 1 7 0 1 -1 3 0 1 -1 11 -1 12 0 9 1 14 0 2 -1 1 -1 1 0 3 1 
13 0 13 0 9 1 9 0 3 1 8 0 6 1 14 1 6 1 10 0 2 0 2 1 1 1 0 1 14 1 
13 -1 3 -1 11 1 10 -1 14 1 14 0 9 1 6 1 3 0 12 -1 10 -1 10 0 1 0 10 1 9 -1 
10 0 3 1 4 0 14 1 9 0 7 1 2 1 12 0 0 1 8 1 1 1 1 0 2 1 3 0 7 0 
8 1 8 -1 3 1 7 0 6 -1 0 -1 8 0 8 0 7 -1 6 -1 3 1 3 0 2 0 1 1 6 1 
Language_79
15
0
1 3 5 6 7 11 13 
a b c d 
11 0 11 1 0 0 7 1 12 0 11 1 3 1 9 1 0 1 6 1 0 0 13 0 12 0 12 1 12 1 
9 1 1 1 6 1 10 0 10 1 0 0 0 -1 6 0 7 1 13 1 13 0 1 1 1 1 12 -1 0 -1 
10 1 11 0 11 1 13 0 6 1 7 1 13 1 7 1 3 1 14 0 14 0 12 1 12 0 13 1 7 1 
6 1 12 1 5 -1 12 -1 1 -1 3 -1 11 -1 0 0 6 0 1 1 14 0 14 1 14 -1 12 1 1 0 
9 1 6 1 2 0 3 0 0 0 10 1 0 1 8 0 8 1 4 0 12 0 0 0 14 1 9 1 0 0 
10 -1 9 0 7 0 8 -1 12 1 6 1 14 1 9 0 12 -1 7 1 8 1 14 -1 9 -1 14 0 1 -1 
10 1 7 0 8 1 13 1 10 1 2 1 1 1 1 0 3 0 9 0 6 0 1 0 1 1 5 0 4 0 
2 1 7 -1 14 0 4 0 5 0 0 -1 8 -1 12 0 7 1 4 0 10 -1 0 -1 9 1 4 1 10 -1 
Language_80
15
0
0 1 2 5 7 8 11 13 14 
a b c d 
9 1 1 1 12 0 8 1 10 0 7 0 5 0 12 1 1 1 6 0 0 0 7 0 1 0 11 0 10 1 
6 -1 5 -1 2 -1 11 1 6 -1 1 0 14 0 6 1 13 0 6 0 11 1 13 1 10 1 13 -1 10 -1 
9 1 3 1 1 1 10 1 11 0 6 0 1 1 2 0 0 0 11 0 5 1 2 0 10 0 4 1 3 0 
7 0 5 -1 6 1 2 -1 2 0 5 0 13 -1 9 1 0 0 14 1 2 1 7 -1 7 0 1 0 4 -1 
8 1 0 0 14 0 7 0 11 1 2 1 2 1 13 1 0 0 2 0 3 1 1 0 13 0 1 0 7 1 
2 -1 6 0 6 0 8 1 13 -1 0 0 7 -1 8 1 11 -1 4 1 9 -1 5 -1 3 0 14 -1 13 -1 
12 1 8 0 10 0 7 0 12 0 3 0 2 0 0 0 9 0 2 1 14 1 10 1 2 0 3 1 0 1 
4 1 6 1 8 -1 0 1 5 1 13 0 9 -1 12 1 9 1 8 0 9 1 10 -1 11 0 14 0 4 0 
Language_81
15
0
0 2 3 5 7 11 
a b c d 
11 0 4 1 9 1 10 1 9 1 2 1 12 0 8 1 14 1 9 0 3 1 5 0 3 0 3 1 6 0 
1 0 10 1 5 0 2 0 8 -1 3 0 1 -1 2 1 6 -1 2 1 1 1 4 0 14 0 13 0 12 -1 
10 1 1 0 7 1 1 0 7 0 4 0 6 0 12 0 2 0 14 1 11 0 10 0 13 0 5 0 7 1 
0 -1 8 1 4 -1 13 -1 0 0 9 -1 9 0 3 -1 3 0 14 0 0 -1 13 -1 11 -1 8 -1 0 0 
7 0 3 1 5 0 8 1 3 0 7 0 13 1 7 1 8 0 6 0 1 0 6 1 11 0 4 1 12 0 
1 0 1 0 0 0 9 1 7 -1 12 1 11 -1 0 0 9 1 6 1 5 0 3 1 9 -1 10 1 11 1 
2 0 11 1 7 1 12 1 10 1 9 1 12 0 9 0 2 1 2 1 8 0 8 0 2 0 13 0 2 1 
0 1 1 -1 5 -1 2 1 2 1 7 0 1 -1 7 1 7 -1 8 -1 4 0 8 0 6 -1 4 0 3 1 
Language_82
15
0
0 3 4 10 11 
a b c d 
12 1 8 0 7 0 5 1 4 1 10 1 14 0 3 0 9 1 1 0 0 0 11 1 14 1 7 1 12 0 
0 0 6 1 3 -1 0 1 4 1 1 -1 13 0 1 0 0 1 10 1 7 -1 13 0 7 0 11 1 1 0 
6 0 13 0 2 1 11 1 7 1 13 1 14 0 4 1 4 0 6 0 11 0 9 1 13 1 7 0 7 0 
13 -1 4 0 12 1 11 1 6 -1 8 1 11 0 6 1 7 0 10 1 7 1 13 1 2 0 9 0 4 1 
9 0 5 0 6 1 11 1 7 0 8 1 8 1 9 1 6 1 9 0 6 0 9 0 14 0 10 1 10 0 
8 -1 12 -1 14 0 4 -1 14 -1 7 1 14 0 6 -1 12 1 7 -1 4 0 6 -1 11 1 5 0 4 1 
9 1 2 0 5 1 9 1 13 0 7 0 2 1 9 1 0 0 13 1 14 0 2 0 14 1 9 0 3 0 
0 -1 3 -1 12 0 5 0 10 -1 4 -1 1 -1 12 1 13 -1 14 1 13 0 2 -1 12 1 8 -1 2 0 
Language_83
15
0
1 2 3 5 6 7 9 10 13 
a b c d 
4 1 2 1 4 1 13 1 3 0 2 0 13 0 1 0 6 0 5 0 4 1 1 1 1 1 11 1 11 0 
3 -1 0 0 5 0 6 1 3 1 12 -1 4 -1 14 0 14 0 7 -1 13 0 10 1 3 -1 0 -1 14 -1 
13 0 12 1 0 1 10 1 6 1 14 1 8 1 0 0 6 0 10 1 8 1 5 0 13 1 10 0 0 1 
2 -1 0 -1 4 -1 5 0 6 -1 8 1 9 0 8 1 3 -1 14 1 0 0 3 -1 9 -1 4 0 9 1 
2 0 14 1 0 0 7 0 7 0 2 1 5 0 1 0 9 1 6 1 4 1 12 0 1 0 7 0 1 0 
7 -1 12 -1 13 1 4 0 4 -1 5 -1 6 1 8 1 1 -1 8 1 2 1 1 0 6 -1 1 -1 9 0 
10 1 10 1 9 0 11 0 1 0 3 1 14 0 4 0 12 1 7 1 0 0 11 1 8 0 0 1 5 0 
13 -1 9 1 13 0 11 1 5 1 13 0 14 0 8 -1 4 0 8 -1 11 1 1 -1 9 1 10 0 10 1 
Language_84
15
0
0 1 2 3 11 12 14 
a b c d 
2 1 9 0 14 1 10 0 3 0 14 0 3 1 7 1 4 0 0 1 1 0 0 1 12 0 6 1 12 0 
11 1 14 1 11 1 3 -1 4 1 3 1 9 1 11 -1 8 -1 9 -1 11 1 6 -1 13 -1 8 1 6 0 
12 1 6 0 12 0 12 0 12 0 12 0 11 0 8 0 7 0 0 0 0 0 9 1 14 0 9 0 1 0 
1 1 9 -1 0 -1 3 1 5 1 14 0 1 1 5 -1 4 1 3 0 6 1 14 -1 1 0 12 -1 4 1 
8 1 11 0 5 0 12 1 5 0 0 1 8 1 8 0 12 0 9 1 13 1 3 0 2 1 9 1 13 1 
5 -1 12 1 10 -1 4 1 12 0 2 -1 5 0 11 0 9 0 8 1 14 1 11 0 4 1 3 0 14 0 
10 0 3 0 8 0 0 0 0 1 7 0 10 0 10 1 2 1 4 0 1 0 11 0 14 1 1 1 11 0 
1 -1 4 0 10 -1 10 0 3 -1 10 0 11 0 6 0 4 1 5 -1 12 -1 1 -1 8 0 12 0 3 -1 
Language_85
15
0
0 1 2 5 7 8 12 14 
a b c d 
12 0 6 1 9 0 5 0 2 0 4 0 8 1 9 1 0 0 4 1 8 0 10 0 9 0 0 1 4 0 
8 0 13 0 3 0 3 -1 7 0 13 1 1 -1 11 -1 1 0 14 1 2 0 12 0 10 1 3 -1 2 0 
1 1 0 1 8 0 9 0 12 1 6 1 14 0 8 0 10 1 6 0 2 1 6 1 0 1 11 0 12 0 
14 0 10 -1 8 1 14 1 7 -1 12 -1 10 0 6 1 7 1 11 1 1 0 11 1 9 -1 13 -1 8 0 
3 0 5 1 11 0 4 0 2 0 5 1 3 1 12 0 8 0 4 1 4 0 6 1 7 0 9 0 14 1 
4 1 11 -1 6 0 14 0 8 -1 5 -1 0 1 13 -1 11 0 5 0 3 0 13 0 0 -1 14 1 7 -1 
11 0 4 1 7 0 7 0 12 1 5 1 9 1 4 0 5 1 7 1 9 1 7 1 4 0 7 1 9 0 
3 1 7 0 12 0 9 -1 2 0 11 1 3 0 9 -1 8 0 5 -1 10 -1 6 -1 5 -1 7 0 13 1 
Language_86
15
0
5 9 11 12 
a b c d 
9 1 10 0 8 0 9 1 11 1 1 0 14 1 6 0 9 1 1 0 6 0 8 1 13 1 11 1 1 1 
3 0 0 0 9 -1 0 0 9 -1 6 0 6 -1 0 -1 2 1 1 0 0 1 10 1 12 1 7 -1 8 -1 
14 0 13 1 9 1 9 0 7 0 14 1 3 1 13 1 12 1 2 1 0 0 5 0 0 1 13 0 10 1 
8 0 9 1 13 0 0 -1 9 0 3 -1 4 0 7 1 12 0 14 1 8 1 5 0 4 -1 11 1 12 -1 
12 1 8 0 8 1 13 1 6 0 11 0 10 1 5 1 5 1 0 1 9 1 14 1 14 0 4 1 8 1 
10 0 1 -1 6 0 9 -1 5 -1 12 -1 6 1 1 1 14 0 12 -1 2 1 11 1 5 1 11 -1 13 0 
13 1 13 0 1 1 3 1 11 0 10 1 4 1 2 0 6 1 8 1 1 0 8 0 13 0 6 0 13 0 
5 -1 12 -1 4 0 0 -1 1 0 13 -1 6 0 2 0 9 -1 9 1 7 -1 13 0 8 -1 7 0 5 0 
Language_87
15
0
1 5 6 7 8 11 12 13 14 
a b c d 
2 0 10 0 14 0 11 1 10 0 9 1 0 1 8 1 8 1 10 1 4 1 13 1 13 0 2 1 13 1 
5 -1 10 1 8 1 12 1 10 1 0 -1 14 1 5 1 5 0 8 1 4 -1 7 -1 10 -1 5 1 14 -1 
10 0 1 0 14 1 13 1 3 1 4 1 5 0 10 1 9 1 14 0 6 1 2 1 12 0 8 1 11 1 
7 0 7 0 14 -1 3 1 3 -1 13 1 10 1 14 -1 1 -1 12 -1 3 0 9 1 5 1 0 1 2 -1 
3 1 11 1 6 0 1 1 1 1 5 0 5 0 10 1 14 0 11 0 5 1 1 0 9 1 0 0 14 0 
0 1 2 0 0 1 4 -1 13 0 3 -1 4 0 8 -1 9 0 5 1 10 1 10 -1 7 -1 5 0 7 -1 
5 0 3 0 14 0 8 0 8 0 8 1 9 1 0 1 9 0 11 0 14 1 5 1 6 1 12 0 4 0 
3 0 7 1 10 1 12 -1 6 1 10 -1 14 -1 6 -1 9 -1 13 1 12 1 3 -1 2 -1 0 -1 3 0 
Language_88
15
0
0 1 2 4 5 6 7 9 10 12 13 14 
a b c d 
3 1 14 0 14 1 5 1 1 0 4 1 12 0 13 1 0 1 13 1 11 0 8 0 10 0 1 0 2 1 
3 0 1 0 9 0 0 1 11 1 2 -1 10 -1 12 0 14 1 7 0 10 0 10 0 3 0 10 0 10 1 
12 0 4 1 11 1 4 0 10 0 12 1 1 1 5 0 1 1 12 0 4 1 13 0 6 1 13 1 5 1 
9 -1 8 -1 9 1 13 0 4 1 1 -1 11 -1 0 -1 9 -1 2 -1 1 1 7 0 5 0 11 -1 6 -1 
1 1 3 1 11 1 13 1 14 1 13 0 5 0 6 0 4 0 14 0 9 1 4 0 5 0 12 1 1 0 
1 1 6 0 10 0 10 1 4 -1 8 -1 14 0 14 -1 6 1 11 1 14 0 13 1 8 1 3 -1 13 0 
10 0 2 1 2 0 10 1 13 0 0 0 2 0 3 1 9 1 4 1 6 1 0 1 6 0 7 0 12 1 
3 1 3 0 9 0 2 -1 8 1 3 -1 10 0 11 -1 9 0 12 1 4 0 4 -1 12 0 5 -1 0 -1 
Language_89
15
0
0 3 4 6 8 9 11 12 13 
a b c d 
2 0 6 0 0 0 7 1 14 1 9 0 1 1 14 0 9 1 10 0 1 0 11 1 3 1 4 1 0 1 
11 1 1 1 6 1 14 -1 3 1 13 -1 3 0 10 0 7 0 2 -1 9 1 9 1 14 0 3 1 2 1 
6 1 7 0 14 0 7 1 12 1 1 1 9 1 5 1 4 0 1 0 7 1 6 1 2 1 4 1 8 1 
1 1 0 0 4 0 4 -1 3 1 9 0 12 1 6 0 5 -1 14 -1 10 1 1 -1 0 1 12 0 9 0 
8 1 9 1 9 1 5 1 5 0 11 0 3 0 0 1 14 0 7 0 2 0 2 0 6 1 8 0 3 1 
4 1 14 1 2 0 0 0 3 0 1 -1 9 0 14 0 5 0 3 1 7 1 0 0 8 0 9 0 3 1 
2 0 6 1 13 0 0 0 8 0 6 0 5 1 7 0 3 1 11 1 7 1 2 0 7 1 9 0 8 0 
8 1 13 1 14 0 14 1 1 1 2 1 1 -1 6 1 2 1 6 0 4 0 12 1 6 -1 8 1 1 1 
Language_90
15
0
0 1 2 3 4 5 8 11 13 14 
a b c d 
2 0 13 1 4 1 2 0 4 0 13 1 4 1 5 1 14 0 4 1 3 1 0 0 8 1 12 0 1 0 
11 0 13 0 14 -1 5 0 0 -1 8 0 7 -1 2 0 12 0 4 1 2 1 10 -1 6 -1 2 0 2 0 
9 1 5 0 3 0 14 0 2 1 11 0 13 1 3 0 4 0 14 0 13 1 11 0 12 1 2 1 10 1 
1 0 13 1 10 0 4 1 3 0 8 0 11 0 13 1 4 0 10 0 11 0 8 0 1 -1 13 -1 5 1 
0 1 0 1 10 1 9 0 11 1 6 1 13 1 5 0 11 1 0 0 14 0 7 1 13 0 14 0 13 0 
13 1 6 1 2 -1 9 0 10 1 5 0 4 1 13 0 10 -1 3 0 3 0 1 1 10 0 13 -1 14 -1 
12 0 5 0 1 1 2 1 1 1 10 1 13 1 1 0 13 1 10 0 1 1 12 1 2 1 12 0 4 0 
14 0 2 -1 10 -1 10 0 12 1 8 0 10 -1 11 0 14 0 3 1 11 -1 6 0 5 -1 0 1 14 0 
Language_91
15
0
0 2 4 5 9 12 13 14 
a b c d 
9 1 3 1 4 1 5 1 11 0 7 0 8 0 10 1 7 1 5 1 12 1 10 0 0 1 3 1 3 1 
14 -1 9 0 11 -1 14 0 9 1 9 0 12 1 1 1 5 -1 3 -1 10 1 9 0 1 0 3 1 10 1 
8 0 5 0 2 1 0 1 4 1 4 1 6 1 12 0 7 0 14 1 5 0 0 1 5 0 0 1 9 1 
2 0 12 0 12 1 0 1 3 1 14 1 7 -1 14 -1 2 0 8 1 7 0 9 1 8 0 0 0 12 1 
0 1 8 1 4 0 7 0 10 0 13 1 2 0 0 0 13 0 14 0 1 1 3 1 1 1 10 1 2 0 
8 -1 12 1 12 -1 6 0 12 1 6 0 8 -1 0 1 9 1 4 1 10 1 7 1 7 1 3 -1 4 1 
3 0 13 0 14 1 10 0 10 1 12 1 5 0 12 1 11 1 12 0 8 0 13 1 3 0 3 0 10 0 
9 -1 2 1 9 0 11 -1 3 -1 6 -1 1 -1 8 -1 14 1 6 -1 10 -1 2 1 11 1 11 -1 3 -1 
Language_92
15
0
1 2 3 5 6 7 8 12 13 14 
a b c d 
0 1 4 0 6 1 2 0 2 0 12 0 7 0 10 1 5 0 8 1 6 0 7 0 5 1 5 1 10 0 
14 1 0 1 2 -1 8 1 8 1 14 -1 10 -1 5 -1 10 -1 8 -1 8 0 7 -1 2 -1 0 -1 5 0 
5 1 8 1 12 0 11 1 13 1 4 0 14 0 10 1 7 1 9 0 4 0 12 1 0 0 1 1 6 0 
1 -1 9 1 10 -1 3 -1 6 0 0 -1 5 -1 4 0 3 1 12 -1 11 0 9 0 6 0 0 0 7 0 
12 0 8 0 4 0 7 1 2 1 8 0 14 1 3 0 6 0 9 0 13 0 6 1 9 1 14 0 11 1 
3 -1 1 0 3 1 12 -1 2 1 11 -1 12 -1 8 1 10 -1 14 0 9 -1 9 1 3 -1 3 1 9 -1 
0 0 3 0 5 0 14 1 1 0 12 0 7 0 14 1 3 1 5 1 1 0 6 1 2 1 12 1 6 0 
8 0 3 0 11 1 9 -1 10 -1 3 1 6 1 12 0 5 0 11 -1 11 1 14 0 2 0 0 -1 3 -1 
Language_93
15
0
1 2 6 7 
a b c d 
8 1 6 0 11 1 13 1 10 1 8 1 2 1 11 1 13 1 9 1 11 0 6 0 4 0 9 1 8 0 
14 1 11 -1 6 0 13 0 14 0 14 -1 4 -1 8 0 7 0 12 1 8 0 8 -1 14 -1 14 1 4 -1 
13 1 4 1 0 0 7 0 0 1 14 1 7 1 0 1 10 0 3 1 1 0 2 0 12 1 0 1 7 1 
4 0 3 0 4 0 8 1 8 0 5 0 5 -1 12 -1 11 0 0 1 6 -1 4 -1 7 -1 10 -1 1 -1 
6 1 9 0 11 0 7 1 5 1 5 0 1 0 3 1 5 1 10 1 12 1 6 1 13 0 14 1 11 1 
8 1 9 -1 7 0 2 1 7 1 5 -1 0 -1 5 -1 5 0 0 1 9 0 7 0 0 0 4 0 2 1 
9 0 11 0 4 0 5 0 4 0 10 1 6 1 11 0 11 0 4 1 1 0 5 1 6 0 0 0 2 0 
3 1 1 0 4 0 14 0 4 -1 12 -1 7 -1 1 1 12 0 9 0 13 0 14 0 4 -1 14 0 12 0 
Language_94
15
0
3 4 5 6 7 10 14 
a b c d 
10 1 8 1 11 0 1 1 12 1 4 0 1 0 14 0 6 1 13 0 10 1 8 1 12 0 4 1 12 0 
0 -1 2 -1 9 1 6 0 12 0 14 -1 5 0 5 -1 7 0 10 0 9 0 4 -1 10 0 0 1 9 -1 
13 0 2 0 8 0 5 0 10 0 4 1 9 0 7 0 4 0 3 0 3 1 11 1 2 0 3 1 13 1 
10 -1 10 -1 1 0 6 1 12 1 1 1 4 0 7 -1 11 -1 2 1 8 -1 0 1 10 1 14 0 4 -1 
3 1 9 0 4 1 2 0 11 1 2 1 6 0 1 0 9 0 10 0 4 0 4 1 11 1 8 0 7 0 
5 1 3 -1 1 0 5 1 3 1 8 1 13 0 8 1 8 0 13 0 8 1 13 1 14 1 10 1 10 -1 
2 0 1 0 8 0 9 1 14 0 2 0 5 1 9 1 6 0 5 0 4 1 1 1 2 1 11 0 2 0 
9 -1 8 0 0 1 0 1 2 1 6 1 6 0 2 -1 4 1 5 0 1 0 14 1 11 0 2 1 7 0 
Language_95
15
0
1 4 5 6 7 13 
a b c d 
6 1 8 1 8 0 6 1 3 1 2 1 3 0 13 0 14 1 7 0 13 1 14 1 7 0 2 1 0 0 
12 0 9 1 8 0 8 0 6 1 6 0 0 1 1 1 2 1 14 -1 6 -1 1 -1 7 0 13 0 8 1 
12 0 9 1 11 1 10 0 9 0 4 0 9 1 14 1 4 1 11 0 13 1 7 1 2 1 13 1 3 1 
2 0 11 -1 9 0 6 0 14 1 5 0 9 0 6 -1 3 -1 4 0 11 -1 13 -1 12 1 11 1 13 -1 
0 0 11 0 8 0 6 0 13 0 9 0 0 0 11 0 9 0 8 0 13 1 11 1 3 1 0 1 13 0 
3 1 9 -1 10 -1 12 1 7 1 7 0 13 -1 9 0 3 -1 10 1 0 0 12 -1 8 1 2 0 13 0 
5 0 9 0 12 1 9 0 6 1 14 1 2 1 14 1 12 1 4 0 14 1 10 0 3 1 12 1 14 0 
2 0 4 -1 4 0 8 -1 11 1 8 1 7 1 8 -1 2 -1 4 -1 8 -1 3 -1 13 -1 4 0 0 0 
Language_96
15
0
12 13 
a b c d 
3 0 13 1 0 0 2 0 2 1 8 1 10 0 12 1 8 0 7 0 14 1 12 0 0 1 10 0 3 0 
9 1 6 0 6 1 5 1 8 -1 4 -1 10 0 9 -1 8 0 12 -1 8 1 5 1 13 0 8 0 6 -1 
8 1 0 0 2 1 2 1 1 1 4 1 11 0 9 1 14 1 5 0 2 1 4 1 14 1 7 1 3 1 
7 1 5 0 9 1 10 1 2 0 12 1 3 1 11 0 12 0 4 0 0 -1 9 1 2 0 6 -1 4 1 
0 1 4 0 5 0 8 1 10 1 3 1 9 0 1 1 8 1 4 0 6 1 0 0 3 0 14 0 10 0 
14 0 8 0 2 -1 4 1 9 0 5 -1 0 0 6 1 4 1 7 0 7 -1 6 0 4 0 14 -1 9 -1 
4 0 4 0 3 0 4 0 0 1 11 0 7 1 4 1 12 0 10 0 1 0 9 0 2 1 10 1 12 1 
8 -1 9 0 3 0 7 0 0 -1 10 0 3 1 12 -1 2 0 3 0 11 1 6 1 4 -1 6 1 7 -1 
Language_97
15
0
0 1 3 4 6 8 11 13 14 
a b c d 
2 1 11 1 7 0 12 1 2 0 6 1 12 1 10 1 0 1 10 0 11 0 1 0 1 1 3 0 0 1 
4 1 8 1 2 1 11 -1 0 1 1 -1 10 1 3 0 3 1 8 -1 5 0 11 1 1 0 6 1 9 0 
0 1 2 1 1 0 2 1 10 0 4 1 3 0 4 0 9 1 0 1 8 0 12 1 9 1 7 1 8 1 
12 0 2 0 8 1 14 -1 6 0 0 1 7 0 11 0 13 1 10 -1 3 -1 14 0 3 1 4 1 5 0 
6 1 5 1 14 1 11 1 9 1 8 1 11 1 10 1 4 0 8 0 11 1 5 1 0 0 1 0 2 1 
13 -1 9 0 0 0 1 0 13 -1 3 0 10 1 12 1 1 0 6 1 14 0 12 0 8 -1 5 1 3 -1 
3 0 12 1 3 0 5 0 5 1 8 1 14 1 6 1 7 1 3 0 14 0 2 0 3 0 11 1 9 0 
0 1 7 0 11 -1 8 0 9 -1 11 0 11 0 14 1 12 -1 14 0 9 1 8 1 6 -1 4 -1 12 0 
Language_98
15
0
0 9 12 13 14 
a b c d 
10 0 1 1 8 1 14 0 2 1 10 1 2 1 5 0 2 0 9 0 10 1 4 0 9 1 2 1 0 0 
12 1 0 -1 0 -1 2 -1 4 -1 14 0 5 0 12 0 5 1 3 0 0 0 8 1 2 0 4 0 1 -1 
12 0 5 1 4 0 3 1 12 1 0 0 4 0 13 1 3 1 14 1 8 0 11 0 13 0 12 1 5 0 
0 0 0 0 0 -1 0 -1 11 1 11 -1 12 -1 13 -1 6 -1 2 -1 6 1 13 1 8 1 14 1 1 0 
9 0 12 1 9 0 0 0 6 0 0 0 2 0 0 0 1 1 1 0 13 1 4 0 13 1 7 0 7 1 
2 1 1 0 4 0 1 -1 10 0 4 1 10 -1 6 1 9 -1 5 0 0 0 6 0 7 1 2 1 7 -1 
13 0 9 0 12 1 10 0 12 0 12 1 13 0 11 1 4 1 6 0 8 0 5 1 1 0 4 1 8 0 
6 0 3 -1 6 0 1 1 5 -1 11 0 5 0 6 0 1 0 7 1 2 -1 13 1 6 1 0 -1 2 -1 
Language_99
15
0
1 2 7 8 9 10 11 13 
a b c d 
0 0 8 1 11 1 13 0 9 0 13 1 8 1 4 1 8 1 13 0 12 0 9 0 13 1 12 1 5 0 
1 -1 9 0 1 1 7 1 4 0 4 -1 12 1 10 0 1 1 1 0 11 -1 2 1 11 -1 10 1 13 -1 
6 0 6 0 1 1 2 1 0 0 5 1 0 0 4 1 2 0 12 1 1 0 0 0 13 1 7 0 14 1 
12 0 9 0 2 0 4 1 6 0 3 1 0 -1 11 0 4 -1 9 1 13 0 6 1 2 1 0 0 8 0 
3 0 0 1 14 1 12 0 10 1 13 1 10 0 11 0 13 1 2 1 8 0 7 1 5 1 12 1 11 0 
5 0 3 1 7 -1 3 -1 6 -1 6 -1 13 1 8 1 7 1 14 -1 11 -1 11 1 9 0 1 1 12 0 
11 1 4 0 12 1 1 0 12 1 8 1 14 1 12 0 9 0 14 1 2 1 14 1 5 0 11 0 4 0 
3 -1 4 1 1 0 2 -1 6 0 7 -1 11 1 9 1 8 0 0 1 0 0 5 1 14 1 0 0 9 -1 
