100
Language_0
12
0
0 2 3 4 5 9 11 
a b c d e 
9 1 0 0 1 0 9 1 8 1 7 0 10 1 6 0 11 0 3 1 8 1 8 1 
2 0 10 0 2 0 10 0 8 -1 6 0 9 -1 5 0 6 0 11 1 4 -1 1 -1 
6 1 8 0 8 1 9 1 4 1 10 1 6 0 2 0 8 1 9 1 5 0 7 1 
1 1 0 0 9 -1 0 0 4 0 2 1 4 0 8 -1 4 -1 0 1 3 -1 2 -1 
7 0 5 1 2 1 10 1 11 1 5 0 7 0 10 0 3 0 11 1 1 1 7 0 
10 1 2 1 8 0 5 0 4 1 10 1 1 0 10 1 9 -1 3 0 7 -1 1 -1 
6 1 3 0 4 1 5 1 0 1 2 0 2 0 6 0 6 0 1 1 1 1 9 0 
1 1 0 0 7 0 5 0 11 -1 3 -1 7 -1 1 0 4 0 8 0 1 0 1 1 
10 0 11 0 8 0 1 0 2 1 0 1 2 1 3 0 7 1 0 0 11 0 1 1 
5 1 6 0 2 1 5 -1 11 0 10 -1 0 0 8 0 8 1 4 1 0 0 5 1 
Language_1
12
0
2 4 5 10 
a b c d e 
0 1 9 1 5 0 0 1 6 1 1 1 7 0 5 0 9 0 7 0 11 0 7 0 
1 0 11 1 10 -1 2 -1 6 0 5 0 3 0 5 1 2 0 3 0 7 1 10 0 
1 0 7 1 0 0 11 0 11 0 8 1 8 1 11 0 2 0 7 0 10 1 1 0 
8 1 3 1 6 -1 1 1 11 -1 10 1 3 1 10 0 3 -1 9 -1 6 0 6 -1 
1 0 3 1 7 0 6 1 2 1 4 0 7 0 5 1 4 0 0 0 2 0 1 1 
4 -1 4 0 8 0 1 1 7 -1 4 0 4 -1 2 -1 11 -1 3 1 2 -1 7 1 
3 0 6 0 2 0 1 0 4 0 6 0 6 0 11 1 2 1 11 1 0 1 10 1 
2 1 2 1 6 0 1 1 5 1 1 1 0 1 3 1 2 -1 2 0 4 -1 10 0 
1 1 1 0 1 1 2 0 3 1 1 0 7 0 0 0 3 0 6 1 4 0 3 0 
6 0 7 -1 6 1 6 -1 11 -1 4 1 10 0 3 1 10 -1 7 0 6 1 0 1 
Language_2
12
0
0 1 2 4 5 7 8 9 10 11 
a b c d e 
4 0 5 0 4 0 0 1 3 1 3 0 11 1 1 0 6 0 0 1 9 1 4 0 
10 1 4 -1 3 -1 1 1 1 1 6 -1 0 0 4 1 10 -1 5 -1 7 0 0 1 
0 0 3 0 1 0 5 1 6 0 11 0 0 1 1 0 0 1 2 1 11 0 10 0 
4 0 7 1 4 -1 8 0 10 -1 6 -1 9 0 11 1 11 0 9 1 5 0 6 -1 
9 0 2 1 6 0 8 0 7 0 0 1 1 0 4 0 6 0 1 0 11 0 11 0 
1 1 6 0 0 -1 7 0 11 1 6 0 2 -1 2 -1 2 1 5 0 9 0 3 1 
5 1 9 1 10 0 11 0 6 0 1 1 7 0 0 0 5 1 9 1 11 0 1 0 
4 -1 10 -1 2 -1 5 1 8 1 1 -1 8 -1 1 0 4 0 5 0 1 -1 9 0 
5 0 9 1 7 1 9 1 9 0 11 1 5 1 9 0 1 0 11 0 10 1 3 0 
7 0 6 0 5 -1 9 -1 0 -1 2 1 5 -1 3 1 5 -1 11 -1 2 -1 7 -1 
Language_3
12
0
2 3 5 6 8 
a b c d e 
0 1 4 0 1 1 11 1 0 1 8 0 2 0 5 1 3 1 7 0 10 1 11 1 
3 -1 3 1 8 -1 5 1 9 1 1 -1 11 1 2 1 5 -1 2 0 0 -1 4 0 
5 1 11 1 6 1 9 0 5 1 3 0 4 1 4 0 5 0 6 1 4 0 4 1 
1 -1 1 -1 6 1 8 -1 3 1 6 1 11 0 8 -1 3 1 10 0 9 0 1 1 
11 0 6 1 0 1 7 0 5 1 0 0 2 0 8 1 8 0 4 1 10 0 4 0 
7 1 1 1 0 0 4 -1 6 0 1 0 0 0 5 0 6 1 0 -1 6 0 8 -1 
5 0 9 0 4 0 0 1 9 0 11 1 11 0 11 0 6 1 10 0 7 1 10 0 
4 1 11 1 0 -1 10 1 8 -1 8 1 11 0 3 0 6 -1 3 -1 0 1 4 -1 
8 1 2 1 4 0 4 1 11 1 0 0 11 1 7 0 10 0 6 1 5 1 1 0 
8 0 9 -1 6 -1 10 -1 2 0 2 0 11 -1 9 0 9 1 1 0 3 1 9 0 
Language_4
12
0
0 3 4 6 7 9 11 
a b c d e 
0 0 0 0 6 1 11 1 11 1 4 0 0 1 10 0 5 0 0 1 7 0 8 0 
1 -1 0 1 0 1 0 1 10 1 5 1 8 -1 3 0 8 0 1 0 2 0 1 0 
8 0 11 1 3 1 7 1 9 0 6 0 0 1 4 1 9 0 3 1 8 0 6 1 
1 -1 7 1 4 1 8 0 11 1 8 -1 5 0 4 1 5 1 8 1 1 0 10 1 
2 1 0 0 6 0 9 1 0 0 3 1 1 0 4 1 8 0 4 0 8 1 4 0 
7 0 6 -1 7 0 9 0 4 1 3 -1 4 1 11 -1 2 0 2 -1 3 1 4 1 
10 1 10 1 9 1 2 1 8 0 9 1 9 1 6 1 2 0 8 1 0 1 8 1 
0 0 1 0 8 -1 7 -1 5 -1 3 -1 1 0 6 1 0 1 8 0 9 0 10 1 
0 1 4 0 3 1 9 1 3 1 11 1 3 0 11 0 0 0 6 0 3 0 9 1 
10 0 10 -1 4 1 4 0 8 -1 1 0 4 0 1 -1 1 -1 4 0 0 0 1 1 
Language_5
12
0
3 7 8 11 
a b c d e 
6 0 10 0 5 1 11 0 5 1 1 0 10 0 10 0 7 0 6 0 9 1 11 0 
3 -1 1 0 10 0 0 -1 7 1 9 0 3 1 2 1 5 0 8 1 9 -1 10 0 
9 1 5 0 5 1 6 1 2 0 2 1 2 1 11 0 4 1 7 0 2 1 8 0 
11 1 0 1 7 0 10 -1 11 1 11 -1 0 0 4 1 7 1 11 -1 11 -1 7 1 
7 0 6 1 3 1 11 0 5 0 4 0 2 0 5 1 11 0 1 1 11 0 0 1 
6 1 2 -1 0 0 7 0 0 1 9 0 10 0 2 0 11 -1 11 0 3 1 0 -1 
8 0 2 1 0 0 4 0 1 1 6 0 10 0 7 1 2 0 4 0 9 1 0 0 
5 0 0 -1 0 -1 4 0 7 -1 9 0 3 0 2 1 10 0 8 1 1 -1 2 -1 
6 1 6 1 3 0 2 0 6 1 6 1 1 1 0 0 6 0 6 1 6 1 2 0 
5 1 10 0 5 -1 4 -1 8 0 5 1 5 0 2 -1 10 0 2 1 4 0 10 0 
Language_6
12
0
7 8 9 11 
a b c d e 
0 1 0 0 9 1 3 0 1 1 10 1 9 0 3 1 6 1 4 1 8 1 8 0 
2 1 10 -1 0 0 6 -1 6 -1 10 -1 5 1 6 0 11 1 6 1 11 1 11 1 
0 1 3 0 6 1 5 0 10 0 4 0 0 0 9 0 4 1 2 0 11 1 2 1 
4 -1 4 1 10 -1 3 1 0 -1 8 0 7 0 6 0 5 -1 3 1 1 1 9 -1 
11 1 1 1 11 1 7 1 1 1 7 0 6 0 0 0 10 0 2 1 8 1 2 1 
1 0 1 1 10 0 11 -1 6 0 1 0 5 0 11 1 8 0 1 1 2 0 1 0 
4 0 11 0 7 1 0 1 2 1 3 1 5 0 6 1 9 1 5 0 3 1 11 1 
0 -1 9 1 6 1 9 1 8 -1 11 1 5 0 11 0 6 1 3 1 9 -1 11 1 
9 1 9 1 1 0 4 0 11 0 10 0 2 0 9 1 11 0 6 1 7 1 1 0 
8 -1 6 1 5 0 6 0 4 1 6 0 3 1 1 -1 5 0 8 1 5 1 8 1 
Language_7
12
0
4 5 6 7 10 11 
a b c d e 
6 0 10 0 7 0 6 0 9 1 4 1 9 0 9 0 9 0 7 0 2 1 1 0 
0 1 4 -1 2 1 4 0 11 1 10 1 3 1 1 1 5 0 4 -1 9 -1 5 1 
1 1 2 0 6 0 7 0 6 0 5 0 1 1 10 0 3 1 7 0 4 1 0 0 
10 0 5 0 11 1 9 1 9 -1 5 0 2 -1 8 1 0 1 11 -1 1 -1 9 1 
7 0 9 0 7 0 5 0 6 0 10 0 8 1 6 1 0 1 7 0 4 0 8 0 
9 -1 2 -1 2 1 1 1 6 1 4 -1 9 0 4 0 11 -1 7 0 9 1 9 0 
3 1 2 0 5 1 10 0 5 1 7 0 2 1 7 0 5 0 4 0 4 0 3 1 
11 0 10 0 0 -1 2 0 5 0 11 1 3 -1 11 1 2 0 1 0 0 1 4 1 
0 1 4 0 3 1 0 0 6 1 4 1 0 0 4 0 11 0 8 0 3 0 10 1 
10 0 6 0 3 -1 4 -1 2 0 0 0 5 1 8 -1 11 0 7 -1 4 0 6 -1 
Language_8
12
0
0 1 2 4 5 8 9 11 
a b c d e 
0 0 7 0 2 0 10 0 9 1 3 0 10 0 4 0 3 0 9 1 1 1 3 1 
2 -1 0 0 11 -1 7 1 11 -1 2 1 10 1 9 0 4 1 9 -1 3 1 1 0 
9 0 7 0 0 1 3 0 0 1 7 0 11 0 11 0 8 0 6 0 10 1 4 1 
7 -1 3 0 5 1 2 0 2 -1 1 0 1 0 5 -1 6 -1 3 -1 10 0 5 -1 
3 1 7 1 4 1 11 1 7 0 2 0 8 1 6 0 1 0 8 0 7 0 8 0 
2 1 4 -1 9 1 1 0 11 -1 3 1 2 0 3 -1 9 -1 6 1 3 0 2 0 
8 1 8 0 4 1 11 0 9 0 7 0 2 0 3 0 4 1 10 0 1 1 6 1 
7 -1 2 0 1 0 7 1 4 -1 3 1 3 1 1 0 4 -1 2 0 9 0 5 1 
6 0 4 1 7 1 5 1 0 1 10 0 0 1 11 0 11 0 11 1 4 0 4 0 
11 0 11 1 2 -1 1 0 8 1 3 1 8 0 8 -1 11 -1 8 1 5 1 0 1 
Language_9
12
0
1 2 5 7 8 11 
a b c d e 
3 1 10 1 3 1 8 1 7 0 6 0 10 1 6 1 1 0 3 0 11 0 7 0 
10 1 5 1 10 1 6 1 10 0 4 -1 4 -1 11 -1 8 0 0 0 5 1 10 1 
11 1 9 1 8 1 6 1 2 1 9 0 2 1 9 1 10 1 7 0 6 0 3 0 
10 -1 2 1 2 1 0 0 6 -1 3 -1 8 -1 4 1 11 1 11 1 1 1 8 -1 
8 0 7 1 5 1 0 1 8 0 4 0 8 1 3 1 10 1 5 1 6 0 2 1 
5 -1 3 0 0 1 4 0 8 0 5 -1 8 1 4 1 7 0 7 1 9 1 5 0 
10 1 5 1 1 1 1 0 8 0 3 1 9 0 8 0 8 1 9 0 3 0 4 1 
5 0 4 1 6 0 5 -1 11 1 11 -1 11 1 0 0 4 1 5 0 4 1 11 0 
1 1 10 1 10 0 0 1 3 1 2 1 8 0 7 0 4 1 9 1 10 1 9 0 
9 1 11 -1 2 -1 7 1 11 1 10 -1 1 -1 2 1 4 1 9 1 7 1 5 -1 
Language_10
12
0
0 3 4 6 9 10 11 
a b c d e 
10 0 0 1 11 1 10 0 10 0 6 0 0 1 0 0 10 0 0 0 6 0 2 0 
0 1 3 -1 5 -1 10 -1 6 0 9 1 2 -1 1 -1 1 0 4 1 8 -1 4 0 
7 1 0 0 0 0 6 0 1 0 11 1 5 1 6 1 8 0 8 0 2 1 11 1 
0 -1 2 0 9 1 7 1 4 1 7 1 3 1 11 -1 9 -1 9 1 2 1 2 1 
1 0 10 1 11 1 9 1 7 0 1 0 9 1 2 0 11 1 2 1 3 0 0 0 
2 1 8 0 4 0 8 0 8 1 6 1 5 -1 7 -1 5 0 10 1 10 1 8 -1 
2 1 11 1 6 0 11 0 7 1 11 0 10 1 10 0 6 1 6 1 2 0 8 1 
11 0 7 0 9 0 8 -1 1 -1 7 1 10 1 0 0 9 0 1 0 4 1 6 -1 
4 0 11 0 4 1 11 1 10 1 2 0 6 0 11 0 3 0 10 1 0 1 3 0 
0 1 3 1 5 -1 1 -1 10 -1 3 -1 3 1 0 0 2 1 8 1 7 0 6 0 
Language_11
12
0
3 5 6 
a b c d e 
0 1 0 0 10 0 11 1 1 1 0 0 4 0 0 1 2 0 5 1 3 1 5 0 
0 -1 10 1 9 0 3 0 6 0 6 1 7 -1 8 -1 0 1 6 0 8 -1 1 -1 
6 0 4 0 8 1 6 0 5 0 9 1 11 1 1 1 7 1 5 0 7 1 9 0 
5 -1 3 1 10 -1 11 -1 3 0 6 0 3 1 2 0 11 0 3 0 3 -1 3 0 
3 0 2 0 10 0 2 0 5 1 0 0 7 1 5 0 0 0 1 0 1 1 8 0 
4 -1 7 -1 3 -1 4 -1 10 1 1 -1 5 0 7 1 0 -1 3 1 3 1 6 1 
10 1 5 1 0 1 2 0 5 0 1 0 4 0 3 1 4 1 11 0 6 0 0 1 
0 -1 1 1 10 1 10 -1 0 0 8 0 1 -1 1 1 7 -1 3 0 3 -1 6 1 
2 0 3 0 5 1 7 1 6 0 9 1 11 0 2 1 7 1 2 0 4 1 10 1 
9 0 6 -1 5 1 1 0 6 1 3 -1 10 -1 1 0 11 0 4 0 6 -1 8 0 
Language_12
12
0
2 5 6 8 
a b c d e 
5 1 9 0 11 1 3 0 4 0 11 0 6 0 5 0 0 1 2 1 7 1 4 0 
2 1 6 1 7 0 11 1 2 0 7 1 10 -1 1 0 0 0 10 1 11 0 9 -1 
5 0 2 0 2 1 2 1 6 0 5 0 10 1 4 0 1 1 11 1 1 1 5 1 
5 -1 5 0 1 0 3 0 11 1 11 1 3 -1 9 1 5 -1 11 1 1 1 9 0 
0 1 4 1 3 1 6 0 10 0 0 1 11 0 10 0 4 1 8 0 4 0 4 0 
3 0 8 1 5 1 2 0 9 0 6 -1 5 -1 7 -1 6 1 5 -1 6 1 0 0 
4 1 0 0 2 0 10 0 5 1 6 1 2 0 11 1 0 0 5 0 5 1 4 0 
5 0 1 1 1 1 5 -1 7 0 1 -1 7 0 7 1 11 1 1 0 6 1 0 0 
8 1 2 0 9 0 5 0 9 1 10 0 1 0 9 0 0 0 11 1 4 0 6 1 
8 0 6 -1 3 1 11 -1 9 -1 10 0 2 0 7 0 1 1 7 1 2 0 2 0 
Language_13
12
0
1 2 3 8 10 11 
a b c d e 
11 0 0 0 10 1 1 0 9 0 11 1 0 1 6 0 8 1 2 0 4 1 11 0 
4 1 4 -1 7 0 8 1 2 1 1 1 9 0 3 1 4 0 2 1 7 0 6 -1 
11 1 10 0 10 0 0 1 2 0 9 1 7 0 9 1 1 1 5 0 2 0 9 0 
4 -1 0 -1 5 0 3 0 1 -1 0 1 2 -1 5 -1 10 -1 8 0 4 1 5 -1 
11 0 2 1 4 0 1 1 0 1 10 1 0 0 1 0 7 1 1 1 0 0 5 0 
2 1 0 0 7 0 7 -1 2 1 11 -1 5 1 10 1 7 0 8 1 9 1 11 1 
0 0 3 0 7 1 10 0 9 1 10 1 5 0 2 1 0 1 10 0 3 1 8 0 
8 0 2 1 11 0 6 1 10 0 9 -1 7 1 5 0 7 1 4 1 2 -1 9 1 
10 1 8 1 9 0 8 1 0 0 10 0 6 1 4 0 9 0 3 0 2 1 0 1 
5 -1 10 1 1 0 11 -1 3 0 3 0 11 1 3 1 2 0 4 1 7 -1 4 1 
Language_14
12
0
1 3 4 8 9 11 
a b c d e 
2 1 4 0 8 1 6 0 4 0 11 0 3 1 1 0 3 0 2 0 8 1 4 0 
5 -1 11 0 4 0 3 -1 8 -1 8 0 10 0 2 0 8 1 7 0 11 1 5 -1 
5 0 0 1 9 0 7 1 6 0 1 1 9 1 0 1 11 1 7 0 10 0 8 1 
5 1 8 1 10 1 2 1 7 0 3 -1 9 0 8 0 5 0 1 0 10 -1 1 0 
0 0 0 0 0 0 5 1 6 1 2 0 0 1 3 0 3 1 2 0 11 0 8 0 
7 0 8 -1 11 0 11 1 3 0 7 1 2 -1 8 -1 9 -1 1 0 4 1 3 1 
7 1 9 0 9 1 10 0 8 0 6 0 10 1 3 1 6 0 9 0 2 0 9 1 
8 0 2 1 0 1 6 0 0 -1 10 1 9 -1 1 0 0 1 2 -1 10 -1 9 1 
8 1 10 0 10 1 4 1 3 0 7 0 8 1 7 1 3 1 3 0 1 0 7 0 
6 0 5 -1 9 1 8 -1 11 1 3 0 11 -1 1 0 5 1 7 -1 4 0 4 0 
Language_15
12
0
0 1 3 4 8 9 10 11 
a b c d e 
0 0 8 0 0 1 4 1 7 0 5 0 5 1 6 1 9 0 8 0 11 1 1 0 
1 0 10 -1 11 1 11 0 8 0 3 1 9 0 9 1 1 1 0 1 9 -1 1 1 
8 1 10 1 10 0 3 1 11 0 10 0 8 0 1 0 9 1 5 1 1 0 11 0 
1 1 3 0 8 -1 4 1 4 0 9 -1 3 0 5 -1 8 1 10 0 4 -1 8 0 
9 1 0 0 10 1 5 0 8 0 1 1 9 1 3 0 4 0 6 1 10 1 1 1 
1 -1 7 -1 2 1 9 0 9 0 11 0 5 1 1 1 2 1 1 -1 8 0 4 -1 
4 0 11 0 5 0 4 1 7 1 0 0 8 1 9 1 9 0 0 0 8 1 7 1 
9 -1 5 0 3 -1 10 -1 4 0 5 0 3 -1 1 1 7 0 1 0 4 1 1 1 
3 1 8 0 9 1 3 0 2 1 2 1 9 0 8 0 0 1 2 0 1 1 1 0 
8 -1 9 -1 3 0 11 1 8 0 0 0 10 0 1 1 1 -1 11 0 8 1 8 1 
Language_16
12
0
1 2 3 5 6 8 9 
a b c d e 
8 0 0 1 10 0 10 0 4 0 10 0 6 0 7 1 1 1 7 1 9 0 7 0 
9 1 3 0 5 -1 0 0 2 0 3 -1 11 -1 11 1 10 -1 11 0 2 -1 5 1 
1 1 6 0 10 1 7 1 3 0 4 1 5 1 6 1 10 0 6 0 6 1 8 0 
1 1 0 -1 11 1 8 1 9 1 7 -1 3 1 5 0 11 0 11 1 8 0 10 0 
0 0 4 0 5 0 8 0 7 1 11 0 6 1 11 1 5 1 9 0 2 0 8 0 
6 0 4 -1 4 0 9 -1 0 1 1 0 7 -1 4 0 10 -1 6 1 2 -1 6 0 
1 1 9 1 8 0 11 1 4 1 4 0 2 0 10 1 0 0 1 0 0 1 10 1 
0 0 6 0 10 0 4 1 5 1 0 1 6 -1 2 0 6 -1 0 0 7 0 2 1 
3 0 2 1 9 0 10 0 5 0 3 0 11 1 9 0 9 1 6 1 11 0 1 0 
6 -1 3 1 6 0 8 0 9 0 5 -1 6 0 1 0 0 0 4 0 11 -1 9 -1 
Language_17
12
0
0 1 2 6 7 8 10 11 
a b c d e 
3 0 5 0 2 1 7 0 2 1 7 0 10 1 9 1 3 0 3 0 10 0 8 1 
9 0 11 -1 9 -1 7 1 9 0 1 0 6 -1 11 0 5 0 5 -1 6 -1 11 -1 
0 1 2 0 6 1 10 1 3 1 5 1 6 0 8 1 0 1 4 1 10 1 1 0 
5 0 9 1 11 1 5 0 0 0 9 -1 10 1 0 0 5 0 6 -1 11 0 2 1 
1 1 3 1 5 0 4 1 7 0 7 0 10 1 11 1 10 1 10 0 7 1 2 0 
5 1 4 -1 8 -1 8 0 4 1 4 1 5 -1 7 -1 8 0 11 -1 5 -1 5 -1 
10 1 6 0 10 1 0 0 1 0 4 1 8 1 8 0 2 1 3 0 4 1 2 0 
7 -1 7 -1 10 -1 1 0 3 1 7 -1 5 0 2 1 8 0 10 1 3 -1 8 -1 
11 1 1 0 3 1 4 0 0 0 11 0 0 1 7 1 3 1 11 1 8 1 11 1 
11 1 1 0 10 -1 7 -1 11 -1 11 0 10 1 9 1 2 1 4 0 9 1 6 1 
Language_18
12
0
0 2 6 7 8 9 10 
a b c d e 
5 0 7 0 4 1 8 1 9 0 7 0 3 1 4 0 7 1 2 0 0 0 7 1 
10 0 3 -1 7 0 1 -1 3 1 1 1 9 -1 5 -1 10 -1 2 0 6 0 6 0 
3 1 9 1 3 0 2 1 8 1 1 1 3 0 6 0 1 0 1 1 6 0 0 1 
11 0 5 1 3 -1 3 -1 8 -1 6 -1 9 0 11 1 5 -1 1 1 1 -1 7 -1 
9 1 1 1 5 0 6 1 5 0 1 0 0 1 4 1 6 0 10 1 9 0 5 1 
6 1 11 1 0 -1 7 1 7 -1 9 1 3 1 1 -1 5 0 5 0 6 1 8 -1 
10 1 5 1 9 1 7 0 0 1 6 1 11 0 4 1 10 0 0 0 1 1 9 1 
0 1 11 0 2 1 4 1 7 1 11 -1 6 1 7 -1 2 0 7 -1 2 1 0 -1 
5 1 5 1 3 1 4 1 6 0 3 0 0 0 4 1 4 1 4 1 10 1 3 1 
4 0 7 1 0 -1 8 1 9 0 7 -1 5 0 2 1 8 -1 0 -1 10 0 11 0 
Language_19
12
0
1 4 6 7 9 
a b c d e 
5 0 6 0 9 1 6 0 0 0 3 1 4 1 2 0 3 1 11 0 11 0 7 0 
4 0 8 0 10 0 6 -1 6 0 11 0 3 1 7 0 4 -1 6 -1 10 -1 0 1 
11 1 10 1 6 1 0 0 0 0 9 0 4 0 2 0 5 1 3 1 8 0 5 0 
7 0 2 0 5 1 4 0 10 0 11 0 1 0 3 -1 6 -1 4 1 6 -1 5 0 
11 0 3 0 0 1 9 1 4 0 10 0 0 1 7 1 9 0 11 0 7 0 4 1 
6 -1 3 -1 7 0 1 0 1 1 10 1 4 -1 7 -1 6 -1 9 0 7 -1 8 0 
5 1 1 0 11 1 4 1 7 0 10 0 0 0 1 0 8 0 0 0 8 0 9 1 
2 -1 11 -1 11 1 10 1 7 -1 11 1 1 0 2 0 5 1 8 -1 6 1 11 -1 
0 0 9 0 5 0 10 0 4 0 4 1 5 1 5 0 9 1 1 1 10 0 9 0 
5 0 1 -1 6 0 3 -1 5 1 0 -1 9 1 6 0 7 1 8 -1 5 1 2 0 
Language_20
12
0
1 5 11 
a b c d e 
3 1 1 1 3 0 3 0 3 0 5 0 8 0 3 1 3 0 9 1 1 0 2 1 
2 -1 8 1 9 0 11 0 7 0 4 -1 8 1 4 -1 3 -1 3 1 1 1 3 -1 
0 0 9 0 11 0 8 0 0 1 9 0 5 1 5 0 0 0 4 1 4 1 5 1 
11 0 10 0 6 1 9 0 4 0 6 1 1 0 6 1 10 0 8 1 7 0 8 1 
5 1 10 0 10 0 7 0 8 1 11 0 4 0 5 0 9 0 7 0 5 0 8 0 
9 -1 6 0 4 0 9 1 0 1 1 -1 0 -1 10 0 2 1 3 0 3 1 11 -1 
11 0 1 1 7 1 5 1 6 0 3 0 8 1 4 1 5 1 8 1 8 1 6 0 
11 -1 2 -1 7 0 7 -1 2 0 3 1 0 0 2 -1 4 0 5 -1 9 1 4 -1 
0 0 1 1 3 1 11 0 10 0 11 0 2 1 11 0 6 0 4 1 6 1 6 1 
2 -1 10 -1 11 1 4 -1 9 -1 2 1 3 1 6 -1 7 -1 7 -1 9 1 9 1 
Language_21
12
0
0 1 2 5 7 
a b c d e 
1 1 1 0 6 1 4 1 1 1 4 1 10 0 6 0 3 1 2 1 0 0 8 1 
4 1 5 1 1 1 7 0 4 0 2 0 5 0 3 1 8 0 3 1 1 0 3 1 
11 1 10 0 6 0 6 0 1 0 9 1 10 0 3 0 4 1 11 1 1 0 7 0 
11 -1 10 0 1 1 11 -1 3 -1 8 0 2 -1 11 0 6 -1 6 0 8 0 9 -1 
11 0 5 0 5 1 10 0 8 1 8 1 1 0 11 0 0 0 8 1 5 1 4 1 
10 0 6 0 7 1 10 0 2 1 2 0 11 -1 6 1 11 1 2 1 3 1 6 -1 
9 1 9 0 9 1 10 1 11 1 5 0 1 1 2 0 10 0 3 0 0 0 2 1 
7 0 10 1 0 1 10 1 11 1 9 1 5 0 3 0 10 0 0 -1 8 1 3 1 
6 0 6 1 9 0 9 1 4 0 9 1 2 1 11 0 1 0 1 0 7 0 3 1 
7 1 9 -1 8 0 6 0 2 -1 5 0 1 1 8 -1 10 0 3 -1 0 1 1 1 
Language_22
12
0
2 4 7 9 11 
a b c d e 
11 1 0 1 0 0 6 1 7 0 11 0 5 1 7 0 11 1 8 0 1 0 1 0 
9 -1 11 -1 7 -1 1 -1 8 -1 9 -1 1 -1 1 1 3 -1 0 1 11 1 2 1 
10 1 4 0 2 0 6 0 8 0 9 1 7 1 5 1 10 0 1 0 9 1 10 0 
10 -1 0 1 3 1 0 1 9 -1 3 0 6 1 0 -1 8 0 6 0 8 -1 4 1 
6 0 11 1 1 0 6 0 4 0 8 0 10 0 10 1 0 0 9 1 1 1 2 0 
3 1 11 0 1 0 10 1 1 0 0 0 8 1 1 1 5 -1 6 0 5 -1 7 -1 
3 1 10 1 0 0 9 0 10 1 7 1 3 1 7 1 2 1 0 1 11 0 8 1 
7 0 11 -1 0 0 0 1 0 0 5 1 1 0 3 0 0 1 8 0 3 0 4 1 
10 0 9 0 7 1 9 1 3 1 8 0 4 1 3 0 4 1 11 0 0 0 3 0 
5 -1 11 1 5 0 9 0 3 -1 7 1 4 -1 8 0 8 -1 4 0 3 -1 7 0 
Language_23
12
0
4 8 11 
a b c d e 
3 1 7 1 2 1 1 0 11 1 11 0 9 1 8 1 9 0 5 0 1 0 0 0 
5 0 11 1 6 -1 10 1 4 1 7 0 3 0 0 0 10 1 6 -1 10 1 11 0 
4 0 2 1 9 1 2 0 6 1 8 0 0 0 1 1 3 0 6 0 1 1 8 0 
3 0 9 -1 7 0 1 -1 1 0 11 0 5 1 9 0 3 -1 2 -1 5 1 4 0 
1 1 8 0 6 0 10 1 0 0 7 0 11 0 10 1 6 1 6 0 4 1 1 1 
9 0 0 1 2 -1 11 -1 9 1 3 0 8 0 2 0 7 1 8 1 5 -1 4 1 
5 0 4 0 4 1 9 0 9 0 5 1 10 0 11 1 1 0 0 1 10 1 1 0 
11 1 4 1 10 0 1 1 10 0 10 -1 7 1 6 0 9 0 0 0 11 -1 1 1 
1 1 9 0 11 1 11 0 7 0 11 0 11 0 2 1 8 1 7 1 2 1 1 1 
1 -1 4 0 10 0 6 1 10 -1 6 -1 6 1 10 -1 4 0 1 -1 10 0 6 -1 
Language_24
12
0
0 2 3 5 6 8 10 
a b c d e 
8 0 10 1 2 1 4 0 6 1 7 1 9 0 3 0 8 1 0 0 9 1 8 1 
6 -1 10 -1 5 1 8 -1 5 -1 11 1 1 -1 0 1 1 -1 5 1 10 0 3 1 
11 1 0 1 2 1 10 1 9 0 3 1 0 1 8 1 6 1 2 0 4 1 9 1 
0 0 0 0 1 1 10 0 0 -1 5 -1 7 1 6 1 11 0 8 0 7 -1 9 -1 
11 1 11 0 8 1 6 1 4 1 3 0 1 0 10 0 7 1 10 1 4 0 3 1 
6 -1 6 -1 2 1 7 1 9 -1 11 1 10 0 1 1 11 -1 11 -1 5 0 11 1 
10 1 5 0 3 0 3 0 5 0 9 1 11 1 10 1 1 0 11 1 2 1 8 0 
1 -1 2 0 6 0 2 1 9 0 2 -1 10 0 11 -1 0 0 6 0 3 1 7 1 
8 0 6 0 9 1 3 1 9 1 3 1 1 1 0 1 2 0 3 1 8 1 8 1 
3 -1 6 -1 3 0 1 -1 9 1 11 -1 4 -1 9 0 7 -1 3 1 4 0 11 0 
Language_25
12
0
1 3 4 5 7 8 10 
a b c d e 
5 1 8 1 1 0 0 1 1 0 3 1 11 1 7 1 3 0 1 0 0 0 7 1 
6 1 0 1 8 0 2 1 8 1 11 0 2 1 7 1 9 1 11 1 2 1 7 1 
8 1 5 1 2 0 4 0 10 1 0 1 8 0 10 0 11 0 1 0 5 0 7 1 
1 0 0 0 2 0 0 -1 5 -1 3 1 6 0 4 1 11 -1 11 0 8 0 3 -1 
5 1 2 1 0 0 11 0 4 0 1 1 0 0 9 0 10 0 2 1 8 1 7 1 
8 1 10 0 1 1 1 -1 3 1 3 -1 0 1 11 1 2 0 10 0 10 1 10 1 
0 0 8 0 6 1 8 0 8 0 7 1 0 1 8 1 11 1 3 1 11 1 7 1 
10 -1 6 0 3 0 2 1 3 1 1 -1 2 1 3 1 11 1 6 1 6 -1 0 -1 
10 0 7 0 7 0 1 1 3 1 3 1 0 0 11 0 3 0 10 0 7 0 2 1 
5 1 4 -1 1 -1 3 0 9 1 11 0 6 -1 8 1 6 1 9 -1 0 -1 8 -1 
Language_26
12
0
0 1 2 4 6 7 8 10 
a b c d e 
3 1 3 1 4 0 11 1 9 0 4 1 3 0 9 1 9 1 9 0 3 0 10 0 
8 -1 0 0 9 1 11 1 10 0 8 0 1 0 10 1 7 1 1 -1 8 -1 10 0 
0 1 7 1 9 0 7 0 6 1 9 0 11 0 10 1 0 0 0 0 1 1 5 0 
11 0 8 0 0 -1 4 -1 8 -1 11 1 8 0 6 0 2 -1 5 0 3 -1 10 0 
4 0 5 1 1 1 4 1 2 1 1 0 1 0 0 0 2 1 10 1 11 1 5 0 
2 0 4 -1 3 1 9 0 2 1 9 0 6 -1 9 1 6 0 8 1 0 1 5 0 
8 0 2 1 0 1 10 0 0 0 8 1 6 1 2 1 0 1 3 0 8 0 3 0 
0 -1 1 0 5 0 10 0 10 0 10 0 6 1 0 0 5 1 0 0 5 0 6 1 
11 1 4 0 10 1 6 1 2 1 4 1 11 0 3 1 9 0 3 1 9 0 1 0 
11 1 9 0 2 1 2 1 8 0 0 -1 1 0 0 0 11 1 11 1 11 0 1 -1 
Language_27
12
0
0 3 7 8 10 11 
a b c d e 
5 0 1 0 9 1 0 1 4 0 9 0 7 1 1 0 10 1 7 0 9 1 4 1 
10 -1 5 0 8 0 5 -1 7 -1 9 0 10 1 3 1 4 -1 11 1 1 -1 7 -1 
11 0 4 0 3 0 11 1 9 0 9 1 2 0 9 1 9 1 0 0 6 0 11 1 
8 0 7 0 3 1 8 0 1 -1 7 -1 8 1 2 -1 10 0 9 0 6 0 8 1 
6 0 7 0 10 1 3 0 7 1 1 1 11 1 7 0 3 1 7 1 5 0 5 0 
11 -1 6 0 10 -1 0 1 2 0 5 -1 5 0 3 0 1 1 8 0 3 0 4 -1 
6 1 1 0 7 0 1 0 7 1 7 0 0 1 5 0 9 1 8 1 6 0 9 0 
11 1 2 1 10 1 2 1 4 0 3 0 9 0 11 -1 9 -1 3 0 6 0 1 -1 
6 1 11 1 0 1 3 1 6 0 6 1 6 1 0 0 1 0 4 0 2 0 6 1 
4 -1 2 1 10 0 8 -1 10 0 11 -1 2 0 9 -1 6 -1 3 -1 1 -1 2 -1 
Language_28
12
0
0 2 3 4 6 9 
a b c d e 
8 1 7 1 5 1 0 1 6 0 11 0 11 0 1 0 7 0 1 0 2 0 5 0 
11 -1 3 1 2 -1 10 0 0 1 0 -1 3 -1 3 -1 5 0 8 1 0 0 6 -1 
0 0 1 0 4 1 7 1 0 0 9 0 11 1 1 1 6 0 1 1 3 1 8 0 
3 0 11 0 0 1 9 -1 6 1 6 1 1 -1 9 -1 1 0 2 -1 8 1 9 -1 
7 0 11 1 6 0 10 1 2 0 5 1 11 0 3 0 4 1 5 0 6 0 8 0 
11 1 8 1 6 1 4 1 1 -1 4 1 11 1 0 -1 8 1 6 0 2 1 0 0 
8 0 1 1 9 1 0 0 3 1 9 0 3 1 3 1 2 1 3 1 11 1 0 0 
2 0 4 0 5 0 9 0 0 -1 2 1 0 1 3 1 1 -1 7 1 3 0 4 -1 
0 1 2 0 4 1 6 0 11 1 4 0 0 0 3 0 1 0 11 0 9 1 6 0 
0 0 11 0 6 -1 4 -1 4 -1 2 0 9 -1 6 -1 2 1 2 1 2 1 10 -1 
Language_29
12
0
1 2 5 7 8 
a b c d e 
4 0 3 0 7 1 2 0 4 1 11 1 8 1 7 0 4 1 8 0 2 0 4 0 
2 0 5 0 1 0 9 -1 11 1 7 1 6 0 3 0 6 0 10 -1 10 -1 11 1 
2 0 5 0 6 0 3 0 6 0 11 0 3 1 9 0 5 0 1 1 6 1 10 0 
4 0 4 1 4 -1 9 -1 3 0 2 0 4 1 6 -1 2 1 7 -1 0 0 4 1 
10 0 0 0 10 0 3 0 4 1 0 0 4 1 4 0 9 1 10 1 8 1 2 1 
0 0 9 1 6 -1 4 -1 0 1 3 -1 7 -1 2 -1 4 0 3 1 1 0 4 -1 
8 0 10 0 3 0 0 1 7 0 3 1 10 1 3 0 11 1 9 1 0 1 7 0 
0 0 5 -1 9 1 2 -1 5 -1 3 0 7 1 3 1 10 0 9 -1 5 0 4 0 
11 0 2 1 7 0 4 0 2 0 4 0 11 0 7 1 6 0 3 1 11 0 6 0 
4 0 10 0 8 1 6 -1 10 -1 2 1 9 -1 2 1 1 1 9 -1 11 1 9 0 
Language_30
12
0
0 1 5 7 8 9 
a b c d e 
9 1 6 1 8 0 2 0 8 1 10 1 4 1 4 0 11 0 6 1 1 1 5 1 
7 0 9 0 10 -1 4 1 9 -1 1 0 8 1 10 1 4 -1 7 0 3 1 10 -1 
8 1 9 1 1 0 8 0 1 0 6 1 9 1 2 1 11 0 11 1 1 1 3 0 
6 -1 0 0 11 1 7 0 5 0 11 -1 4 -1 10 -1 6 1 1 1 0 0 10 1 
0 0 7 1 7 1 5 1 3 1 7 0 2 0 3 1 5 0 5 0 9 0 4 0 
1 1 11 1 11 0 3 1 0 0 11 1 1 1 11 0 9 1 4 0 1 -1 0 1 
8 1 11 1 11 0 2 0 5 0 4 1 3 1 4 1 9 1 6 1 10 0 2 0 
1 0 2 1 0 1 4 0 4 -1 5 0 0 -1 1 0 0 0 4 -1 8 0 6 0 
7 0 1 1 10 1 9 1 0 0 3 0 8 1 2 1 9 0 3 0 8 0 2 0 
0 1 10 1 8 -1 2 -1 5 1 8 1 7 -1 2 -1 11 1 9 1 6 0 9 -1 
Language_31
12
0
0 1 3 4 5 7 8 10 11 
a b c d e 
1 1 1 1 0 1 1 1 11 0 0 0 0 0 7 1 5 0 11 1 8 0 11 0 
1 0 11 1 3 -1 7 0 1 0 8 -1 0 1 1 0 2 1 5 -1 9 1 7 0 
5 0 1 1 11 0 10 0 5 0 10 1 3 1 10 0 3 1 8 0 7 1 6 1 
5 1 11 -1 9 0 10 -1 3 1 11 0 1 -1 4 -1 4 0 8 0 3 -1 1 -1 
11 0 6 0 2 1 7 1 8 1 2 1 10 1 4 0 10 0 3 1 9 1 1 1 
7 1 10 1 11 -1 10 1 8 -1 5 0 2 1 2 0 6 0 8 0 6 0 11 -1 
7 0 7 1 11 1 0 0 3 0 8 1 4 1 2 0 4 0 2 0 5 1 5 1 
2 1 7 -1 2 -1 3 -1 1 1 7 1 5 0 2 0 4 -1 1 -1 8 0 1 -1 
11 0 6 0 6 0 9 0 8 1 11 1 0 0 0 1 9 0 6 0 10 1 7 0 
3 -1 2 -1 8 -1 7 1 0 0 2 -1 5 1 2 0 5 -1 8 0 8 -1 2 -1 
Language_32
12
0
1 5 6 
a b c d e 
3 1 3 0 1 0 1 1 4 0 5 1 2 1 10 1 5 0 2 0 1 0 8 1 
2 0 11 1 6 -1 9 -1 11 1 9 -1 2 1 5 0 7 1 0 0 3 0 10 1 
2 1 7 1 2 1 6 1 9 0 0 0 1 0 10 0 10 0 1 1 8 0 3 1 
11 0 7 1 4 -1 8 -1 6 0 6 1 6 0 0 0 8 0 10 1 4 -1 5 1 
3 1 0 1 3 1 3 0 2 1 5 0 10 0 1 1 4 0 8 1 5 0 5 1 
8 1 9 -1 5 -1 6 -1 2 -1 0 0 11 1 7 1 1 -1 8 0 1 1 0 1 
7 0 2 1 5 0 7 0 4 0 4 0 3 1 7 1 7 1 11 1 2 0 11 0 
9 -1 5 -1 3 -1 7 -1 5 -1 5 1 5 -1 9 1 9 0 2 0 5 -1 3 -1 
4 1 7 0 7 1 7 0 8 0 11 0 5 0 3 1 10 0 4 0 7 1 10 1 
2 0 1 0 2 -1 1 0 7 -1 10 -1 10 1 6 1 4 1 5 -1 7 0 4 1 
Language_33
12
0
1 3 5 6 7 11 
a b c d e 
6 0 2 1 10 0 10 0 4 1 1 0 9 0 4 1 4 0 6 1 8 0 8 0 
0 -1 5 -1 11 0 9 1 10 0 2 1 5 0 10 1 4 1 0 -1 1 -1 1 0 
3 0 3 0 3 0 8 0 11 0 6 1 7 1 10 1 4 1 4 0 7 1 6 0 
3 -1 7 0 0 0 10 -1 0 -1 1 0 6 -1 8 1 5 1 2 0 0 -1 11 0 
3 0 2 0 0 1 0 0 7 1 10 0 5 1 0 0 11 0 1 0 7 0 9 1 
3 1 3 1 10 -1 1 0 11 1 3 0 9 -1 6 -1 8 1 2 -1 8 0 2 1 
11 0 8 0 11 1 1 0 10 0 4 0 3 1 8 1 0 1 0 0 9 1 1 1 
10 1 1 -1 4 1 8 1 10 1 5 -1 3 -1 9 0 2 -1 1 1 6 0 5 0 
0 1 2 1 6 1 4 0 1 0 4 0 8 0 5 1 1 1 8 0 9 1 0 0 
5 -1 9 1 8 0 9 -1 7 -1 5 -1 11 -1 5 -1 1 -1 4 1 2 -1 10 -1 
Language_34
12
0
0 1 2 3 4 8 9 10 
a b c d e 
10 1 7 0 1 0 1 0 11 1 9 0 10 1 7 0 11 0 5 1 11 0 6 1 
11 1 5 1 3 -1 11 -1 4 0 6 -1 10 -1 4 -1 11 0 0 -1 10 0 11 -1 
11 0 0 1 9 0 3 1 0 1 2 0 5 1 6 0 5 0 4 1 5 1 3 1 
1 1 9 0 4 1 5 0 10 -1 5 0 5 1 11 0 8 -1 11 0 11 1 9 1 
4 1 5 1 11 1 10 0 1 1 1 0 10 0 6 1 11 1 2 0 3 0 6 0 
11 0 0 0 2 -1 11 0 8 -1 4 0 3 -1 0 1 4 1 10 1 10 0 0 1 
4 0 3 0 1 1 3 1 11 1 9 1 2 1 0 1 3 0 8 0 11 0 4 1 
8 0 5 -1 0 0 0 -1 11 1 3 0 9 -1 8 -1 5 1 11 0 6 1 2 0 
11 0 10 1 10 0 8 0 5 1 6 1 7 1 3 1 2 1 11 0 1 0 8 1 
4 1 10 -1 1 -1 1 -1 3 0 3 -1 8 0 6 0 9 -1 3 1 5 0 0 1 
Language_35
12
0
0 2 3 4 5 6 7 8 9 10 11 
a b c d e 
9 0 8 1 9 1 0 1 6 1 10 0 11 1 8 1 1 1 1 1 9 0 3 0 
2 0 10 0 5 0 7 1 8 -1 10 -1 10 -1 0 0 6 1 11 0 1 1 8 0 
1 0 4 1 6 1 10 1 2 0 0 1 1 1 6 1 11 0 11 0 2 0 6 1 
8 0 2 -1 10 -1 4 -1 8 0 7 1 6 -1 11 -1 2 -1 0 -1 5 0 10 1 
9 1 2 0 9 1 2 0 11 1 1 0 8 0 0 1 10 1 10 0 0 0 7 0 
6 -1 8 0 0 0 7 -1 1 0 1 -1 11 0 9 -1 9 1 7 -1 0 -1 0 -1 
11 1 5 0 9 1 1 0 2 0 11 1 11 1 0 0 4 0 7 0 11 1 8 0 
10 1 4 0 1 1 5 1 9 -1 7 1 10 1 0 0 10 -1 6 -1 0 1 10 -1 
10 0 8 1 9 0 5 1 4 1 4 0 10 0 9 1 6 0 8 1 10 0 8 1 
0 1 3 -1 11 -1 5 -1 4 1 3 1 9 0 0 0 9 -1 2 1 0 1 4 1 
Language_36
12
0
0 1 2 3 4 8 9 11 
a b c d e 
2 0 9 1 7 1 10 0 0 0 1 1 1 1 0 1 8 1 5 1 6 1 7 0 
4 1 10 -1 5 0 3 0 0 0 2 -1 2 0 11 0 5 -1 2 -1 9 -1 10 1 
9 0 6 1 8 1 8 1 8 1 3 0 6 0 1 1 11 0 11 0 1 0 4 0 
5 -1 8 1 6 0 1 1 9 0 4 1 7 0 0 1 6 1 3 1 0 1 0 1 
5 0 11 0 5 1 0 1 7 1 1 1 1 0 6 0 3 1 3 0 2 0 7 0 
11 1 0 -1 6 0 3 1 10 1 10 1 9 -1 6 -1 7 1 0 0 1 0 8 0 
2 0 4 1 4 1 8 1 4 1 3 1 2 0 7 0 8 1 1 1 8 1 10 1 
7 -1 7 -1 8 -1 0 -1 9 0 0 0 11 -1 6 1 4 -1 5 -1 5 1 11 -1 
9 0 6 0 2 0 5 1 9 0 5 1 4 1 3 0 9 1 2 1 9 1 2 0 
0 -1 0 1 3 1 4 1 7 1 3 0 5 1 1 0 11 -1 9 0 8 0 5 -1 
Language_37
12
0
0 1 6 7 8 9 
a b c d e 
9 0 9 0 2 0 11 1 0 0 7 0 8 1 4 1 1 0 11 0 0 0 6 0 
1 0 5 1 3 1 8 -1 7 -1 5 0 11 0 11 0 4 -1 9 0 3 -1 11 -1 
0 1 3 1 11 1 10 0 4 0 8 1 1 1 11 1 10 1 4 1 0 1 0 1 
4 0 10 1 3 -1 3 -1 3 -1 6 1 9 0 7 1 6 0 1 0 7 -1 4 1 
0 1 1 0 11 0 7 0 9 0 11 0 3 0 7 0 5 1 6 0 6 1 4 0 
7 0 7 0 6 0 9 0 9 1 4 0 4 1 1 1 5 -1 4 0 7 0 5 1 
1 1 4 1 9 1 4 1 3 1 0 0 2 0 1 0 0 1 9 1 0 0 0 1 
3 -1 1 0 10 1 7 1 2 1 9 1 5 1 11 1 8 -1 5 -1 4 0 10 -1 
4 1 5 0 10 0 3 1 3 1 5 0 10 1 8 1 10 0 10 0 9 1 7 0 
7 1 0 0 4 1 9 0 9 -1 2 1 9 -1 1 -1 0 0 11 -1 11 -1 11 1 
Language_38
12
0
0 1 2 3 8 9 10 11 
a b c d e 
4 1 6 0 4 1 3 0 0 0 2 0 10 0 10 1 5 1 11 1 0 0 6 1 
2 0 7 1 1 0 5 0 4 -1 0 1 0 -1 0 0 10 1 0 -1 3 0 9 -1 
4 0 4 1 6 1 11 0 7 0 7 0 11 1 3 1 2 0 9 0 4 1 2 1 
0 -1 8 1 11 0 0 1 7 1 9 -1 1 0 5 -1 0 1 7 1 4 -1 6 0 
8 0 10 0 11 1 11 1 8 1 5 0 9 0 6 0 7 0 8 0 8 1 7 0 
2 -1 11 0 9 -1 1 1 9 0 6 -1 3 0 7 0 4 -1 1 1 7 0 1 -1 
9 0 1 0 8 0 10 1 1 1 5 0 10 0 11 1 10 1 3 0 8 1 5 0 
10 0 6 -1 2 0 7 1 0 -1 3 1 3 1 9 1 7 1 0 -1 4 1 4 0 
8 0 10 0 7 0 4 1 10 0 0 1 5 0 6 0 3 1 7 0 4 0 1 1 
2 1 1 -1 8 0 9 1 7 0 10 1 7 1 5 1 0 1 5 0 4 1 4 1 
Language_39
12
0
0 4 5 8 9 11 
a b c d e 
0 1 3 0 10 1 6 1 8 0 10 1 6 1 10 0 4 1 3 1 2 0 9 0 
4 0 2 0 0 -1 6 -1 4 -1 6 0 8 -1 10 -1 9 -1 0 -1 10 -1 3 -1 
7 1 7 1 1 0 10 0 1 1 1 1 3 1 8 1 2 1 9 0 10 1 4 0 
9 0 2 0 4 1 4 1 10 0 2 0 1 -1 11 0 1 -1 3 0 9 0 10 -1 
3 0 8 0 11 0 7 1 11 1 4 1 8 1 0 1 4 1 4 1 2 1 9 0 
6 -1 4 1 5 -1 5 -1 9 -1 7 0 0 -1 9 -1 3 -1 8 1 11 0 10 -1 
11 1 1 0 10 1 2 0 3 0 1 0 11 1 10 0 9 0 10 1 5 0 8 0 
1 0 8 1 11 1 6 0 1 -1 6 1 9 0 7 0 9 0 6 -1 1 0 8 -1 
1 1 7 1 2 1 2 0 8 1 11 0 6 0 6 0 4 0 6 1 3 0 11 0 
7 0 4 1 1 -1 9 0 11 1 10 -1 11 0 3 1 2 1 2 0 4 0 0 0 
Language_40
12
0
0 1 3 4 6 7 9 10 11 
a b c d e 
9 1 1 0 0 0 10 1 0 0 10 1 1 1 4 0 2 1 10 1 4 1 1 1 
0 1 3 1 11 -1 4 -1 4 0 2 1 1 -1 2 0 10 1 10 1 11 1 0 -1 
3 1 6 1 3 0 6 0 5 0 9 1 2 0 8 1 5 1 7 1 4 0 0 1 
9 1 4 0 5 1 8 -1 6 -1 1 1 3 1 4 0 4 1 7 1 11 1 11 0 
5 1 6 1 10 0 9 1 7 1 11 1 11 1 10 0 2 1 9 1 4 1 5 0 
3 0 6 0 8 0 6 0 0 -1 10 1 2 0 8 0 6 1 6 -1 10 -1 2 1 
9 0 11 0 7 1 3 0 8 0 9 0 4 1 3 1 1 1 10 0 5 1 4 1 
8 -1 9 1 0 -1 3 1 11 0 11 1 6 1 5 0 1 0 10 1 6 -1 1 1 
2 1 5 1 2 0 4 1 11 1 10 0 6 1 11 1 1 1 7 0 0 1 5 0 
2 0 11 1 5 1 0 -1 11 1 0 1 5 0 10 0 11 1 6 -1 11 0 7 1 
Language_41
12
0
0 3 5 6 8 10 
a b c d e 
3 0 5 0 2 1 8 0 0 1 4 0 8 1 1 1 6 1 9 0 3 0 7 1 
5 -1 10 1 2 0 11 0 0 0 6 1 6 0 11 -1 8 0 7 0 9 -1 7 -1 
9 1 10 1 9 1 9 1 6 1 3 0 5 0 11 0 8 0 1 1 4 0 11 0 
1 0 7 1 1 1 8 1 1 1 5 -1 1 1 4 -1 11 1 8 -1 10 0 7 1 
2 1 4 0 7 0 0 0 7 0 7 1 7 0 10 1 8 1 11 1 3 0 11 0 
4 0 7 1 10 -1 5 -1 4 -1 7 0 8 -1 7 0 6 -1 5 1 3 1 4 0 
0 0 9 1 4 1 11 0 10 0 11 0 0 1 4 0 2 0 6 1 0 0 9 1 
5 1 2 1 9 0 2 0 5 0 10 0 5 1 11 1 8 1 10 -1 8 1 9 0 
7 0 5 0 5 1 4 1 6 1 9 0 2 0 11 1 0 0 4 1 5 0 9 0 
8 1 7 0 9 0 8 1 7 1 7 0 10 0 0 0 6 0 6 -1 11 1 7 -1 
Language_42
12
0
0 1 2 4 6 
a b c d e 
0 1 7 0 1 0 6 1 7 1 3 1 4 0 11 1 11 0 6 1 3 0 5 0 
0 0 6 1 7 1 6 -1 11 1 10 -1 0 0 9 1 2 0 8 1 3 -1 3 -1 
8 1 6 1 1 0 0 1 3 0 7 0 11 0 11 0 10 1 4 0 7 0 1 1 
5 0 9 -1 2 1 1 1 10 -1 8 1 3 -1 5 -1 10 -1 2 1 5 0 4 -1 
9 0 3 0 11 0 7 0 6 1 1 0 8 0 4 0 0 0 6 0 10 0 3 0 
5 0 10 -1 3 1 4 1 8 -1 7 -1 3 1 10 0 5 0 7 -1 6 0 0 1 
3 1 2 0 6 0 2 1 5 0 0 1 2 0 10 0 10 1 2 0 10 0 0 1 
4 1 2 -1 0 -1 5 -1 4 -1 2 -1 4 1 8 1 5 0 5 1 10 -1 2 1 
7 0 2 0 0 0 7 0 3 1 4 1 11 0 4 0 6 1 10 1 4 1 3 1 
5 -1 7 0 11 -1 11 -1 4 1 9 1 4 0 2 -1 7 0 0 -1 8 0 0 1 
Language_43
12
0
8 10 11 
a b c d e 
6 1 3 1 4 0 2 1 4 0 9 0 6 0 1 1 4 0 0 0 9 1 3 0 
6 -1 8 0 10 0 7 0 4 -1 5 0 0 -1 7 1 4 0 9 0 0 -1 0 -1 
2 0 6 1 1 0 10 0 7 0 7 1 6 1 9 1 9 1 11 1 0 0 3 0 
4 0 9 0 9 -1 10 1 10 -1 3 0 11 0 11 0 3 0 10 0 7 1 11 1 
4 1 0 0 1 0 2 0 4 0 7 0 1 1 11 1 7 0 6 1 5 0 6 1 
0 0 2 -1 0 1 10 -1 7 -1 4 1 3 0 5 -1 5 -1 8 1 5 -1 8 1 
0 1 2 0 8 1 2 0 1 0 6 1 5 0 9 0 4 0 3 1 6 1 1 1 
1 -1 7 -1 5 1 3 1 6 0 6 0 4 -1 11 0 2 0 11 0 10 -1 5 -1 
10 1 2 1 2 1 7 1 10 0 6 0 7 1 3 0 1 1 6 0 7 1 1 0 
9 -1 2 1 1 -1 1 1 8 1 1 -1 2 0 8 0 6 -1 9 1 1 -1 11 -1 
Language_44
12
0
1 6 8 10 
a b c d e 
4 0 7 1 5 1 5 1 4 0 2 1 7 0 4 0 9 0 6 1 6 1 4 0 
4 -1 8 0 7 1 3 0 7 1 3 0 9 0 4 0 10 1 10 -1 0 -1 2 -1 
4 1 8 1 10 1 1 0 11 0 5 1 5 0 3 0 3 1 7 0 11 0 5 0 
7 -1 5 0 0 1 10 1 9 1 9 -1 1 -1 6 1 9 -1 1 1 1 0 1 0 
9 1 4 0 7 0 8 1 7 0 4 1 5 1 7 1 5 0 1 1 0 0 9 0 
1 1 8 1 2 -1 10 -1 11 0 2 -1 3 1 0 -1 7 1 9 -1 5 -1 10 0 
6 1 7 0 5 0 1 0 8 1 3 0 1 0 5 1 8 1 8 0 11 0 3 1 
8 0 8 0 7 0 10 -1 0 0 6 -1 6 1 2 0 4 -1 7 -1 5 0 4 -1 
7 0 5 0 9 0 4 1 10 1 11 1 6 1 11 1 11 0 5 0 0 0 4 1 
6 -1 1 -1 0 1 10 1 10 1 2 1 3 -1 10 1 0 1 6 1 4 1 4 0 
Language_45
12
0
0 1 2 3 8 9 10 
a b c d e 
0 0 11 0 7 0 0 0 10 1 4 0 1 0 11 1 4 0 5 0 0 0 6 0 
3 0 5 0 5 0 1 0 5 0 2 0 3 1 8 0 0 0 1 1 11 -1 6 1 
8 1 0 1 9 1 6 1 6 1 3 1 9 1 1 0 5 0 9 1 1 1 7 0 
9 1 10 1 7 0 1 0 9 1 11 0 0 1 8 -1 7 1 11 0 1 0 0 0 
9 0 8 1 2 0 0 1 1 1 11 0 11 1 10 1 9 0 7 0 1 1 6 1 
5 1 1 0 4 1 7 1 1 -1 0 -1 0 -1 11 0 8 0 8 0 9 0 7 -1 
9 0 4 0 1 0 2 0 6 1 11 1 3 1 10 0 10 0 7 1 3 1 9 1 
6 0 7 1 7 1 5 -1 6 0 1 0 5 -1 8 1 6 0 10 -1 10 1 5 0 
10 1 10 1 6 0 6 1 2 1 0 0 8 0 10 0 11 1 2 1 8 0 10 1 
3 1 0 -1 0 -1 6 0 2 0 11 -1 8 -1 2 1 4 1 1 0 10 -1 5 0 
Language_46
12
0
4 5 11 
a b c d e 
3 1 2 0 0 1 5 0 0 0 6 0 10 0 7 0 2 1 7 1 7 0 6 1 
6 1 6 -1 7 0 8 1 6 1 6 -1 11 1 1 1 11 0 5 0 10 1 2 -1 
8 0 3 0 4 1 7 0 11 1 11 0 10 1 1 1 0 1 0 1 8 0 10 0 
5 0 0 0 11 0 2 0 0 0 9 1 6 1 7 -1 8 1 10 1 3 1 11 1 
8 0 2 1 8 0 11 0 5 0 3 1 10 0 3 1 6 0 2 1 9 1 0 0 
6 -1 4 -1 9 -1 6 -1 11 0 3 1 3 -1 2 -1 5 -1 9 -1 1 1 10 -1 
1 0 5 0 10 1 0 1 5 0 11 1 6 0 8 0 6 1 3 0 4 1 8 1 
0 -1 0 -1 10 0 4 -1 5 -1 9 -1 8 0 5 -1 3 -1 11 0 11 0 11 0 
2 1 0 1 6 1 9 1 1 0 10 1 9 1 8 0 6 0 9 0 9 1 4 0 
4 -1 11 1 11 0 11 0 8 -1 11 -1 1 -1 9 1 6 -1 2 0 10 -1 2 1 
Language_47
12
0
0 1 3 4 7 9 10 
a b c d e 
5 1 2 1 7 1 11 0 1 1 0 1 8 0 2 1 4 0 1 1 7 1 11 1 
5 1 7 -1 5 0 10 -1 10 -1 5 -1 1 -1 1 -1 8 -1 4 -1 1 -1 1 -1 
0 1 1 1 9 0 3 1 3 1 2 1 3 1 6 1 2 0 4 1 2 0 4 0 
1 -1 10 0 9 -1 9 -1 7 -1 4 -1 9 1 2 -1 10 0 5 1 5 -1 10 -1 
3 1 9 0 11 1 7 1 6 1 4 1 0 0 7 1 0 0 3 0 11 1 4 1 
5 -1 11 0 11 -1 11 1 2 1 9 -1 9 0 0 1 10 0 2 1 3 0 0 1 
10 0 11 1 0 1 6 0 8 1 11 0 7 1 0 0 11 0 10 1 6 0 3 0 
5 1 4 1 8 1 0 0 8 1 9 1 8 -1 1 -1 3 -1 7 -1 2 0 7 -1 
0 0 0 0 7 1 2 1 11 0 11 1 2 1 6 1 10 0 3 0 4 0 5 0 
6 -1 6 0 9 -1 5 0 3 0 5 0 6 1 7 -1 4 -1 11 -1 4 1 8 0 
Language_48
12
0
1 9 10 11 
a b c d e 
3 1 0 1 0 1 3 0 9 0 8 0 5 0 8 0 7 1 10 0 4 0 11 1 
1 1 7 1 6 1 7 0 1 -1 1 0 4 0 5 1 10 0 7 0 8 -1 4 0 
10 0 8 1 11 1 1 0 11 0 0 1 10 0 4 1 1 0 8 1 8 1 4 0 
2 -1 4 0 10 1 5 0 3 1 8 -1 9 -1 5 1 7 0 9 1 9 1 7 1 
11 1 9 0 8 1 8 1 11 0 9 1 7 1 7 0 1 0 6 0 6 1 0 0 
5 0 9 1 10 0 7 -1 9 -1 10 1 7 0 9 1 9 0 0 -1 2 1 6 0 
8 0 7 1 5 1 0 0 10 0 7 0 0 0 0 0 5 1 11 1 1 1 9 1 
0 0 5 0 0 1 6 0 6 1 2 1 2 -1 11 -1 10 -1 7 -1 5 -1 5 0 
0 1 11 1 10 0 11 1 2 0 1 0 1 1 9 0 7 1 3 0 7 1 8 1 
3 -1 5 0 11 1 9 1 6 1 11 1 0 0 8 1 2 0 5 1 9 0 8 0 
Language_49
12
0
0 2 4 6 9 10 
a b c d e 
1 1 9 1 10 1 7 0 1 1 4 0 2 0 6 0 5 0 5 1 3 1 8 1 
9 0 0 1 0 -1 11 1 4 0 4 -1 10 -1 1 1 1 1 5 -1 8 -1 11 0 
2 0 8 1 8 1 3 1 3 0 5 1 5 1 7 1 5 1 3 0 6 1 0 1 
8 1 7 -1 1 0 11 -1 5 -1 2 0 6 1 10 1 9 0 11 0 8 1 5 -1 
0 0 5 1 10 0 11 1 11 1 9 0 8 0 2 1 2 0 1 1 0 0 5 1 
2 1 0 1 4 0 1 -1 5 1 7 1 9 0 11 -1 2 -1 9 1 3 1 11 0 
7 0 2 1 9 0 9 0 11 1 6 0 6 0 2 1 7 1 10 0 3 1 3 0 
7 1 10 0 2 1 1 -1 10 0 6 0 7 -1 10 -1 10 -1 7 0 11 0 0 0 
9 1 2 0 7 0 8 1 8 0 2 1 5 1 8 0 2 1 11 1 0 0 6 1 
11 -1 11 1 3 1 9 -1 0 1 6 -1 5 1 1 0 11 1 2 -1 8 1 8 0 
Language_50
12
0
0 3 5 7 8 
a b c d e 
0 1 9 1 3 0 1 1 6 0 4 0 1 0 9 0 5 1 1 0 6 0 10 1 
5 1 8 -1 3 -1 4 1 8 -1 5 -1 3 1 11 0 5 1 2 -1 9 0 10 -1 
1 1 3 0 8 1 10 1 5 0 5 1 1 0 7 1 4 1 10 0 6 1 3 1 
6 -1 1 -1 2 0 2 0 8 0 0 1 7 1 10 0 2 1 9 1 1 0 8 1 
1 1 10 0 10 1 7 0 0 1 4 0 11 1 0 1 5 0 0 1 0 1 11 1 
8 0 7 1 8 1 6 1 11 0 7 -1 0 0 8 1 0 -1 11 -1 0 0 1 1 
11 0 5 0 1 1 10 1 0 0 0 0 8 1 7 1 8 0 2 1 0 1 2 0 
2 0 0 0 3 1 7 0 4 1 6 1 3 1 4 0 5 -1 7 -1 7 0 1 -1 
2 1 4 0 0 0 5 1 7 0 8 0 9 0 10 1 6 0 11 1 10 1 5 1 
8 -1 9 -1 6 -1 4 -1 10 1 5 0 7 0 2 -1 0 1 11 1 9 0 5 0 
Language_51
12
0
2 7 8 10 
a b c d e 
1 1 5 1 11 1 3 0 11 1 6 1 4 1 3 1 3 0 2 0 9 1 8 1 
1 1 9 1 8 1 11 0 0 -1 8 -1 10 1 11 0 11 -1 5 1 1 1 0 1 
6 1 6 0 4 1 1 1 4 0 9 1 2 1 10 1 6 0 2 0 8 1 3 0 
0 0 2 1 11 1 1 0 3 0 6 0 2 1 8 -1 1 -1 2 -1 7 0 5 0 
6 1 8 0 1 1 6 1 4 1 3 1 3 0 0 0 11 0 4 0 2 0 11 0 
8 0 11 0 2 -1 6 0 6 1 0 1 5 -1 7 0 4 -1 9 1 8 -1 3 1 
3 0 6 1 8 1 0 1 3 1 9 1 3 1 1 1 2 1 10 0 2 0 7 1 
9 0 10 -1 6 0 0 -1 8 1 5 1 0 1 3 -1 0 -1 11 1 8 0 10 1 
11 0 3 0 2 1 3 1 1 0 8 0 8 0 0 1 3 0 8 1 3 0 10 0 
7 0 3 0 9 1 3 -1 4 1 4 0 10 -1 10 0 0 1 11 0 10 1 10 0 
Language_52
12
0
0 1 2 4 
a b c d e 
2 0 7 0 3 0 8 1 4 1 4 0 10 0 5 1 5 0 9 1 6 1 1 1 
6 0 2 1 9 0 0 1 2 0 2 -1 7 1 2 1 11 -1 1 1 11 -1 9 1 
9 0 4 0 2 1 0 1 8 0 0 0 4 1 3 0 2 1 9 1 9 0 3 0 
2 -1 11 0 7 -1 11 0 11 1 1 -1 0 0 5 -1 7 -1 5 1 6 -1 6 1 
8 0 11 0 7 1 8 0 3 1 6 1 1 0 11 0 6 0 9 0 1 0 11 0 
10 -1 9 -1 8 -1 11 1 1 -1 1 1 7 -1 9 1 4 0 4 1 2 1 2 0 
4 0 6 1 0 1 2 0 5 0 3 0 1 1 9 1 11 0 7 0 6 0 6 0 
5 -1 3 1 10 1 6 0 2 1 7 0 2 -1 10 0 5 1 10 1 8 -1 8 -1 
0 0 11 1 0 1 3 0 9 1 5 0 11 1 9 0 8 0 4 0 5 1 10 0 
8 -1 0 0 7 -1 11 0 3 1 5 -1 10 0 2 0 0 -1 3 1 8 -1 7 0 
Language_53
12
0
1 3 5 6 8 9 10 11 
a b c d e 
3 0 7 1 9 0 11 1 5 1 1 0 5 0 8 0 10 1 10 1 11 1 11 0 
4 -1 10 1 1 -1 8 1 0 -1 0 -1 6 -1 7 1 10 1 0 1 1 1 1 0 
11 0 1 1 9 0 8 0 6 1 11 0 9 1 10 1 9 0 9 0 10 1 5 1 
0 -1 6 -1 8 1 0 -1 7 -1 1 -1 5 0 0 -1 11 0 5 -1 7 1 8 1 
8 1 1 0 11 0 6 0 4 0 1 1 7 0 5 0 5 0 11 0 8 0 5 1 
7 1 11 -1 7 1 2 -1 11 1 4 -1 4 -1 5 -1 8 1 6 0 6 -1 0 -1 
11 0 8 0 7 1 3 1 11 0 8 0 4 1 2 0 3 0 6 1 2 0 9 0 
4 -1 7 1 11 1 9 -1 6 -1 8 1 7 1 9 0 2 1 0 -1 3 -1 0 1 
3 0 8 0 0 0 9 1 2 0 7 0 3 0 8 1 9 1 7 0 11 1 1 1 
6 -1 7 0 3 1 4 -1 1 0 10 1 11 0 8 0 5 1 0 1 0 1 3 0 
Language_54
12
0
1 6 7 9 10 11 
a b c d e 
0 0 0 0 7 0 3 0 0 1 1 0 9 1 9 1 1 0 8 1 10 0 3 1 
10 0 6 -1 11 0 9 0 9 -1 5 1 9 -1 11 0 3 -1 3 1 3 1 5 0 
11 1 3 0 4 1 0 0 5 0 4 1 5 0 7 0 0 0 5 1 3 0 4 0 
9 0 9 1 10 1 1 -1 6 -1 10 1 5 0 9 -1 5 0 0 -1 2 1 9 1 
10 0 6 1 1 0 5 0 7 0 4 0 11 0 2 1 5 0 10 1 0 0 11 1 
11 -1 9 0 3 1 11 1 7 1 8 0 5 -1 10 -1 3 -1 10 1 8 0 3 0 
10 1 10 0 1 0 1 0 1 0 3 1 3 0 11 1 8 0 8 0 8 1 2 1 
10 -1 8 -1 8 -1 7 1 11 1 10 -1 10 0 3 -1 6 0 10 1 7 0 3 -1 
3 0 5 1 6 0 7 1 7 0 8 1 4 0 5 0 9 1 1 1 8 1 10 1 
7 -1 8 0 3 1 0 1 4 -1 1 -1 3 0 7 0 5 -1 10 -1 1 1 8 -1 
Language_55
12
0
0 2 7 9 10 
a b c d e 
10 1 5 1 3 1 7 0 5 1 11 0 3 1 3 0 2 0 6 0 11 0 5 1 
1 0 2 0 11 0 1 1 3 -1 9 -1 7 1 2 1 5 1 4 1 9 0 2 1 
8 0 2 0 10 1 10 0 11 0 0 1 0 1 0 0 5 1 7 1 1 1 0 0 
3 0 2 -1 5 -1 7 1 9 1 6 -1 5 -1 6 0 10 0 0 1 2 -1 11 0 
10 0 6 1 8 0 4 0 11 0 10 0 5 0 10 1 11 1 3 0 6 0 9 1 
0 -1 2 0 1 -1 5 -1 8 -1 6 0 2 -1 8 1 9 -1 6 0 11 -1 9 -1 
3 0 5 0 2 1 9 1 4 0 10 0 10 0 0 0 4 1 6 1 11 0 2 1 
7 1 4 -1 11 1 11 -1 7 1 4 -1 0 1 9 1 11 1 4 -1 3 0 3 0 
3 0 5 1 2 1 3 1 1 1 11 0 0 0 7 0 2 1 2 1 9 1 10 0 
3 1 11 0 3 -1 10 -1 10 1 2 -1 7 1 8 1 6 1 4 -1 3 0 9 0 
Language_56
12
0
1 5 7 9 10 
a b c d e 
7 1 4 0 2 1 7 0 0 1 5 1 7 1 5 0 6 1 9 1 6 0 8 1 
3 0 1 1 11 -1 5 -1 9 1 4 1 5 0 5 -1 10 0 11 -1 11 0 2 -1 
6 1 9 1 4 1 2 0 2 1 10 1 8 1 3 0 8 1 11 1 8 0 4 1 
0 -1 7 0 5 1 1 0 4 -1 0 1 3 -1 11 0 5 1 8 -1 8 1 1 1 
0 1 2 1 4 0 6 1 6 0 4 1 4 1 7 0 11 0 8 0 8 0 3 1 
9 0 11 0 0 1 3 0 0 -1 0 -1 10 -1 6 0 2 -1 11 1 10 0 4 -1 
2 1 6 1 2 1 9 0 6 0 11 1 6 0 1 0 10 1 9 1 5 1 4 0 
6 0 1 -1 10 -1 4 -1 9 1 0 -1 5 0 0 -1 8 0 1 -1 1 0 10 1 
4 0 2 1 8 0 2 0 5 0 6 0 9 1 11 0 0 0 3 1 11 1 7 0 
0 1 4 1 3 1 8 0 4 1 11 0 3 0 6 1 11 -1 5 1 11 0 5 0 
Language_57
12
0
0 3 6 7 9 10 11 
a b c d e 
11 0 0 0 10 0 9 0 6 1 4 1 6 0 8 0 6 1 8 0 5 1 10 0 
8 -1 10 0 9 -1 11 1 9 -1 11 0 7 0 6 1 11 -1 2 1 3 -1 2 -1 
10 1 2 0 6 1 2 0 9 1 5 1 0 0 11 0 9 1 1 0 7 1 2 1 
4 1 11 -1 11 1 1 1 0 1 6 1 1 1 9 0 4 1 1 0 8 0 7 -1 
1 0 7 0 11 0 11 0 2 1 7 0 8 0 1 0 2 1 5 0 5 1 2 0 
3 1 2 0 8 -1 4 1 10 0 3 0 10 1 0 -1 5 1 10 0 7 0 8 -1 
8 0 7 0 1 0 5 1 2 0 1 0 11 1 2 0 1 1 10 0 8 0 0 0 
1 -1 5 0 2 1 9 1 10 -1 6 -1 2 -1 4 1 4 0 5 0 11 1 6 -1 
2 1 9 0 4 1 11 1 4 1 11 1 1 0 6 0 5 0 0 0 1 0 6 0 
9 1 1 1 0 0 3 -1 4 0 6 -1 7 1 10 1 4 -1 7 0 8 0 3 -1 
Language_58
12
0
0 2 3 4 11 
a b c d e 
3 1 9 0 1 0 8 0 6 0 4 0 10 0 11 0 9 1 6 0 7 1 1 1 
11 -1 8 1 1 1 8 1 8 0 11 0 6 -1 8 0 7 1 6 -1 8 0 6 1 
8 1 0 1 8 1 8 1 7 1 5 1 8 1 1 1 11 1 4 1 1 1 6 1 
3 1 7 1 10 1 7 0 1 -1 6 1 11 -1 5 0 5 0 3 0 5 0 5 -1 
3 1 9 1 8 1 10 0 10 0 9 1 11 0 2 1 10 0 8 0 9 0 3 0 
4 -1 8 1 3 1 3 1 1 -1 3 1 9 0 11 -1 2 0 0 0 5 1 0 -1 
4 1 4 1 1 1 0 0 10 0 11 0 0 1 2 0 1 0 6 0 0 0 8 0 
8 0 2 1 1 0 3 0 8 0 6 0 7 1 8 1 2 0 4 1 6 -1 5 0 
11 0 0 0 1 0 4 0 8 1 2 0 2 0 6 1 10 0 8 1 2 1 7 1 
4 -1 2 -1 4 -1 10 -1 1 0 11 0 5 -1 4 -1 7 -1 4 0 7 0 5 -1 
Language_59
12
0
0 3 5 6 11 
a b c d e 
3 1 0 0 10 0 2 0 3 0 9 0 1 0 8 1 10 1 5 1 4 1 0 0 
5 1 7 -1 4 1 4 1 7 -1 11 0 8 1 11 0 5 -1 11 -1 1 0 0 0 
1 0 0 0 6 0 7 1 7 0 8 1 4 1 0 1 2 0 9 0 11 1 4 1 
6 -1 10 0 11 0 3 1 8 -1 5 0 2 1 1 0 4 -1 0 1 7 -1 5 1 
11 1 9 1 3 1 1 0 5 0 1 1 4 0 7 1 6 1 6 1 9 0 3 0 
10 1 0 -1 2 0 4 1 0 0 0 1 11 0 3 0 5 -1 2 -1 7 0 5 -1 
3 1 0 0 3 1 7 0 6 0 8 1 4 1 10 0 1 1 1 1 11 0 4 0 
10 0 3 -1 7 -1 9 0 3 0 10 -1 3 1 2 -1 6 0 10 1 1 1 10 0 
1 1 3 1 3 1 10 1 8 0 8 0 3 1 7 1 0 1 2 1 9 0 11 0 
5 0 3 1 3 1 8 -1 3 -1 10 1 2 1 9 1 2 0 4 0 1 -1 9 1 
Language_60
12
0
1 3 5 6 10 11 
a b c d e 
5 0 10 1 3 0 1 0 7 0 2 0 0 1 2 1 1 0 6 1 8 1 7 0 
5 0 1 0 4 0 2 1 11 0 4 -1 2 0 9 0 3 -1 7 0 4 0 7 1 
3 1 6 0 3 0 3 0 3 0 11 0 11 0 11 1 2 1 10 1 1 1 8 0 
2 1 4 0 1 0 6 1 8 -1 0 -1 7 -1 10 -1 7 0 11 1 2 -1 7 -1 
11 1 4 0 11 1 2 1 3 0 2 1 9 0 2 0 9 1 9 1 11 0 1 1 
0 1 3 0 9 -1 4 1 2 1 8 1 6 1 11 -1 4 1 6 1 10 -1 7 1 
0 0 6 0 1 0 11 1 11 0 4 0 2 1 7 0 10 1 1 0 7 1 3 0 
3 1 0 1 1 -1 11 -1 11 0 5 1 0 -1 4 0 7 1 10 1 10 1 9 1 
0 1 0 1 5 0 3 0 9 0 5 1 6 1 9 0 5 1 1 1 4 1 6 1 
4 1 4 0 6 1 11 0 2 -1 0 1 3 0 10 -1 9 -1 11 1 11 1 10 0 
Language_61
12
0
1 2 6 7 8 
a b c d e 
2 0 2 1 5 1 11 0 9 1 8 0 1 1 3 0 2 0 11 1 2 0 5 1 
5 1 6 0 10 -1 3 1 10 1 8 -1 2 0 2 1 7 -1 2 -1 7 -1 9 1 
10 1 1 1 9 1 3 1 10 0 1 1 5 1 6 0 11 0 11 0 5 1 4 1 
9 0 11 0 8 0 5 1 5 -1 9 1 3 0 8 1 11 1 9 -1 4 1 1 -1 
3 0 5 1 10 1 0 0 10 0 6 1 7 1 10 0 6 0 11 0 1 1 6 1 
6 0 3 -1 8 1 0 -1 5 1 5 -1 3 0 5 0 2 1 10 -1 2 1 2 0 
11 0 8 1 8 1 11 0 6 1 0 1 0 1 1 1 3 1 10 0 2 0 10 0 
1 -1 5 1 7 -1 9 0 6 -1 9 1 5 1 5 -1 8 -1 10 1 6 -1 11 -1 
11 0 6 0 3 0 1 0 4 0 8 1 6 1 1 0 10 1 11 1 5 0 3 0 
10 0 8 0 3 0 4 -1 7 -1 2 1 6 1 2 0 0 0 9 1 8 -1 11 0 
Language_62
12
0
0 3 5 6 8 10 
a b c d e 
6 1 7 0 3 0 0 0 0 0 0 1 11 1 8 0 9 1 4 0 11 1 5 0 
4 0 10 0 1 -1 9 0 0 0 10 -1 1 1 8 1 7 0 2 0 5 0 4 -1 
3 1 9 1 3 1 3 0 2 0 4 0 11 1 11 1 8 0 11 0 9 0 6 1 
6 0 6 0 5 0 3 1 9 -1 2 0 2 0 7 -1 11 0 0 0 0 -1 0 0 
9 1 4 0 2 0 8 0 11 0 2 0 8 1 0 0 4 1 1 1 8 0 4 0 
3 0 4 -1 1 -1 4 0 9 -1 7 -1 0 0 9 -1 2 1 3 1 10 -1 7 -1 
2 1 5 0 2 0 10 1 2 0 3 0 2 1 5 1 2 1 8 0 9 0 0 0 
8 -1 9 -1 10 -1 5 1 5 -1 3 0 0 1 10 1 10 0 3 0 4 -1 2 -1 
6 0 8 0 2 0 10 0 11 0 5 0 2 0 2 0 10 1 7 1 9 1 1 0 
9 -1 8 1 2 0 11 1 8 0 1 1 4 -1 2 -1 5 0 10 0 9 1 1 -1 
Language_63
12
0
0 1 2 5 6 8 10 11 
a b c d e 
4 0 0 1 10 0 4 0 4 0 1 1 7 1 11 0 1 1 0 1 2 0 6 1 
1 0 4 -1 10 1 2 1 10 -1 2 1 6 0 4 1 8 1 4 1 4 -1 4 0 
10 1 0 1 5 1 4 0 8 1 0 0 11 0 3 1 0 1 10 0 10 1 8 1 
4 -1 5 0 2 1 0 -1 11 1 5 0 9 -1 3 0 5 -1 9 1 0 -1 10 0 
2 1 8 1 0 0 3 1 10 0 8 1 4 0 0 0 3 1 7 0 8 1 0 1 
3 -1 6 0 5 0 2 1 6 1 6 -1 9 -1 10 -1 10 0 2 -1 7 0 11 0 
3 1 4 1 9 1 4 1 11 0 11 0 4 1 8 0 0 0 6 1 7 1 10 1 
8 -1 1 -1 0 0 9 1 1 1 2 1 0 1 7 0 4 -1 5 1 0 0 3 0 
6 0 11 0 9 1 0 0 7 1 11 1 9 0 5 0 8 0 11 0 2 0 8 1 
7 0 6 -1 5 0 1 1 3 0 5 -1 5 1 9 1 11 -1 2 -1 1 0 10 1 
Language_64
12
0
3 4 9 
a b c d e 
10 0 4 0 10 0 1 0 1 0 2 0 5 0 1 0 10 0 8 0 0 0 2 0 
1 -1 2 1 6 0 4 1 1 1 3 1 7 1 6 -1 4 -1 7 -1 2 -1 5 -1 
11 1 1 1 8 0 0 1 2 1 9 0 0 1 6 0 9 1 7 0 6 1 6 1 
1 -1 5 0 4 1 3 -1 0 0 5 1 6 -1 7 0 1 0 3 0 3 -1 5 1 
7 0 1 1 9 0 6 0 5 0 1 0 2 1 1 0 4 1 9 1 1 1 3 0 
6 1 3 1 10 -1 5 1 4 -1 1 1 0 0 8 0 11 -1 11 1 1 -1 4 -1 
7 0 0 0 10 1 4 1 9 1 10 0 11 0 2 0 0 1 1 0 9 1 11 1 
6 -1 3 1 8 -1 9 -1 5 -1 10 1 6 0 4 -1 0 -1 8 1 3 1 6 1 
10 0 8 1 8 1 1 1 10 0 0 0 6 0 0 1 1 1 10 1 4 0 6 1 
8 1 3 -1 3 1 8 0 8 1 8 -1 4 0 3 -1 0 -1 11 0 2 0 3 0 
Language_65
12
0
0 1 3 4 5 6 7 8 9 11 
a b c d e 
9 0 11 1 2 0 2 1 1 1 1 0 4 0 8 1 0 1 8 0 8 0 4 0 
4 -1 6 1 4 1 2 1 8 1 3 1 1 -1 7 -1 3 1 9 0 8 0 4 0 
2 0 6 1 0 1 10 1 4 0 0 1 8 0 10 0 1 0 6 0 6 0 4 1 
7 1 8 0 9 0 8 -1 3 1 11 1 7 -1 8 0 1 -1 8 -1 8 0 3 -1 
5 0 7 0 7 1 3 1 9 1 0 0 3 1 6 1 7 1 6 1 2 1 8 1 
6 -1 4 -1 2 -1 10 1 6 0 5 -1 0 0 8 -1 2 0 0 0 0 0 1 1 
10 0 3 0 9 1 6 0 11 0 2 1 10 1 3 0 11 0 1 0 9 1 5 0 
11 -1 0 1 3 0 4 -1 7 -1 2 -1 0 1 3 0 2 0 4 1 8 -1 2 -1 
3 1 9 0 10 0 10 0 11 0 5 0 7 1 5 0 1 0 4 1 3 1 10 1 
1 0 10 -1 2 -1 10 -1 3 1 1 0 10 -1 10 1 8 -1 11 -1 1 -1 7 0 
Language_66
12
0
0 1 2 5 7 
a b c d e 
8 1 4 1 7 0 3 0 6 0 10 0 4 1 10 0 6 0 1 1 7 1 8 1 
2 0 10 -1 3 1 10 -1 9 1 0 0 2 -1 4 0 7 0 9 1 9 1 3 -1 
4 1 1 0 10 1 11 1 1 1 0 1 10 1 6 1 4 0 6 1 7 1 3 0 
0 -1 1 0 0 0 9 0 7 1 10 1 1 1 6 0 10 1 3 1 9 0 7 1 
10 0 3 0 0 1 9 1 0 0 5 0 0 0 6 1 7 1 7 0 2 0 11 0 
6 -1 5 0 9 0 2 0 1 -1 8 1 3 -1 11 -1 10 -1 4 0 10 -1 1 -1 
2 1 5 1 5 1 9 1 5 0 11 1 11 0 11 1 1 1 7 0 11 1 2 0 
0 -1 4 0 1 -1 8 1 10 0 4 1 1 1 1 0 1 0 2 -1 0 -1 10 0 
6 0 10 0 2 1 11 0 6 1 5 1 4 1 1 1 9 0 2 0 8 0 4 0 
5 0 2 1 9 1 10 0 11 0 6 1 7 0 0 -1 9 1 10 -1 0 0 7 -1 
Language_67
12
0
0 1 2 6 7 8 11 
a b c d e 
1 1 9 1 10 1 4 0 1 0 7 0 3 0 10 0 0 0 7 0 5 1 1 1 
7 1 6 0 2 1 11 -1 4 -1 10 -1 5 -1 1 0 10 -1 9 -1 9 0 6 -1 
1 0 8 0 2 1 2 0 2 0 4 1 9 0 11 0 0 1 1 1 10 0 4 0 
8 -1 8 0 9 0 11 0 3 -1 4 0 7 -1 1 1 11 0 9 0 9 -1 9 1 
3 1 2 0 6 0 5 1 11 0 8 0 5 1 3 0 4 0 6 0 6 1 7 0 
6 0 7 1 10 -1 9 0 10 1 9 1 4 0 2 1 5 -1 9 0 2 0 6 -1 
3 1 10 1 0 1 2 0 2 0 0 0 4 0 4 0 4 1 2 1 8 1 2 0 
2 0 3 1 9 1 11 -1 9 1 7 1 11 1 4 0 5 0 2 0 3 1 6 1 
1 1 2 0 6 0 11 1 1 1 11 1 9 0 3 1 10 0 5 0 0 0 8 0 
3 1 4 0 6 -1 3 1 0 -1 10 -1 10 1 3 -1 3 0 10 1 7 0 2 0 
Language_68
12
0
0 1 3 5 6 11 
a b c d e 
4 1 0 0 0 1 7 0 0 1 0 0 11 1 5 1 4 0 5 0 5 0 11 1 
10 0 4 0 1 -1 2 -1 6 1 8 1 4 -1 10 0 10 0 3 0 11 0 8 1 
3 0 2 0 10 1 9 1 8 1 4 0 0 1 4 1 5 1 2 1 10 1 1 0 
0 1 5 1 7 -1 1 -1 3 1 0 0 10 -1 5 0 3 -1 6 1 7 0 0 1 
2 1 3 0 9 0 7 0 4 1 6 0 11 0 11 1 6 0 9 1 7 1 6 1 
7 0 10 1 5 0 7 -1 3 0 11 -1 8 0 4 1 7 -1 9 1 5 1 10 1 
5 1 11 1 2 0 7 1 5 1 9 1 7 1 4 1 2 1 4 0 1 0 4 0 
2 -1 3 0 0 -1 2 -1 5 -1 8 -1 6 1 11 -1 11 1 10 1 8 0 1 1 
5 1 4 0 6 0 11 0 9 0 10 0 8 1 8 0 3 0 1 1 9 1 0 0 
0 -1 11 1 5 1 4 -1 4 -1 5 0 7 -1 3 0 6 -1 8 -1 4 -1 11 -1 
Language_69
12
0
1 2 3 6 9 10 11 
a b c d e 
5 0 2 0 0 1 1 1 6 1 3 0 2 1 11 0 10 1 2 1 9 1 8 1 
10 0 5 1 7 1 11 -1 11 1 9 -1 3 -1 5 0 6 1 4 -1 3 -1 9 1 
6 0 10 1 2 0 6 0 5 0 3 0 3 1 11 1 6 0 2 0 11 1 5 0 
8 0 3 1 11 0 4 -1 8 1 9 -1 10 1 11 -1 11 0 1 1 8 1 8 1 
7 0 0 0 10 1 11 0 5 0 9 0 9 0 2 0 10 0 2 1 5 1 5 1 
10 1 0 -1 9 1 0 0 2 0 5 1 0 -1 8 -1 0 1 10 -1 2 1 5 1 
2 0 9 0 11 1 0 1 8 0 7 0 0 1 11 1 3 0 3 0 8 0 5 1 
0 -1 2 -1 5 0 5 1 7 1 8 1 0 1 9 -1 6 1 6 -1 4 1 6 1 
1 1 11 1 0 1 11 1 1 1 6 0 9 0 5 0 11 1 5 1 6 0 7 1 
3 1 5 -1 10 0 7 -1 5 0 0 1 8 -1 5 -1 2 0 11 0 4 1 0 1 
Language_70
12
0
0 1 5 7 8 9 
a b c d e 
5 0 8 1 6 1 5 0 9 1 2 0 4 0 5 1 5 1 7 0 1 0 4 0 
1 -1 4 1 0 0 9 0 2 -1 10 0 8 -1 11 0 0 1 2 -1 11 0 3 1 
10 0 6 1 9 1 5 1 8 0 11 0 9 0 2 0 4 0 7 0 6 0 2 0 
10 -1 0 0 4 -1 5 -1 2 0 7 1 6 -1 3 1 6 -1 1 0 2 -1 5 -1 
11 0 8 1 0 1 1 0 10 1 6 0 4 1 7 1 0 0 4 0 5 1 8 0 
3 1 2 1 0 -1 4 0 9 1 1 0 10 -1 0 0 0 1 7 1 8 1 7 1 
9 0 9 0 7 1 0 0 11 1 0 0 10 0 1 0 4 0 10 0 11 0 11 1 
3 1 7 0 1 0 9 0 6 1 7 1 5 -1 6 1 9 1 2 0 9 0 8 -1 
6 1 9 0 11 1 10 0 8 1 10 1 11 1 2 1 10 1 4 1 0 0 3 1 
8 -1 7 0 6 -1 7 1 1 1 2 -1 0 1 2 0 2 0 4 1 5 0 1 -1 
Language_71
12
0
0 1 3 4 5 6 7 8 9 11 
a b c d e 
9 1 4 1 3 0 8 0 11 1 3 1 0 0 4 0 11 1 1 1 3 0 11 0 
10 0 6 0 3 -1 5 1 6 -1 0 -1 10 -1 7 0 1 -1 10 1 7 0 4 1 
2 1 8 1 9 0 9 0 11 1 9 1 1 1 3 1 8 1 9 1 3 0 10 0 
6 -1 9 1 9 0 9 1 8 0 0 0 6 1 4 -1 3 -1 9 1 10 -1 8 -1 
5 1 6 1 4 0 9 1 6 0 9 1 8 0 2 0 8 1 4 1 8 0 11 0 
1 1 5 -1 11 1 1 -1 10 1 1 1 10 1 9 0 5 0 9 1 2 0 4 -1 
7 1 11 1 2 0 6 1 3 0 10 0 7 1 0 0 6 1 7 1 3 1 8 1 
1 0 5 1 3 1 9 -1 3 0 4 1 11 -1 7 -1 1 0 8 -1 9 0 7 -1 
9 1 11 1 4 0 9 0 10 1 0 0 11 1 2 1 11 1 4 0 1 0 2 0 
7 -1 7 1 9 0 3 -1 0 1 5 1 5 1 11 1 2 0 5 0 6 0 3 -1 
Language_72
12
0
0 2 3 4 5 6 7 8 10 11 
a b c d e 
10 1 5 1 8 1 9 1 9 1 10 0 3 1 6 1 6 1 4 1 11 0 8 0 
5 -1 7 1 6 0 6 1 1 0 2 -1 2 1 5 1 8 1 11 -1 6 1 0 1 
3 0 3 1 10 0 8 0 11 1 7 1 7 0 0 1 2 1 6 1 7 0 8 1 
5 -1 4 1 8 0 5 0 9 0 8 0 9 -1 10 -1 9 1 9 1 3 -1 8 0 
7 0 5 0 8 0 1 0 8 0 3 0 1 1 2 1 3 0 11 0 10 0 1 0 
5 0 6 1 10 1 10 -1 0 -1 4 -1 8 0 5 0 9 0 7 0 3 -1 8 0 
2 1 5 1 6 0 4 1 10 1 6 1 7 1 11 1 3 0 6 0 6 1 9 1 
8 -1 6 0 8 1 2 1 0 0 3 1 6 0 6 0 9 -1 10 1 5 1 1 0 
1 1 2 0 7 1 5 1 3 0 3 0 9 0 9 1 8 1 3 1 3 1 1 0 
7 0 6 -1 2 0 10 1 11 1 11 1 8 -1 7 0 5 1 9 1 10 -1 5 1 
Language_73
12
0
0 2 4 6 8 9 10 11 
a b c d e 
2 0 1 1 1 0 6 1 6 0 0 1 9 0 10 0 2 1 2 1 2 0 2 0 
10 0 5 0 6 0 1 0 8 0 11 -1 6 1 6 -1 8 -1 4 -1 8 1 4 -1 
11 1 11 0 5 1 10 0 7 1 2 0 1 0 11 0 9 1 2 1 3 0 1 1 
7 0 10 0 5 1 9 1 4 1 10 1 0 0 7 1 8 0 8 0 0 -1 2 0 
2 0 2 1 10 0 10 0 11 1 2 1 3 0 0 1 3 1 4 0 8 0 1 0 
5 1 7 -1 11 -1 1 -1 4 -1 5 -1 3 0 10 -1 11 1 8 0 10 -1 3 0 
4 0 5 1 5 1 7 1 9 0 9 0 10 1 0 1 0 1 4 1 6 1 0 1 
7 -1 9 1 10 1 5 -1 1 0 8 -1 7 0 1 0 5 -1 4 -1 9 1 0 1 
0 1 2 0 10 1 3 0 1 0 1 1 3 1 8 1 1 1 10 0 5 1 4 1 
0 1 0 1 4 0 5 -1 1 1 6 0 2 -1 9 1 0 -1 9 0 9 0 10 1 
Language_74
12
0
1 7 9 10 11 
a b c d e 
9 0 3 1 7 0 8 1 7 1 5 0 10 0 6 0 11 1 2 0 11 0 6 0 
1 -1 8 0 4 -1 7 -1 7 -1 9 1 5 -1 0 0 10 0 3 0 11 0 4 1 
2 0 11 0 10 1 5 1 5 0 3 1 3 1 8 1 9 1 0 1 10 1 6 1 
6 1 10 1 11 -1 8 1 1 1 0 0 9 0 5 0 0 1 1 0 4 1 0 1 
2 0 7 1 1 1 6 1 5 0 6 0 3 1 2 1 9 1 10 0 0 1 5 1 
0 1 11 1 2 -1 2 -1 8 1 3 -1 11 0 4 0 2 -1 5 0 4 0 9 1 
8 0 1 1 4 0 3 1 9 0 5 0 6 0 11 1 2 0 11 0 3 1 11 1 
6 -1 10 1 1 1 2 0 7 0 8 1 10 1 1 1 2 -1 7 1 10 1 5 1 
5 0 10 1 5 0 7 1 7 1 6 1 9 1 0 1 1 1 0 1 9 1 5 1 
7 -1 5 -1 5 0 9 0 3 -1 3 0 3 1 0 0 7 0 7 -1 8 -1 3 1 
Language_75
12
0
0 1 4 6 8 11 
a b c d e 
7 1 6 1 7 1 10 1 8 1 11 1 11 1 7 1 9 0 9 1 7 1 5 0 
6 1 4 0 1 1 4 0 9 0 6 -1 10 1 4 -1 5 0 5 -1 5 0 1 -1 
10 1 2 0 4 0 10 1 8 0 3 0 6 1 8 0 5 0 1 1 6 0 0 1 
4 -1 7 -1 7 1 10 0 2 -1 4 -1 7 1 10 1 4 0 4 -1 10 -1 9 0 
2 0 8 1 11 0 4 1 0 0 0 0 3 0 3 1 9 1 9 0 4 1 5 1 
8 -1 6 -1 10 1 8 1 0 -1 6 0 4 0 6 1 11 -1 2 0 9 -1 5 -1 
6 1 11 1 9 0 6 1 0 0 9 0 1 1 10 0 0 1 8 0 11 1 5 1 
11 0 10 0 10 1 1 1 0 0 5 -1 3 0 4 -1 0 1 3 1 6 0 11 1 
4 0 3 0 4 0 8 0 10 0 0 1 9 0 0 1 10 1 3 1 4 1 8 1 
0 -1 11 1 3 -1 4 1 3 0 8 0 11 1 0 -1 7 -1 7 -1 10 1 0 0 
Language_76
12
0
0 2 3 4 5 6 8 9 10 
a b c d e 
5 0 0 1 5 0 11 1 9 0 3 1 7 1 11 1 5 1 11 0 1 1 2 0 
1 1 0 1 3 -1 7 -1 1 0 5 1 9 -1 7 -1 7 -1 11 -1 4 -1 5 0 
7 0 10 0 7 1 6 0 5 0 8 0 1 0 2 1 3 0 6 1 0 1 0 1 
0 -1 8 0 3 1 0 -1 9 -1 2 1 11 0 9 0 4 -1 11 -1 3 1 9 -1 
7 0 3 1 8 1 2 0 2 1 9 0 3 0 8 0 7 0 7 1 5 0 9 1 
6 1 5 0 5 -1 10 0 6 1 3 1 9 -1 2 1 7 1 8 -1 8 -1 1 1 
6 0 9 1 11 1 8 1 6 1 9 0 4 1 5 1 7 1 5 1 9 1 11 0 
5 0 2 1 1 0 4 0 2 1 4 1 11 -1 10 -1 3 1 4 -1 9 -1 7 0 
6 0 3 1 7 0 11 1 11 1 1 0 5 0 8 0 7 0 2 0 10 1 0 0 
4 1 3 0 4 -1 4 -1 0 1 11 1 3 0 5 1 0 1 2 1 10 -1 6 -1 
Language_77
12
0
0 3 5 6 8 9 10 
a b c d e 
0 0 2 1 4 1 4 1 10 0 0 0 9 1 11 1 2 0 4 0 8 1 9 0 
0 0 6 -1 2 0 8 1 0 1 9 1 4 0 9 0 2 -1 5 -1 2 0 2 1 
10 1 1 0 3 1 2 0 3 1 6 1 7 0 1 0 6 0 10 0 6 0 6 0 
11 -1 1 -1 2 1 4 0 10 0 1 0 8 1 7 -1 9 1 1 -1 6 -1 5 1 
5 0 8 0 7 1 0 0 6 0 2 0 3 1 10 0 11 0 5 0 3 0 6 0 
4 0 10 -1 9 1 9 0 6 -1 10 -1 8 1 3 1 4 1 11 0 6 1 1 -1 
7 1 4 0 4 0 3 0 1 0 2 1 1 1 8 1 5 0 2 0 8 0 8 0 
6 0 9 0 4 1 0 0 7 1 3 1 1 0 1 -1 7 0 10 -1 11 1 4 0 
0 0 10 1 6 1 6 1 4 1 9 0 3 0 10 1 7 0 2 1 10 0 3 1 
10 0 5 0 7 -1 8 0 1 -1 3 1 9 1 11 1 1 -1 3 -1 1 -1 2 -1 
Language_78
12
0
0 1 2 4 5 6 7 10 
a b c d e 
6 0 1 1 7 0 4 1 0 1 4 1 6 1 10 0 7 0 7 1 8 0 3 1 
7 0 2 0 0 0 9 1 0 0 8 0 9 1 3 -1 9 -1 4 -1 5 -1 6 0 
4 1 2 1 11 0 11 0 10 1 10 0 6 0 4 1 4 1 3 1 7 0 0 1 
9 -1 11 -1 9 1 2 1 11 1 0 1 6 0 5 0 6 1 9 1 11 -1 7 -1 
7 1 2 1 8 1 6 0 8 0 3 1 7 0 11 1 9 1 10 1 2 1 5 0 
6 0 1 1 8 1 1 0 3 -1 1 0 0 -1 3 -1 10 0 1 0 6 1 8 1 
10 1 1 1 11 1 9 1 11 0 5 1 9 1 7 0 3 0 8 1 6 1 8 1 
10 1 8 1 9 -1 4 -1 7 0 6 0 4 -1 5 -1 2 -1 6 0 4 0 8 -1 
11 1 1 1 3 1 4 0 0 0 8 0 10 0 8 0 2 0 9 0 10 0 0 0 
10 -1 4 1 10 1 3 0 5 -1 2 -1 7 1 2 -1 6 1 3 0 5 0 0 0 
Language_79
12
0
2 3 5 8 10 11 
a b c d e 
6 0 9 1 5 1 6 1 2 1 10 0 6 0 0 1 1 1 11 0 6 0 3 0 
3 0 3 0 0 1 2 0 10 -1 7 -1 7 -1 11 1 5 0 0 -1 7 -1 9 1 
5 0 4 0 5 1 5 0 11 1 3 0 5 0 0 1 7 1 11 1 6 0 8 1 
8 0 9 -1 7 -1 10 -1 8 0 8 1 11 0 4 0 9 -1 1 1 5 -1 3 0 
4 0 9 1 8 1 2 1 10 1 11 1 7 0 2 0 5 1 9 1 8 0 6 0 
2 0 11 1 5 -1 1 1 5 1 0 0 0 -1 6 1 1 1 2 1 7 1 8 -1 
6 0 2 0 2 1 1 0 0 1 10 1 2 0 11 1 7 0 5 1 8 0 11 1 
3 0 9 0 1 0 1 0 0 0 9 1 11 -1 9 -1 7 -1 4 1 9 -1 5 0 
10 0 1 0 0 1 4 1 11 0 2 0 2 0 1 0 8 1 9 1 0 1 3 0 
5 -1 1 1 0 -1 5 -1 11 -1 0 -1 1 1 2 0 1 1 5 1 9 0 10 0 
Language_80
12
0
2 7 8 9 10 
a b c d e 
0 1 9 0 3 0 6 1 10 0 3 1 6 0 10 0 10 0 1 1 7 1 2 0 
10 0 6 1 7 1 0 1 9 1 9 1 7 -1 7 -1 0 0 3 -1 1 -1 8 -1 
4 1 0 0 1 1 5 0 11 1 7 1 11 0 2 1 4 0 1 0 11 0 7 1 
5 1 2 0 3 -1 0 0 2 -1 8 1 10 1 0 1 4 0 9 0 8 0 10 1 
6 1 2 1 7 1 11 1 4 1 9 0 5 1 2 1 4 0 10 1 6 0 7 0 
2 0 4 1 4 0 7 1 6 0 8 1 1 -1 9 -1 10 -1 1 0 5 0 5 0 
3 0 7 1 8 0 8 0 0 0 1 0 7 0 1 0 10 0 5 1 11 1 1 1 
0 1 6 -1 10 -1 0 -1 0 0 9 1 3 1 4 -1 6 0 11 1 11 -1 3 0 
11 1 4 0 6 0 3 1 4 0 4 0 9 0 1 1 1 1 8 0 4 1 2 0 
4 0 10 0 6 -1 2 0 7 -1 0 0 0 -1 0 0 6 1 10 1 7 1 10 0 
Language_81
12
0
1 2 5 7 8 11 
a b c d e 
1 0 7 1 11 1 7 0 1 0 9 0 11 1 9 1 11 0 3 1 7 0 6 1 
11 0 2 0 7 -1 9 0 9 -1 1 1 7 1 4 -1 0 0 3 1 7 1 0 1 
8 0 8 1 1 0 8 0 8 0 6 1 7 1 6 1 8 1 10 0 1 0 9 0 
2 1 5 -1 8 0 10 0 11 0 9 -1 4 -1 9 -1 3 -1 3 -1 1 1 9 -1 
4 1 6 0 6 0 7 1 5 1 1 0 4 1 10 1 10 0 2 0 5 0 1 0 
5 1 7 0 2 1 8 -1 4 0 0 1 11 -1 2 1 4 1 3 -1 1 -1 0 0 
4 0 9 1 5 0 6 1 0 0 11 1 11 1 3 1 10 0 7 1 10 1 8 1 
2 -1 9 1 0 0 6 -1 4 1 0 1 2 -1 8 1 0 0 9 1 6 1 11 1 
9 1 5 0 11 1 4 1 10 0 0 0 4 0 5 1 7 0 5 1 2 1 6 0 
8 -1 11 -1 11 -1 9 -1 8 -1 6 -1 7 -1 8 0 11 0 11 -1 8 -1 0 -1 
Language_82
12
0
0 1 2 3 6 7 8 10 11 
a b c d e 
4 0 2 0 0 0 2 0 0 1 7 1 4 0 11 0 6 1 4 0 6 1 2 0 
0 -1 0 -1 8 -1 6 -1 4 1 0 1 6 0 6 0 2 0 9 -1 7 1 9 0 
0 1 1 0 2 1 6 1 7 1 11 0 9 0 3 1 5 0 1 1 4 0 0 1 
1 1 6 0 6 -1 8 -1 0 0 3 0 10 0 6 0 8 1 5 1 7 0 0 1 
6 1 8 1 10 1 2 0 9 0 4 0 9 1 3 0 10 0 1 1 7 0 11 0 
5 1 0 0 9 1 4 -1 6 -1 10 1 4 -1 9 1 5 0 1 -1 8 1 2 -1 
0 1 2 1 3 1 8 1 4 1 5 0 4 1 5 1 3 1 8 1 0 0 4 1 
2 -1 3 -1 8 -1 0 1 10 1 7 0 11 0 0 1 2 0 3 0 11 0 0 1 
2 0 10 0 1 1 7 0 8 0 6 0 6 0 2 1 9 0 7 1 0 1 0 1 
6 -1 9 1 11 -1 3 -1 0 0 8 1 8 0 10 1 10 -1 5 -1 8 1 11 1 
Language_83
12
0
1 2 3 5 7 8 
a b c d e 
11 1 6 0 11 1 6 0 10 0 2 0 2 0 11 0 8 1 4 1 2 1 1 0 
6 -1 7 -1 4 -1 6 -1 7 -1 8 -1 0 1 9 0 4 0 4 1 5 1 7 0 
11 1 9 0 1 0 8 0 7 1 11 0 0 1 2 1 4 1 11 0 2 0 8 0 
5 -1 3 1 2 -1 8 -1 2 -1 1 -1 5 -1 11 0 7 1 5 -1 0 1 6 0 
4 1 6 1 9 0 8 1 6 1 10 0 7 1 11 0 7 1 4 0 8 1 9 0 
1 0 8 0 10 0 9 -1 3 0 3 0 4 0 5 1 4 -1 4 -1 0 -1 8 0 
6 1 1 0 5 1 5 0 4 0 1 0 11 1 5 1 9 0 1 1 11 1 10 1 
6 1 11 -1 10 -1 4 1 4 0 3 1 0 0 9 1 6 1 10 -1 10 1 8 1 
0 1 10 1 7 0 2 1 11 1 4 0 11 0 1 0 11 0 5 1 3 1 7 1 
9 1 11 1 6 0 10 1 1 -1 4 1 6 0 7 1 1 0 2 1 6 -1 5 1 
Language_84
12
0
0 1 3 7 11 
a b c d e 
1 1 5 1 1 1 4 1 3 0 10 0 11 1 5 1 8 1 4 1 4 1 7 1 
8 -1 6 1 9 0 3 1 9 -1 11 -1 6 0 2 1 10 1 7 0 0 -1 10 -1 
8 1 3 0 10 1 5 1 10 0 11 1 5 0 5 1 5 0 4 0 5 0 7 0 
2 1 0 -1 9 -1 0 1 0 -1 8 -1 6 0 0 0 11 0 2 1 11 1 3 -1 
10 0 6 1 4 1 2 0 9 1 1 1 10 0 4 1 1 1 3 0 10 1 4 0 
10 -1 3 1 1 0 6 0 3 -1 4 -1 10 0 8 -1 2 1 8 1 7 -1 4 0 
10 1 4 0 2 0 3 0 5 1 11 1 7 1 1 1 11 0 8 1 1 1 11 1 
6 0 2 0 10 1 6 0 0 1 3 0 11 1 8 1 4 0 4 0 9 1 8 0 
9 0 10 1 10 0 2 1 6 0 11 0 6 0 4 1 6 0 6 0 1 1 2 1 
9 -1 7 0 9 1 2 -1 0 -1 8 0 0 0 1 0 4 0 2 0 8 -1 0 -1 
Language_85
12
0
3 5 6 7 9 10 11 
a b c d e 
6 1 5 0 11 0 2 0 10 1 0 0 4 0 1 0 1 0 11 0 3 1 7 0 
8 0 9 0 3 1 9 0 4 0 8 1 5 0 4 0 2 -1 7 0 1 -1 6 -1 
9 1 8 1 3 1 2 0 10 0 4 0 5 0 1 0 11 1 2 1 0 1 11 0 
9 -1 9 0 6 1 7 -1 6 -1 8 -1 2 -1 7 1 0 -1 2 0 11 -1 6 0 
8 1 5 1 1 0 10 1 10 1 11 0 7 0 10 0 1 0 1 0 1 0 10 0 
0 1 10 -1 0 0 2 -1 11 -1 0 -1 2 -1 0 -1 9 0 3 1 0 1 5 1 
8 0 6 1 2 0 3 1 0 1 5 0 7 1 0 0 11 0 4 1 6 0 5 0 
11 1 5 -1 7 1 0 1 2 0 9 -1 10 0 10 0 7 1 11 1 4 0 2 0 
0 1 1 0 0 0 1 1 7 1 6 0 2 0 7 0 1 0 2 1 1 0 4 1 
4 1 3 1 7 -1 5 0 1 -1 7 -1 11 0 6 0 1 -1 3 -1 8 1 6 -1 
Language_86
12
0
0 2 4 6 7 8 10 11 
a b c d e 
8 1 4 0 7 1 11 0 5 1 6 1 8 1 9 1 2 0 6 1 9 1 10 0 
8 -1 3 -1 2 0 0 -1 9 0 9 0 2 -1 7 1 3 -1 6 1 9 -1 1 0 
1 0 2 1 4 1 10 0 7 1 7 0 11 1 5 1 6 1 9 1 3 1 8 0 
7 -1 5 1 6 1 10 1 10 1 1 1 9 -1 8 -1 10 0 5 -1 7 -1 5 0 
9 0 7 1 6 1 6 1 1 0 10 1 11 1 11 1 4 1 4 0 3 0 4 1 
3 0 4 1 1 -1 6 0 7 -1 11 1 4 1 1 1 9 1 9 0 3 0 7 -1 
9 0 5 0 2 1 7 1 10 1 1 1 10 0 8 0 2 0 1 1 6 0 11 0 
1 0 4 -1 5 0 5 0 0 0 1 0 11 -1 8 -1 8 1 9 0 0 -1 4 -1 
5 1 0 1 5 0 2 1 3 0 11 1 1 1 0 1 5 0 9 1 0 0 2 1 
5 0 6 1 10 1 7 -1 9 -1 2 0 0 1 8 0 1 0 0 1 11 1 11 -1 
Language_87
12
0
1 4 5 
a b c d e 
8 1 3 0 2 1 1 0 4 1 11 1 8 0 9 1 5 0 6 0 0 1 10 1 
8 0 1 -1 4 -1 11 -1 11 0 5 1 2 -1 8 -1 6 0 4 1 6 0 5 -1 
9 0 11 0 2 0 5 0 7 0 2 1 1 0 5 1 6 0 3 1 5 0 3 0 
10 1 4 0 6 1 1 1 0 -1 1 0 4 1 5 1 8 0 5 -1 7 -1 5 0 
0 1 4 0 10 1 8 1 4 1 8 0 10 0 9 1 9 0 0 1 11 0 10 1 
7 -1 10 -1 0 -1 5 -1 11 0 4 0 3 0 9 -1 1 0 1 1 6 0 5 1 
9 0 8 0 4 1 4 0 11 0 4 0 10 0 4 0 6 1 11 0 8 1 1 0 
5 1 3 -1 11 -1 5 1 1 1 0 1 4 1 1 -1 7 1 5 1 1 0 0 1 
0 0 6 0 9 0 4 1 4 0 7 0 5 1 9 1 5 1 6 0 5 1 4 1 
7 0 11 0 8 0 7 0 10 0 0 1 11 0 8 1 8 -1 4 1 7 -1 5 -1 
Language_88
12
0
0 1 2 11 
a b c d e 
9 1 1 0 11 0 4 1 10 1 4 0 11 1 6 0 3 1 11 0 9 1 2 0 
2 1 0 0 11 -1 11 0 6 0 11 0 4 -1 4 1 1 -1 4 0 3 1 7 -1 
11 0 5 0 7 1 4 1 11 1 4 0 0 0 1 0 6 1 8 0 8 0 11 1 
3 -1 6 -1 7 -1 6 -1 6 0 5 0 0 -1 3 1 8 1 7 0 6 -1 5 0 
5 0 5 1 11 1 11 0 7 1 11 1 7 0 7 1 5 0 1 1 4 1 9 1 
10 0 1 1 3 -1 9 1 4 1 6 0 10 1 8 -1 1 1 6 1 6 -1 3 1 
4 0 1 1 7 1 2 0 4 0 7 1 6 1 9 0 4 0 8 0 5 1 0 1 
3 1 2 0 1 -1 8 0 0 -1 6 -1 6 0 9 0 11 1 11 -1 4 -1 9 -1 
10 0 3 0 9 1 9 1 3 1 5 0 11 1 9 1 3 1 11 1 10 0 1 1 
8 1 6 -1 4 -1 3 -1 1 -1 3 1 8 0 4 -1 1 -1 2 1 4 0 5 -1 
Language_89
12
0
1 5 8 9 
a b c d e 
2 0 11 1 0 1 5 0 0 1 4 1 0 0 5 1 6 1 11 0 5 0 11 1 
2 -1 11 1 7 -1 3 -1 3 1 11 1 6 0 0 1 0 1 5 0 3 -1 7 1 
11 0 0 0 5 1 5 1 0 0 1 1 7 0 8 1 9 1 5 1 1 1 4 0 
6 -1 6 0 4 -1 5 0 9 1 4 -1 2 1 7 1 9 0 6 0 0 0 2 1 
5 1 5 0 1 0 1 0 0 0 4 0 9 1 9 0 6 0 7 1 10 0 6 1 
3 -1 10 -1 1 0 8 1 6 0 6 1 11 -1 5 -1 10 1 0 -1 8 -1 8 0 
0 1 4 1 11 0 8 1 9 1 10 0 0 0 5 0 1 1 4 0 2 0 5 1 
9 -1 7 1 10 0 0 -1 1 0 6 0 2 -1 7 1 3 -1 0 1 5 0 8 1 
6 0 1 0 6 1 8 0 4 0 6 0 8 0 2 0 9 0 1 0 11 1 9 0 
5 0 3 0 3 0 10 1 9 -1 10 0 10 1 0 1 6 0 3 0 11 -1 8 1 
Language_90
12
0
1 5 8 9 10 11 
a b c d e 
11 1 6 1 8 1 9 0 0 1 11 1 7 1 11 0 10 1 11 0 3 1 11 1 
5 1 6 0 5 -1 9 -1 8 0 8 0 10 1 8 1 5 -1 4 -1 10 1 9 1 
3 0 1 0 2 0 6 1 5 1 7 0 0 1 7 1 11 0 7 0 9 1 6 1 
8 -1 3 1 8 -1 0 0 2 1 5 1 2 1 3 -1 8 1 8 0 9 1 3 0 
8 1 3 0 11 1 4 1 7 1 7 0 0 0 0 1 10 1 4 0 2 1 3 0 
5 -1 10 1 7 0 2 0 10 1 5 0 11 -1 1 -1 0 0 7 0 3 1 10 1 
1 1 5 0 9 0 10 1 9 1 9 0 4 0 10 1 7 0 2 0 4 1 5 0 
10 0 7 1 2 1 8 0 5 0 8 1 1 1 9 -1 2 -1 6 0 7 1 2 -1 
11 0 9 0 3 1 7 1 9 0 9 0 10 1 7 1 1 0 8 1 11 0 8 0 
10 1 1 1 11 1 8 0 8 0 5 0 10 0 7 -1 11 0 0 0 3 1 8 1 
Language_91
12
0
2 3 5 8 9 
a b c d e 
7 1 0 1 2 0 6 1 8 0 10 1 3 1 0 0 9 1 9 0 3 0 3 1 
0 1 8 0 9 1 1 0 1 1 4 0 10 1 10 0 0 1 8 0 1 -1 5 1 
10 0 10 1 8 0 5 1 11 1 6 0 9 1 4 1 4 0 7 0 3 0 3 1 
7 1 2 -1 4 1 1 0 1 0 10 1 2 0 6 -1 0 -1 10 0 10 0 10 1 
3 0 0 1 0 1 1 0 5 1 7 1 9 1 7 0 7 1 2 1 9 0 7 0 
1 0 11 0 5 -1 11 1 0 -1 6 -1 3 -1 0 1 8 1 8 0 1 -1 7 1 
6 1 7 0 2 1 3 1 6 1 4 0 7 0 1 1 4 0 9 1 2 0 10 0 
6 1 6 1 10 -1 6 0 1 1 7 -1 0 0 7 1 7 0 3 0 10 1 2 1 
10 1 11 0 0 1 2 1 2 1 4 0 3 0 1 0 9 0 3 1 3 0 6 1 
9 1 4 1 7 0 3 0 9 -1 8 1 1 1 0 1 0 -1 11 1 2 0 10 1 
Language_92
12
0
0 1 2 3 6 11 
a b c d e 
8 0 5 0 11 0 6 1 9 1 9 0 1 1 4 0 8 0 8 1 6 1 7 0 
0 0 3 0 6 0 6 -1 9 1 5 -1 11 1 4 -1 2 -1 5 -1 10 0 7 -1 
0 0 9 1 9 0 5 1 5 0 9 0 11 0 3 0 2 0 1 1 8 1 11 0 
6 0 6 1 4 1 0 -1 9 -1 0 -1 8 1 10 0 2 -1 6 -1 3 0 10 -1 
4 1 6 1 4 1 2 0 9 1 7 1 2 0 4 0 7 0 5 1 3 0 4 0 
2 -1 3 0 9 0 5 0 11 0 1 1 11 1 8 0 1 -1 0 0 8 -1 11 0 
1 1 11 0 8 0 9 0 8 1 1 1 3 1 0 0 3 1 8 0 11 1 7 0 
9 0 7 0 0 1 9 -1 4 -1 10 0 7 0 10 -1 3 0 4 -1 10 0 1 1 
0 1 2 1 10 1 10 0 6 0 2 0 1 1 2 1 0 1 10 0 7 1 6 1 
4 1 0 1 0 1 11 1 10 1 0 1 0 0 0 1 7 0 4 -1 5 0 4 -1 
Language_93
12
0
0 1 2 3 4 6 7 
a b c d e 
1 0 4 0 2 1 6 1 8 0 6 0 11 0 1 1 9 1 7 1 8 1 6 0 
9 -1 9 1 2 1 1 -1 0 -1 3 -1 11 1 5 -1 3 0 1 1 2 -1 8 1 
3 1 11 0 1 1 1 0 5 1 5 1 5 0 9 1 2 0 9 1 9 0 10 1 
4 0 9 1 11 -1 3 -1 6 0 11 0 2 1 5 0 11 -1 6 0 2 -1 0 -1 
1 1 5 0 1 1 11 1 1 0 0 1 11 1 5 0 4 1 6 0 5 1 5 0 
11 0 4 -1 10 0 5 1 2 -1 9 1 3 1 2 -1 10 1 2 0 0 0 5 0 
3 0 8 0 6 1 10 1 2 1 10 0 7 0 2 0 3 0 9 1 5 1 11 0 
2 0 8 0 8 1 7 -1 5 -1 0 1 8 0 8 1 3 1 2 0 8 -1 5 -1 
11 0 10 1 1 0 7 1 1 0 9 0 6 1 11 0 11 1 4 1 5 0 7 0 
8 -1 10 0 10 -1 0 1 10 0 1 1 7 -1 0 1 7 0 4 1 6 -1 6 0 
Language_94
12
0
0 3 7 10 
a b c d e 
0 1 2 1 6 0 7 0 8 1 5 1 1 1 2 1 10 1 11 0 5 0 6 0 
5 -1 1 0 4 -1 5 1 2 -1 3 0 3 -1 3 0 7 -1 7 -1 0 -1 7 0 
4 0 1 0 6 0 2 0 8 1 4 0 1 0 1 0 8 1 11 1 6 1 1 0 
4 1 8 -1 1 -1 11 1 7 1 5 1 6 0 7 0 6 0 11 0 3 -1 4 0 
6 0 5 0 8 0 8 0 9 1 2 0 0 1 8 1 1 1 10 1 11 0 5 1 
0 0 10 -1 8 -1 0 0 7 0 11 -1 8 1 3 1 7 0 8 1 2 0 8 -1 
7 0 9 1 11 1 7 0 2 0 1 0 10 1 9 0 4 0 11 0 5 1 3 1 
10 0 8 0 11 -1 6 1 0 -1 0 0 0 1 0 1 2 1 10 1 9 1 3 1 
4 1 9 1 1 1 4 1 6 1 7 1 2 0 4 1 4 1 10 0 11 1 0 1 
10 -1 1 1 2 0 2 1 11 0 3 -1 7 0 1 -1 9 -1 5 1 11 0 1 0 
Language_95
12
0
1 2 3 4 5 8 9 10 
a b c d e 
3 1 10 1 10 0 3 1 2 0 11 0 3 0 10 1 8 0 2 0 6 0 4 0 
7 1 1 1 5 0 4 1 11 1 5 -1 8 0 0 0 3 1 3 0 4 0 8 -1 
10 1 3 1 4 0 10 1 11 1 5 1 3 1 0 1 6 1 10 1 7 1 10 0 
3 -1 9 -1 3 0 7 0 8 1 7 -1 0 0 0 1 8 -1 0 -1 5 -1 1 0 
10 1 8 1 5 0 7 1 2 1 4 1 8 0 3 0 11 1 5 0 6 1 11 1 
3 -1 10 1 11 -1 0 1 8 0 1 -1 7 -1 7 0 8 1 0 0 1 1 6 1 
7 0 8 1 5 0 0 1 2 1 9 0 0 0 5 1 9 0 6 1 10 1 0 0 
9 0 10 -1 11 1 2 -1 5 1 9 -1 10 -1 10 -1 2 -1 0 1 4 -1 7 0 
3 1 1 0 9 1 10 1 11 1 6 1 4 0 5 1 4 1 5 1 2 1 5 1 
2 0 10 1 10 0 3 1 10 0 5 -1 7 -1 5 -1 8 0 10 -1 2 -1 10 1 
Language_96
12
0
2 3 4 5 7 9 10 11 
a b c d e 
9 1 11 1 8 1 6 0 3 0 3 0 1 1 5 0 5 0 3 0 4 1 10 0 
4 1 8 -1 5 1 4 -1 0 1 11 0 3 1 4 1 0 -1 0 0 5 -1 7 1 
5 1 7 1 4 0 4 0 11 1 4 0 3 1 6 0 0 1 8 1 5 1 3 0 
0 0 6 -1 0 1 10 1 10 0 8 0 0 -1 11 0 2 -1 9 -1 9 0 7 1 
5 0 5 0 9 1 0 0 2 0 8 0 7 0 0 1 4 1 4 1 2 0 10 0 
5 0 4 -1 0 1 7 1 9 -1 8 0 0 1 11 0 3 0 1 1 11 1 10 0 
1 1 2 0 7 1 3 0 6 1 2 0 5 1 3 1 0 0 6 0 0 0 7 1 
3 1 7 0 10 -1 10 1 11 -1 7 -1 7 1 1 1 8 1 2 0 6 1 10 -1 
11 1 3 0 0 0 2 0 11 1 9 1 2 0 0 1 7 1 4 1 10 0 10 0 
1 -1 5 0 2 0 10 0 6 0 0 -1 0 1 1 1 3 1 10 -1 11 0 4 1 
Language_97
12
0
1 2 7 9 10 11 
a b c d e 
9 1 9 0 8 0 9 1 2 1 10 0 10 1 3 1 5 0 7 1 7 0 1 1 
1 0 5 0 9 1 8 -1 6 -1 9 -1 2 0 5 -1 6 -1 9 0 11 0 8 0 
11 1 8 0 1 0 5 0 11 1 10 1 7 1 0 0 7 0 8 0 10 0 5 1 
3 0 10 -1 3 1 10 0 5 0 5 0 1 -1 2 -1 11 0 6 0 3 1 10 -1 
1 0 7 0 11 1 3 0 4 1 2 1 7 0 7 1 1 1 9 0 6 1 4 0 
8 1 5 -1 6 0 1 1 11 1 4 0 7 1 9 1 6 1 7 -1 11 0 10 0 
3 0 7 1 1 1 5 1 7 0 1 1 0 0 4 0 7 0 9 0 8 1 3 1 
0 0 5 -1 5 1 10 0 10 -1 9 1 8 -1 6 1 11 1 5 1 8 0 4 0 
4 0 6 0 1 0 6 1 0 1 7 1 4 1 0 0 2 1 1 0 9 1 10 1 
0 1 9 0 6 1 1 0 1 1 1 0 7 -1 3 0 1 1 4 -1 0 0 1 0 
Language_98
12
0
1 2 3 8 9 11 
a b c d e 
7 0 0 0 0 0 10 0 10 1 4 1 10 1 2 1 3 1 4 1 0 0 5 0 
6 1 7 -1 3 0 3 -1 9 -1 5 0 1 1 8 0 6 -1 7 -1 10 0 9 -1 
8 1 11 0 2 1 4 1 11 1 9 0 9 1 3 0 5 1 5 1 1 1 0 0 
5 1 2 1 6 -1 9 0 1 -1 2 -1 11 0 5 -1 11 0 8 0 6 1 3 0 
4 0 1 0 3 0 4 1 0 1 2 1 8 0 1 1 3 1 6 1 11 1 7 1 
3 1 0 0 1 1 3 0 0 0 4 1 8 -1 7 1 8 1 11 -1 8 -1 8 -1 
8 1 11 0 1 1 1 0 4 0 6 1 0 1 8 1 6 1 3 0 6 0 4 0 
7 -1 1 -1 5 1 5 -1 6 -1 8 1 9 0 11 0 9 1 10 -1 9 -1 9 -1 
9 1 4 0 6 0 0 0 5 1 11 1 2 0 10 1 10 1 5 0 2 0 5 0 
3 -1 9 0 2 0 8 -1 0 -1 2 -1 4 1 0 1 10 0 8 0 3 -1 7 1 
Language_99
12
0
0 2 3 4 6 10 
a b c d e 
7 0 8 1 5 0 10 0 1 0 2 1 8 0 5 0 8 1 1 1 6 0 8 0 
8 1 2 -1 10 0 10 1 9 0 4 0 2 1 3 1 6 -1 2 1 10 -1 6 0 
0 0 1 0 2 1 2 0 5 0 10 1 10 0 1 1 4 1 1 1 10 0 5 0 
10 0 3 -1 9 1 1 0 8 -1 9 1 8 1 4 1 11 -1 8 -1 0 1 8 1 
1 0 3 0 3 0 0 0 5 0 4 1 5 1 10 0 6 0 11 0 1 0 10 1 
10 0 2 -1 9 1 2 1 10 -1 5 1 7 1 3 -1 9 1 11 0 7 1 10 0 
11 1 8 0 9 0 5 1 11 1 11 1 8 0 6 0 9 0 7 0 7 0 1 0 
6 1 11 -1 1 1 1 0 6 -1 8 -1 0 0 3 1 0 -1 7 1 7 -1 8 1 
2 0 7 1 11 1 11 1 4 0 10 0 9 1 1 1 1 1 10 0 10 1 1 0 
10 0 7 -1 10 -1 6 -1 5 -1 9 0 4 -1 11 1 2 -1 2 0 4 0 2 0 
