100
Language_0
10
0
3 5 6 8 9 
a b 
7 0 5 1 1 0 4 0 3 1 8 0 7 1 3 0 2 1 2 1 
5 0 0 0 3 -1 6 0 3 1 4 1 6 1 9 -1 2 0 0 0 
5 1 8 1 4 1 6 1 2 1 1 1 7 1 6 0 0 0 6 0 
7 -1 9 1 6 -1 0 1 2 0 7 1 4 1 5 -1 3 -1 0 1 
Language_1
10
0
0 7 
a b 
4 0 1 1 0 0 3 0 9 1 1 0 1 0 9 0 1 1 9 0 
4 -1 6 0 6 1 6 1 6 1 8 0 8 -1 8 -1 5 1 7 1 
8 0 0 0 5 1 5 1 7 1 1 0 9 0 2 0 1 0 6 0 
0 -1 6 1 4 0 6 0 3 1 3 1 2 0 8 0 9 0 0 -1 
Language_2
10
0
0 2 4 5 6 7 8 
a b 
0 0 0 0 2 1 9 1 2 0 7 0 1 1 5 0 0 1 8 1 
6 1 6 -1 0 1 8 0 9 1 3 1 0 -1 2 1 1 -1 9 1 
0 1 3 1 0 0 2 0 6 1 9 1 2 0 0 0 1 1 6 1 
4 1 5 1 8 0 2 -1 3 1 9 0 4 1 0 0 2 -1 7 -1 
Language_3
10
0
0 3 6 8 
a b 
8 1 4 0 4 1 8 1 7 0 2 0 5 1 4 0 5 0 8 1 
2 1 0 0 9 1 7 1 7 -1 1 0 1 -1 8 -1 2 -1 6 0 
9 1 8 1 7 0 7 1 3 0 9 0 4 1 3 1 7 1 5 0 
4 1 6 1 9 -1 9 1 9 1 7 -1 0 -1 4 0 2 0 8 -1 
Language_4
10
0
4 5 6 
a b 
2 0 6 1 4 1 9 0 5 1 8 1 4 0 6 1 2 1 0 1 
9 -1 9 1 6 1 5 1 9 0 2 -1 9 0 1 1 5 -1 7 0 
4 0 0 0 5 0 7 1 8 1 3 1 3 1 2 1 4 1 9 1 
3 0 5 1 4 0 7 1 8 1 3 1 7 1 3 0 5 -1 8 -1 
Language_5
10
0
2 4 7 8 9 
a b 
4 1 5 1 1 0 7 0 2 0 4 1 9 0 6 0 3 1 0 1 
9 1 5 -1 0 1 2 1 4 1 1 1 2 1 1 0 2 -1 8 0 
6 0 3 0 9 1 0 1 4 0 2 1 9 0 3 0 7 1 4 0 
5 0 0 0 7 0 0 1 9 -1 8 0 5 1 7 -1 7 0 4 0 
Language_6
10
0
0 2 4 7 
a b 
4 0 8 0 9 1 9 1 7 1 6 0 9 1 3 1 7 0 4 0 
1 0 2 -1 7 1 5 1 9 0 8 1 0 0 3 0 5 -1 2 1 
9 1 2 1 0 1 7 0 9 0 5 1 7 0 9 0 2 1 9 0 
8 0 3 1 2 1 0 0 8 -1 8 -1 3 -1 0 1 0 -1 5 0 
Language_7
10
0
0 1 4 5 8 
a b 
9 0 4 1 1 1 3 0 1 1 3 1 1 1 9 1 4 1 0 1 
9 0 5 -1 7 1 3 1 3 0 0 -1 8 -1 9 0 5 1 9 1 
6 0 8 0 6 1 5 1 0 1 7 1 6 0 1 1 7 0 3 0 
6 -1 4 -1 1 1 2 -1 0 -1 7 -1 2 0 8 1 1 -1 4 1 
Language_8
10
0
0 3 8 9 
a b 
2 0 8 1 5 0 1 0 9 1 6 1 0 1 1 0 7 0 6 1 
4 1 7 0 6 1 3 -1 4 -1 3 0 3 0 7 -1 0 0 2 1 
4 0 1 0 9 0 7 0 0 1 6 1 2 0 1 0 3 0 2 1 
8 1 7 0 2 1 4 1 9 -1 2 1 8 1 7 0 4 -1 9 1 
Language_9
10
0
0 1 2 6 7 8 9 
a b 
8 0 2 1 0 1 3 0 4 1 1 1 1 1 5 1 8 0 5 1 
0 -1 5 0 7 0 6 0 5 0 2 0 9 0 6 1 7 1 3 1 
1 1 9 0 5 1 4 0 4 1 3 0 9 0 6 1 0 1 1 0 
3 -1 4 -1 5 1 2 1 8 -1 0 0 6 -1 8 0 3 -1 9 1 
Language_10
10
0
0 1 2 8 9 
a b 
1 0 4 0 0 1 1 0 1 0 2 0 4 0 3 0 8 0 1 1 
1 1 8 0 8 0 9 1 5 0 9 0 4 0 6 1 1 1 4 1 
5 0 7 1 7 1 0 0 3 1 9 1 7 1 6 0 8 0 4 1 
4 0 0 1 3 1 0 -1 3 -1 6 1 4 0 2 -1 7 0 2 -1 
Language_11
10
0
0 1 2 4 6 8 9 
a b 
8 0 0 0 8 1 0 0 0 0 9 0 3 1 1 0 7 1 0 1 
4 1 2 0 3 1 3 0 5 0 5 1 6 1 9 0 3 0 4 0 
7 0 9 0 3 1 6 1 6 1 6 1 3 0 2 1 2 0 7 0 
1 1 8 1 5 0 7 -1 2 0 5 0 6 0 1 1 1 0 3 -1 
Language_12
10
0
0 2 7 8 9 
a b 
2 1 9 0 6 0 8 0 2 1 8 1 7 1 2 0 1 0 1 1 
8 -1 4 -1 3 1 6 1 6 1 0 1 5 1 8 1 4 -1 3 -1 
0 1 0 1 7 1 5 1 8 1 8 0 3 1 9 1 9 0 8 0 
6 -1 5 -1 1 -1 0 -1 3 -1 1 0 2 -1 7 0 2 0 3 -1 
Language_13
10
0
0 2 6 7 
a b 
0 1 4 1 6 0 6 1 7 1 7 0 4 0 7 1 7 0 8 1 
5 0 9 -1 6 -1 8 0 0 1 6 0 7 1 6 0 7 0 1 -1 
6 0 0 0 0 0 2 0 2 0 3 1 4 0 2 0 3 0 8 0 
2 0 4 0 9 1 6 0 3 1 3 1 1 0 1 -1 2 1 0 1 
Language_14
10
0
0 1 2 3 4 6 7 9 
a b 
2 1 7 0 2 1 7 1 9 0 9 1 1 0 9 1 7 0 4 0 
8 1 6 1 0 0 1 1 8 0 8 0 0 -1 3 0 3 0 9 -1 
8 1 2 1 3 0 5 1 3 1 8 0 6 0 8 0 4 0 7 1 
5 1 9 1 0 1 3 0 7 1 2 0 1 0 9 0 8 -1 4 0 
Language_15
10
0
1 6 
a b 
0 1 9 0 7 0 5 0 9 0 7 1 2 1 5 0 2 1 2 1 
9 -1 6 -1 3 0 3 0 6 1 3 1 6 0 2 1 9 1 0 -1 
4 1 3 1 7 0 6 1 5 1 1 1 1 1 3 0 2 0 5 1 
8 0 9 1 1 1 3 0 9 1 7 0 2 -1 0 -1 7 0 7 0 
Language_16
10
0
0 2 5 6 7 9 
a b 
0 0 7 1 8 1 8 0 1 1 9 1 8 1 5 1 5 0 2 0 
6 0 3 0 7 1 2 -1 6 0 2 0 1 1 6 1 0 1 5 -1 
1 0 2 0 1 0 1 1 1 0 1 1 2 0 6 1 6 1 9 1 
5 0 5 1 6 0 5 -1 3 1 4 1 0 0 9 -1 8 1 4 -1 
Language_17
10
0
1 2 5 6 7 
a b 
8 1 6 1 0 1 5 0 8 1 9 0 4 0 7 1 6 1 0 1 
3 1 4 1 2 -1 9 -1 1 1 2 1 1 -1 5 -1 4 1 1 1 
7 0 8 1 2 1 4 1 8 0 7 0 0 0 4 0 8 1 2 1 
6 1 1 0 9 -1 2 1 2 -1 0 1 3 0 9 -1 3 -1 9 1 
Language_18
10
0
1 2 3 4 5 6 7 
a b 
8 0 5 1 0 0 3 0 8 1 8 1 0 1 2 0 7 0 5 0 
0 -1 6 0 9 0 5 1 1 1 9 0 8 0 9 1 3 1 7 -1 
9 0 4 0 2 1 7 1 3 0 6 0 4 1 0 1 6 0 8 0 
3 1 9 0 9 -1 5 -1 3 1 6 -1 8 0 2 0 5 -1 2 1 
Language_19
10
0
1 2 6 
a b 
9 1 0 0 3 1 5 1 2 1 6 1 8 0 5 1 6 0 5 1 
3 -1 9 0 7 0 4 1 8 1 9 -1 0 0 8 0 5 0 2 1 
7 1 4 1 7 0 8 1 2 0 1 1 0 1 6 1 3 1 6 0 
6 -1 5 1 3 1 7 -1 7 1 7 -1 0 1 9 1 9 0 1 -1 
Language_20
10
0
1 3 8 
a b 
3 1 8 1 4 0 3 0 4 0 1 0 6 1 7 1 9 0 3 0 
8 -1 1 0 6 -1 1 -1 3 0 1 -1 9 1 5 -1 8 0 1 0 
8 1 7 0 1 0 4 1 6 1 5 1 7 1 6 0 9 1 2 1 
8 -1 5 -1 1 0 5 0 8 1 8 -1 9 1 2 0 8 1 1 0 
Language_21
10
0
1 5 7 8 
a b 
8 1 6 1 5 1 7 1 8 1 0 1 0 0 5 1 1 0 6 1 
2 -1 1 0 3 -1 6 1 3 1 5 1 5 0 8 1 7 1 9 -1 
4 0 1 0 6 1 4 0 5 0 6 1 0 0 9 1 3 0 5 0 
5 1 0 1 6 -1 4 1 3 1 1 -1 1 -1 2 1 9 -1 4 -1 
Language_22
10
0
7 
a b 
5 1 2 0 5 0 8 1 3 1 8 0 0 0 8 1 0 0 4 1 
6 1 1 0 9 0 2 0 3 0 3 -1 2 -1 6 1 0 0 9 -1 
1 0 3 1 8 0 5 1 5 1 1 0 8 0 8 0 2 0 4 0 
3 -1 3 0 4 1 4 1 4 1 4 0 7 1 5 1 2 1 5 0 
Language_23
10
0
1 3 4 5 6 9 
a b 
8 0 4 0 6 1 1 1 1 1 1 1 6 1 0 0 0 1 0 1 
7 0 4 1 8 0 8 0 1 1 3 0 7 0 1 -1 9 -1 5 0 
6 1 8 0 0 0 6 0 2 0 7 0 9 1 4 1 7 1 6 1 
4 0 7 0 7 0 6 1 8 -1 8 1 3 0 2 0 7 0 0 -1 
Language_24
10
0
2 3 4 5 6 9 
a b 
0 1 3 0 6 0 4 1 7 1 8 0 2 1 0 0 3 0 9 0 
8 0 8 1 8 1 4 0 1 1 0 1 6 0 2 1 6 -1 6 1 
2 0 0 1 5 1 7 0 3 0 3 0 0 0 9 1 3 0 1 1 
0 1 3 -1 4 1 1 -1 0 1 4 0 4 0 2 -1 9 -1 8 1 
Language_25
10
0
1 3 8 
a b 
3 1 7 1 0 1 5 0 1 1 0 0 6 1 3 0 9 1 2 1 
3 -1 5 1 4 1 4 0 8 1 2 0 0 1 6 0 8 0 3 -1 
3 1 5 1 1 1 9 0 9 0 1 0 4 0 2 1 1 1 1 1 
2 -1 2 0 7 -1 3 1 1 1 2 0 9 0 6 -1 9 0 3 0 
Language_26
10
0
0 1 2 3 4 6 8 
a b 
1 0 1 0 3 0 1 0 2 1 5 1 3 1 1 0 0 0 6 1 
5 0 5 0 5 1 1 0 5 1 9 -1 8 1 2 0 7 -1 4 0 
8 1 1 1 2 1 6 1 8 0 2 0 8 0 4 0 8 0 5 0 
1 0 0 1 7 0 2 0 3 -1 5 0 2 -1 1 1 4 0 2 1 
Language_27
10
0
1 2 3 4 6 7 9 
a b 
8 0 9 1 3 0 4 1 0 1 9 0 1 1 1 1 9 1 5 1 
7 0 0 0 2 1 8 0 8 -1 6 1 8 1 6 1 9 -1 1 1 
7 1 7 1 2 1 2 1 1 0 2 1 8 1 9 1 0 0 4 0 
2 0 9 1 4 -1 6 -1 7 0 3 0 0 1 6 -1 8 -1 7 1 
Language_28
10
0
0 1 7 9 
a b 
8 0 6 1 2 1 1 1 8 1 6 0 0 0 3 0 3 0 4 1 
8 -1 3 0 7 1 3 0 8 -1 6 0 5 1 1 0 5 0 5 0 
9 1 6 0 5 1 9 0 3 0 1 1 8 1 9 1 4 1 2 1 
5 0 4 1 7 0 3 1 8 0 3 0 9 1 7 1 1 0 8 1 
Language_29
10
0
1 8 9 
a b 
4 1 4 1 6 0 9 1 4 1 9 1 7 1 3 1 6 0 1 1 
6 -1 4 1 0 1 2 -1 3 -1 4 0 3 1 8 -1 0 0 5 -1 
8 1 0 0 3 0 6 1 1 0 2 0 1 0 4 0 5 1 7 0 
2 -1 5 -1 6 1 5 0 4 -1 8 1 2 1 7 1 1 0 0 1 
Language_30
10
0
0 1 2 3 5 6 7 
a b 
9 0 0 1 7 0 8 1 6 0 7 1 6 1 4 1 2 1 2 1 
0 -1 0 0 4 1 9 -1 3 -1 1 0 9 1 9 1 3 0 6 1 
4 1 6 0 1 1 5 1 5 1 5 1 6 1 1 1 9 1 8 1 
1 -1 6 0 5 1 0 -1 9 1 1 0 7 1 0 1 8 0 0 0 
Language_31
10
0
1 2 5 7 8 9 
a b 
7 1 4 0 0 0 1 1 1 0 5 0 4 1 0 0 0 1 4 0 
3 -1 8 0 7 -1 3 0 5 1 0 -1 6 -1 9 -1 6 1 4 1 
9 1 5 0 8 1 8 0 0 0 3 1 8 1 0 1 1 1 3 0 
4 1 5 -1 2 1 4 0 2 1 9 1 9 1 0 -1 6 0 1 0 
Language_32
10
0
0 1 2 5 6 9 
a b 
6 1 0 0 3 0 4 0 4 0 9 0 0 0 6 0 4 0 6 1 
4 0 7 0 9 -1 9 -1 7 0 1 1 1 -1 8 1 6 1 3 1 
8 1 6 0 4 0 1 1 5 1 0 1 7 0 2 1 7 1 8 0 
2 0 4 -1 5 1 1 0 8 1 0 0 5 -1 5 1 1 0 1 -1 
Language_33
10
0
4 5 7 8 9 
a b 
0 1 4 0 6 0 6 0 0 1 3 0 6 1 2 0 2 1 9 0 
6 0 1 1 8 -1 5 0 9 1 1 -1 8 1 3 -1 6 0 9 1 
7 0 5 1 2 0 9 0 0 1 9 0 0 1 1 0 3 0 8 1 
6 1 9 1 3 0 9 0 5 -1 3 1 6 -1 8 1 9 0 6 1 
Language_34
10
0
3 8 9 
a b 
8 1 1 0 8 0 4 0 9 0 1 1 8 0 9 1 3 1 6 0 
2 0 5 1 6 1 5 0 6 0 7 0 1 1 1 0 2 -1 4 -1 
9 1 5 1 4 1 6 0 2 1 1 1 4 0 1 1 5 0 4 1 
4 0 0 0 4 1 5 1 2 1 5 0 8 0 7 1 9 1 7 0 
Language_35
10
0
0 6 9 
a b 
5 0 8 1 3 0 8 0 3 0 9 1 0 1 0 0 7 0 2 0 
4 1 1 1 0 0 1 -1 0 0 8 -1 4 1 5 -1 8 1 7 1 
9 1 2 1 4 0 6 1 6 1 8 0 5 0 7 0 9 0 7 0 
7 0 3 -1 3 0 7 1 2 -1 0 1 3 -1 6 1 8 -1 0 0 
Language_36
10
0
2 4 5 
a b 
8 0 3 0 0 1 3 1 0 1 1 0 7 1 7 1 1 1 5 0 
4 0 7 0 8 -1 6 0 4 1 2 -1 0 0 4 1 0 0 9 -1 
5 1 5 0 9 0 2 0 6 1 0 0 1 1 5 0 4 1 7 0 
4 0 3 0 6 -1 0 -1 8 -1 7 1 4 -1 8 -1 4 0 4 0 
Language_37
10
0
0 2 4 5 8 
a b 
2 1 0 0 4 1 8 0 3 0 7 0 2 0 3 1 9 0 0 0 
0 1 3 0 8 1 1 0 7 0 8 1 1 1 1 1 4 -1 6 1 
5 1 0 0 6 0 5 1 8 1 4 1 2 0 6 0 0 0 3 1 
2 1 0 1 5 0 9 1 9 1 1 0 3 0 3 -1 3 -1 5 1 
Language_38
10
0
3 7 
a b 
0 1 3 0 0 1 8 1 2 1 4 0 3 0 3 1 3 1 4 0 
0 0 1 -1 6 -1 5 1 8 0 7 -1 6 1 1 1 2 0 1 0 
8 0 1 1 0 1 8 1 6 0 6 0 5 1 9 1 2 0 5 0 
9 1 8 0 4 -1 2 0 8 -1 2 1 0 -1 3 1 7 0 6 0 
Language_39
10
0
2 3 7 8 9 
a b 
4 0 1 1 8 0 4 0 3 1 7 1 4 1 8 1 7 0 2 0 
5 0 1 -1 3 0 0 1 2 -1 6 -1 6 1 4 0 6 -1 3 -1 
5 0 5 0 1 1 5 0 2 1 4 1 8 0 1 1 8 1 1 1 
9 0 2 0 2 1 5 1 2 0 5 0 9 0 0 1 9 -1 2 1 
Language_40
10
0
1 2 4 6 7 
a b 
5 1 4 0 9 0 9 0 0 0 0 0 5 1 6 0 8 1 0 1 
1 1 4 1 0 1 0 0 4 0 4 -1 1 0 1 0 8 0 7 1 
8 0 8 1 4 0 6 1 9 0 9 1 0 0 2 0 5 0 2 0 
5 1 7 -1 4 1 0 1 9 0 1 -1 1 -1 8 0 3 1 3 -1 
Language_41
10
0
0 3 5 6 7 8 
a b 
7 1 9 0 6 1 0 0 3 1 0 0 3 0 2 0 3 0 8 0 
1 -1 0 -1 3 1 9 0 8 0 4 -1 7 -1 7 0 2 0 9 0 
7 1 3 0 0 0 8 0 3 1 7 0 7 0 6 1 2 1 5 1 
0 0 2 1 2 -1 5 -1 9 1 1 0 2 1 5 0 4 1 6 0 
Language_42
10
0
5 6 7 9 
a b 
0 1 9 1 5 1 4 1 4 0 8 0 3 0 7 0 0 0 0 1 
2 0 8 1 9 1 8 1 3 -1 2 -1 9 -1 9 -1 3 0 1 1 
1 1 5 0 8 1 4 0 4 0 7 0 2 1 9 0 9 1 6 0 
7 1 4 1 8 1 9 -1 5 0 8 -1 3 1 7 1 5 0 7 1 
Language_43
10
0
0 4 5 8 9 
a b 
5 0 1 0 9 0 1 0 2 1 5 1 2 1 0 0 9 0 5 1 
6 1 3 -1 7 -1 1 1 9 0 2 -1 5 -1 6 1 4 1 2 -1 
4 0 9 1 9 1 7 0 4 1 8 0 1 1 9 0 0 1 0 0 
0 0 0 -1 8 -1 5 0 1 1 8 1 6 -1 4 1 7 -1 3 1 
Language_44
10
0
0 1 2 3 7 
a b 
9 0 3 0 3 1 8 0 2 0 8 0 3 0 4 1 3 0 1 0 
9 0 8 -1 4 -1 0 -1 5 1 7 0 4 -1 8 -1 6 1 1 0 
6 1 3 0 8 0 3 1 2 0 9 1 2 1 6 1 4 0 6 1 
4 1 2 -1 7 0 1 -1 9 1 1 0 4 1 1 0 6 -1 0 -1 
Language_45
10
0
0 5 
a b 
3 0 0 1 8 1 3 1 7 1 0 1 3 0 8 0 2 0 4 0 
4 1 5 -1 3 -1 2 -1 5 0 2 0 7 -1 1 1 5 -1 4 0 
5 1 6 0 0 0 5 0 3 1 0 0 6 0 2 1 9 1 4 0 
0 -1 5 -1 8 -1 6 1 7 0 1 -1 0 1 7 0 1 1 9 0 
Language_46
10
0
1 4 5 6 8 
a b 
6 0 2 1 0 1 0 0 9 0 5 1 5 1 2 0 5 1 5 1 
1 -1 8 0 2 -1 4 -1 3 -1 5 0 2 -1 3 1 2 0 3 1 
2 1 9 1 3 1 7 0 6 0 9 0 0 0 6 0 9 1 2 0 
1 0 4 0 9 0 2 1 0 0 8 -1 6 -1 0 1 1 1 5 1 
Language_47
10
0
0 2 6 7 9 
a b 
3 1 9 1 4 0 8 0 5 0 3 1 9 1 0 1 3 1 8 0 
8 0 0 0 6 0 4 -1 1 0 9 -1 8 1 9 0 3 1 7 -1 
9 1 9 0 5 1 8 0 0 0 2 1 5 1 7 0 1 0 4 0 
8 0 0 0 4 0 1 0 3 1 9 -1 6 -1 6 1 8 1 8 -1 
Language_48
10
0
1 4 6 8 9 
a b 
5 1 8 0 9 0 6 1 5 1 0 0 4 1 8 1 9 1 4 0 
0 0 6 0 7 1 9 1 0 0 8 0 9 0 3 -1 2 0 0 0 
7 0 3 0 6 0 4 0 0 0 3 0 0 0 8 1 5 0 9 1 
7 -1 8 -1 0 1 4 0 1 1 3 1 8 -1 8 0 5 -1 3 1 
Language_49
10
0
0 2 3 4 6 7 8 
a b 
2 1 5 0 6 0 2 0 2 1 7 1 0 1 9 0 1 0 3 0 
9 0 2 1 8 0 3 -1 9 1 9 0 1 0 5 1 2 1 9 0 
1 1 5 0 4 0 7 1 0 1 1 0 3 1 0 0 5 1 3 1 
9 -1 7 0 9 0 6 -1 6 -1 7 0 3 -1 7 -1 4 -1 7 -1 
Language_50
10
0
0 5 6 7 9 
a b 
3 0 8 0 0 0 0 0 2 1 2 0 2 0 7 0 2 0 3 0 
7 -1 7 0 2 1 6 -1 8 0 5 1 5 1 5 0 4 0 0 0 
5 0 5 0 8 1 0 1 4 1 4 1 3 0 5 1 2 0 9 1 
5 0 9 -1 0 0 1 -1 3 -1 0 1 7 1 8 0 1 -1 2 1 
Language_51
10
0
0 2 4 6 7 
a b 
5 0 4 0 5 0 5 0 4 0 5 0 0 0 3 1 5 1 9 1 
1 1 0 1 6 0 2 0 0 0 7 -1 8 0 1 -1 0 -1 6 1 
6 0 6 0 0 0 3 0 2 1 1 1 9 0 8 0 2 0 5 0 
6 -1 0 1 0 0 4 -1 4 0 6 0 7 0 2 0 7 1 8 -1 
Language_52
10
0
0 1 4 5 8 9 
a b 
6 1 3 1 7 0 0 0 9 1 3 1 5 0 6 1 1 1 1 0 
3 0 2 -1 4 0 7 1 9 0 7 0 0 0 7 0 5 0 8 0 
5 1 0 1 5 1 7 1 3 0 1 0 0 1 7 1 2 1 3 1 
3 0 1 1 8 0 6 1 3 1 5 0 1 -1 3 1 1 1 8 -1 
Language_53
10
0
3 5 7 9 
a b 
8 0 1 1 6 0 2 1 4 1 3 1 4 1 6 0 1 0 2 0 
3 1 7 1 4 0 3 0 2 -1 3 1 8 0 9 -1 8 0 9 1 
6 1 4 1 2 0 5 0 1 1 7 1 1 0 1 0 4 0 0 0 
0 0 7 1 3 -1 5 1 9 1 0 1 5 -1 3 -1 8 1 6 0 
Language_54
10
0
0 1 2 4 6 8 
a b 
0 1 8 1 5 0 2 0 5 1 4 0 8 1 0 1 3 0 5 0 
8 -1 8 0 8 0 3 -1 7 1 9 0 1 1 1 1 7 0 4 -1 
0 1 2 0 6 0 1 1 4 0 7 1 2 0 9 1 4 1 4 0 
0 0 7 1 8 -1 5 0 6 0 4 1 1 0 9 1 8 0 7 0 
Language_55
10
0
1 2 4 5 6 7 8 9 
a b 
1 1 0 1 1 0 7 0 0 0 4 0 8 0 7 0 7 1 5 0 
6 0 3 -1 6 1 9 -1 0 1 1 1 1 -1 9 -1 9 1 1 -1 
8 1 3 0 3 0 1 0 1 1 2 0 8 1 5 1 9 1 9 0 
6 -1 3 0 2 -1 8 -1 2 -1 6 -1 6 0 1 -1 1 0 3 0 
Language_56
10
0
0 1 3 6 8 9 
a b 
5 1 6 0 9 0 2 0 1 1 6 0 3 1 1 0 4 0 6 0 
9 1 5 0 5 1 8 1 0 -1 0 -1 9 -1 2 -1 6 0 1 0 
1 1 7 1 3 1 9 1 1 1 7 0 6 0 2 0 7 0 5 1 
3 1 0 -1 4 0 9 1 6 0 8 -1 9 0 8 0 7 -1 6 -1 
Language_57
10
0
1 4 5 
a b 
2 1 2 1 3 0 3 0 1 0 5 1 5 0 3 1 3 0 4 0 
6 -1 5 0 3 0 0 1 1 1 7 0 0 0 8 -1 5 0 5 0 
9 0 6 1 8 0 6 1 7 0 7 1 0 1 3 1 5 0 6 1 
6 0 8 1 8 1 8 -1 1 0 8 0 0 0 0 -1 3 -1 3 -1 
Language_58
10
0
2 5 6 9 
a b 
8 0 7 1 9 1 5 0 1 1 3 1 2 0 6 1 4 0 6 1 
2 0 3 0 5 1 7 1 4 1 7 -1 3 0 6 1 8 -1 1 -1 
1 0 5 1 8 0 8 0 7 1 8 0 3 1 9 1 1 0 5 1 
1 0 9 -1 3 0 3 -1 9 -1 8 1 8 -1 8 0 9 1 0 0 
Language_59
10
0
0 1 3 7 9 
a b 
8 1 2 0 6 1 0 0 3 0 8 0 0 1 5 0 1 0 1 0 
9 1 2 -1 2 1 7 1 3 -1 2 -1 7 -1 6 0 5 0 5 0 
4 0 0 1 2 0 2 0 0 0 1 0 3 1 9 1 8 0 2 0 
0 -1 0 1 2 1 4 1 2 1 1 1 4 1 1 -1 2 0 6 1 
Language_60
10
0
1 2 3 4 8 
a b 
4 0 2 0 7 1 8 1 4 0 1 0 8 0 2 1 6 1 1 0 
3 0 3 0 9 0 1 1 8 -1 7 0 4 1 6 1 3 0 7 -1 
2 1 0 0 4 0 7 1 7 0 3 0 1 1 5 1 1 1 3 1 
4 -1 1 0 6 0 8 -1 3 0 1 0 3 1 9 1 6 -1 5 -1 
Language_61
10
0
0 1 3 5 6 7 8 9 
a b 
8 1 5 0 1 1 7 1 7 0 5 0 5 1 4 1 9 0 7 1 
4 0 7 1 6 -1 9 -1 4 1 7 1 5 0 7 0 0 1 8 0 
4 1 8 0 1 0 9 0 5 0 1 1 0 1 1 1 7 1 3 1 
2 -1 2 0 6 1 2 1 4 0 2 0 2 1 6 1 8 1 0 -1 
Language_62
10
0
0 6 8 9 
a b 
1 0 6 0 3 0 5 0 8 1 6 0 9 0 7 1 1 1 9 0 
7 -1 6 1 6 1 5 -1 2 -1 7 -1 8 0 8 -1 1 -1 6 -1 
5 0 9 1 8 0 7 0 6 1 5 1 5 0 1 0 0 0 1 1 
8 1 3 1 8 0 4 1 5 -1 2 -1 0 -1 2 1 8 1 8 1 
Language_63
10
0
0 4 8 
a b 
0 1 5 1 9 0 6 0 2 0 2 0 7 0 0 0 3 1 2 1 
4 -1 1 -1 1 0 2 -1 1 -1 9 0 8 1 7 0 3 1 9 1 
6 1 0 0 7 1 4 1 0 1 5 0 2 1 3 1 1 1 2 1 
6 -1 2 0 3 -1 4 -1 8 1 4 -1 6 0 5 1 1 1 0 0 
Language_64
10
0
0 4 5 7 8 9 
a b 
3 1 3 1 5 1 0 1 9 1 1 1 0 1 6 0 4 0 4 1 
8 -1 7 0 6 0 1 0 4 0 4 0 9 -1 9 1 6 -1 5 1 
1 1 8 1 7 0 6 0 5 0 2 1 1 0 1 1 8 0 7 1 
9 0 0 1 6 0 9 0 9 0 7 -1 1 0 2 -1 6 0 8 1 
Language_65
10
0
0 4 5 6 7 9 
a b 
7 1 8 1 3 0 7 0 4 1 2 0 7 1 3 0 7 1 7 0 
0 -1 9 1 2 1 0 0 1 0 5 1 6 1 9 0 0 0 7 1 
7 0 2 1 2 1 6 1 5 1 7 0 8 0 6 0 5 1 9 1 
8 0 3 -1 3 -1 8 -1 9 1 4 0 1 -1 4 -1 0 0 9 -1 
Language_66
10
0
0 1 5 7 8 9 
a b 
8 0 8 0 4 0 5 0 6 0 2 1 1 0 1 1 4 1 8 0 
2 0 2 -1 5 -1 0 0 0 0 0 1 4 0 2 -1 8 1 7 -1 
7 1 2 0 4 0 7 1 6 0 7 0 9 1 9 0 2 1 7 0 
9 0 5 -1 5 0 6 -1 1 -1 5 1 9 -1 2 -1 6 1 3 0 
Language_67
10
0
0 2 4 5 6 7 8 9 
a b 
0 1 4 1 5 0 0 0 4 1 6 1 0 0 7 1 2 0 0 0 
1 0 4 -1 7 0 3 -1 0 1 5 -1 8 0 2 0 8 1 7 -1 
2 1 0 0 5 1 6 0 9 0 2 0 8 0 2 0 8 1 4 0 
5 1 3 -1 7 1 3 -1 4 -1 3 -1 0 1 4 1 8 1 9 0 
Language_68
10
0
0 1 2 3 6 7 8 9 
a b 
7 0 6 1 5 0 4 0 9 1 6 1 8 1 7 1 8 1 6 1 
6 1 6 0 0 0 7 1 8 -1 4 1 6 -1 5 1 7 0 5 0 
8 0 4 0 6 1 2 1 2 0 9 0 3 1 3 0 6 0 1 0 
6 -1 3 1 2 0 2 -1 2 -1 0 -1 4 0 8 1 7 1 5 0 
Language_69
10
0
1 5 7 8 9 
a b 
4 1 9 0 0 0 2 1 9 0 9 1 4 1 7 0 5 1 3 0 
2 0 2 0 7 0 6 -1 9 1 2 0 1 -1 2 -1 8 0 3 -1 
8 0 0 0 5 0 3 1 1 0 7 0 5 1 1 1 3 0 2 1 
3 -1 8 -1 4 -1 7 1 0 1 5 0 7 1 1 1 3 -1 8 1 
Language_70
10
0
0 2 5 8 9 
a b 
9 1 4 0 0 0 9 1 8 0 1 0 9 1 1 0 9 1 6 0 
1 1 6 -1 1 0 2 0 4 0 7 -1 0 1 3 -1 6 1 2 0 
1 1 9 1 1 1 5 1 5 0 6 0 3 0 8 0 7 1 2 1 
8 -1 8 0 7 1 6 -1 2 0 3 -1 9 0 5 1 1 1 4 1 
Language_71
10
0
0 2 3 7 
a b 
9 0 0 1 2 1 5 0 0 1 9 1 4 0 3 0 2 0 4 1 
6 -1 6 1 4 0 1 0 2 0 1 0 9 1 5 -1 3 1 0 1 
0 1 7 0 7 0 6 1 7 1 9 1 7 1 7 1 2 1 8 1 
0 0 3 1 9 0 3 1 5 0 2 1 4 1 2 0 9 0 0 1 
Language_72
10
0
1 2 3 4 6 8 
a b 
7 0 3 0 2 1 7 1 2 0 6 0 9 0 5 0 3 1 9 0 
9 -1 9 -1 5 -1 7 0 1 1 2 -1 5 -1 8 0 2 0 4 0 
6 0 2 0 9 0 3 0 8 1 7 0 9 1 1 0 7 1 6 1 
8 0 9 -1 8 0 9 0 2 -1 3 0 3 1 1 -1 3 0 9 -1 
Language_73
10
0
1 2 3 4 8 
a b 
7 0 0 0 4 0 2 1 1 1 2 0 1 1 4 1 3 1 1 1 
3 0 4 -1 5 0 2 1 5 1 9 0 4 0 9 1 0 1 8 1 
0 1 7 0 3 1 5 1 5 1 6 1 2 0 9 1 4 1 6 0 
0 -1 2 0 6 -1 8 1 8 0 8 1 7 -1 9 1 9 -1 0 0 
Language_74
10
0
0 1 2 5 8 
a b 
2 1 3 0 7 1 1 0 7 1 8 1 1 0 3 0 4 1 2 1 
0 1 3 0 3 -1 0 0 8 0 4 -1 7 1 2 -1 7 -1 8 1 
0 0 3 1 3 1 8 1 3 1 2 0 4 1 5 0 6 0 9 1 
7 -1 0 1 3 0 6 0 1 0 3 1 3 0 4 1 9 1 7 1 
Language_75
10
0
0 3 7 
a b 
4 0 3 1 1 1 1 0 1 1 4 1 9 0 8 1 2 0 4 0 
7 0 5 0 0 0 6 -1 1 -1 8 1 6 0 0 1 7 1 1 1 
2 1 9 0 2 1 2 1 3 0 9 1 0 1 0 1 2 1 2 1 
5 -1 5 0 7 0 6 -1 3 -1 7 -1 7 1 0 1 8 -1 9 -1 
Language_76
10
0
0 1 3 6 8 
a b 
1 0 4 0 7 0 2 0 6 1 2 1 1 1 8 1 9 1 2 0 
4 0 4 -1 6 1 8 1 1 1 0 -1 5 -1 5 0 9 -1 4 1 
2 0 0 1 7 1 7 0 2 1 9 1 2 0 9 0 0 1 9 0 
6 1 3 1 4 0 4 -1 0 0 5 0 5 -1 1 -1 8 0 3 -1 
Language_77
10
0
2 3 5 6 9 
a b 
5 0 5 1 0 1 1 0 6 0 2 1 5 1 4 1 4 1 8 0 
0 0 6 1 5 -1 8 0 2 -1 5 1 7 -1 1 0 5 -1 1 0 
5 1 9 1 5 0 8 0 6 0 3 1 0 1 4 1 6 1 1 0 
0 0 2 1 8 0 4 1 0 1 3 -1 7 -1 8 1 5 0 7 1 
Language_78
10
0
0 1 4 5 8 9 
a b 
2 0 4 0 8 1 0 0 1 0 5 1 8 1 0 0 5 0 8 0 
5 1 5 1 5 1 4 1 5 -1 9 0 7 1 7 1 9 0 3 0 
7 0 9 0 0 1 5 1 0 0 2 1 9 1 1 1 4 1 1 0 
8 0 1 0 4 1 5 -1 6 -1 9 -1 2 -1 9 0 2 -1 8 1 
Language_79
10
0
3 4 7 8 
a b 
0 1 1 1 4 0 8 1 3 1 3 0 0 0 6 1 4 1 9 0 
9 -1 5 0 3 -1 6 1 3 -1 9 1 5 -1 0 1 7 0 1 0 
3 1 4 0 6 1 2 0 5 0 9 1 3 1 4 0 2 1 4 1 
7 -1 0 -1 3 -1 0 0 5 0 4 0 4 -1 9 1 5 1 7 1 
Language_80
10
0
2 6 
a b 
3 0 5 0 6 0 6 0 9 0 2 0 4 0 1 1 9 1 7 0 
8 1 7 -1 1 0 3 0 9 1 1 -1 6 -1 0 0 8 0 4 0 
3 1 0 1 1 0 2 1 1 1 8 0 1 1 4 1 2 0 3 1 
3 0 8 1 6 1 0 1 6 1 3 -1 7 0 7 0 5 -1 9 0 
Language_81
10
0
3 4 5 7 
a b 
4 1 3 1 7 1 1 0 0 1 5 1 5 0 8 0 6 1 9 0 
7 1 0 0 1 1 7 -1 5 -1 4 1 2 1 1 -1 2 1 1 1 
8 1 3 0 9 0 7 0 6 0 0 1 8 0 9 0 4 1 4 0 
8 -1 4 1 5 0 9 1 7 -1 5 -1 8 0 1 0 9 1 3 0 
Language_82
10
0
1 2 3 4 5 6 9 
a b 
6 1 8 0 6 1 3 1 9 0 4 1 3 0 4 0 9 0 9 1 
5 -1 3 0 8 -1 7 1 0 1 4 0 1 -1 0 -1 9 0 2 -1 
3 1 0 0 2 1 8 0 3 0 2 1 3 1 3 1 5 0 8 1 
2 1 0 0 0 -1 4 1 1 1 7 -1 7 0 3 -1 8 -1 3 0 
Language_83
10
0
5 6 
a b 
2 0 8 0 8 0 0 1 7 1 2 1 9 0 0 0 9 0 9 1 
2 1 2 0 2 1 4 0 8 -1 0 1 5 1 7 0 0 0 5 0 
1 0 7 0 4 1 5 0 4 0 8 0 4 0 5 0 2 1 2 1 
5 -1 8 1 4 1 2 1 6 1 5 -1 4 0 9 1 8 -1 3 0 
Language_84
10
0
0 3 6 8 9 
a b 
0 0 8 1 8 0 1 0 0 1 1 1 0 0 1 1 9 0 4 0 
5 -1 9 1 3 -1 3 0 7 0 0 -1 0 0 6 0 9 -1 9 1 
5 1 3 0 7 1 1 1 1 1 7 0 7 1 9 1 4 1 6 1 
6 0 2 1 9 -1 2 1 5 -1 8 1 4 0 2 0 0 -1 8 -1 
Language_85
10
0
2 5 6 7 8 
a b 
8 0 1 1 7 0 1 1 1 1 5 1 1 0 8 1 0 0 1 0 
9 -1 9 1 8 0 7 0 4 0 2 1 3 -1 5 -1 0 0 6 -1 
6 1 6 1 8 1 0 0 2 1 5 0 6 1 4 0 0 1 6 0 
7 0 0 1 0 -1 0 1 6 1 9 -1 6 -1 4 0 7 -1 9 -1 
Language_86
10
0
1 2 3 5 6 9 
a b 
1 1 0 1 1 0 0 1 6 0 6 1 4 0 2 1 5 0 0 1 
7 1 6 0 7 1 5 1 5 -1 5 1 7 -1 8 0 4 -1 3 1 
5 1 4 1 6 0 0 0 0 1 0 0 5 0 9 1 0 0 5 1 
5 0 7 1 2 -1 5 1 2 0 7 0 8 1 6 1 1 -1 2 -1 
Language_87
10
0
0 2 3 6 7 8 9 
a b 
6 0 7 1 8 0 1 0 4 0 2 0 3 0 2 1 3 0 1 0 
9 0 0 0 7 -1 4 0 8 1 2 -1 4 -1 6 1 5 0 3 -1 
0 0 4 0 0 0 8 1 8 0 7 1 0 1 6 1 1 0 7 1 
7 1 7 1 1 0 8 0 2 -1 6 0 4 0 0 1 9 -1 3 -1 
Language_88
10
0
0 1 3 4 5 7 8 9 
a b 
1 1 0 0 9 0 7 1 5 0 5 0 3 0 8 0 3 0 1 1 
5 0 2 -1 4 0 1 -1 2 1 8 -1 0 -1 3 1 0 1 5 -1 
6 1 7 1 5 1 6 1 6 0 5 0 5 0 7 1 8 1 1 0 
7 -1 5 -1 4 1 9 0 6 -1 2 0 1 -1 1 -1 1 1 1 0 
Language_89
10
0
1 4 6 7 9 
a b 
8 1 7 0 3 1 5 0 0 0 9 0 0 1 8 0 1 0 7 0 
4 0 2 -1 7 -1 7 1 3 0 5 -1 1 -1 8 1 6 1 7 -1 
5 0 7 0 2 1 8 1 8 1 7 1 1 0 5 1 4 1 1 0 
9 -1 8 -1 8 -1 9 1 7 0 7 -1 4 1 8 0 3 -1 0 1 
Language_90
10
0
1 2 8 9 
a b 
9 0 3 0 1 1 3 0 7 0 3 0 5 0 6 0 4 0 8 1 
4 -1 8 -1 8 -1 8 0 2 0 0 -1 7 -1 1 0 4 1 4 1 
0 1 2 0 9 1 5 1 9 0 3 0 0 0 9 0 2 1 8 1 
2 0 4 0 3 1 7 1 8 1 0 0 1 1 4 1 0 -1 3 0 
Language_91
10
0
1 3 4 6 8 9 
a b 
4 1 5 0 1 1 8 0 1 1 9 0 6 1 0 1 1 0 4 0 
0 0 1 0 7 -1 4 -1 3 1 9 -1 2 1 7 -1 6 -1 9 0 
1 1 4 0 9 0 1 1 6 0 3 1 5 0 8 1 2 0 8 0 
7 1 0 1 0 1 1 0 5 1 8 0 6 -1 7 1 2 1 7 -1 
Language_92
10
0
1 3 5 7 9 
a b 
4 0 0 0 2 0 6 0 7 0 3 1 7 1 6 0 0 0 1 1 
0 0 6 0 6 0 3 1 4 -1 6 0 9 0 7 1 5 -1 2 -1 
6 1 4 1 0 1 3 0 3 0 6 0 4 0 4 0 4 1 2 0 
6 0 2 -1 1 -1 2 1 8 0 6 -1 9 1 8 -1 3 1 0 1 
Language_93
10
0
0 3 6 9 
a b 
3 1 9 0 3 1 7 0 1 1 3 0 2 1 5 1 3 0 4 0 
0 1 6 1 5 -1 0 0 6 1 7 0 4 -1 9 1 1 0 3 -1 
6 1 0 0 0 0 8 0 2 0 4 0 4 1 3 0 0 1 4 0 
6 1 9 1 0 0 9 -1 2 0 0 1 3 0 0 0 9 -1 4 0 
Language_94
10
0
3 5 6 7 8 9 
a b 
5 1 8 1 6 0 7 0 2 0 7 1 8 0 8 0 8 1 0 0 
1 0 1 -1 1 1 9 0 7 -1 6 -1 1 0 6 0 0 1 3 0 
5 0 5 1 4 1 2 0 2 0 5 0 5 1 6 0 7 0 3 1 
8 1 2 0 4 1 2 1 5 1 2 0 3 1 3 1 4 0 1 1 
Language_95
10
0
1 3 4 5 7 
a b 
7 0 5 0 0 1 5 0 1 0 2 0 8 0 2 0 9 0 0 0 
3 1 3 -1 4 1 9 1 9 -1 0 0 4 -1 2 -1 8 0 5 0 
6 1 2 1 0 0 6 1 7 0 8 1 0 1 0 1 9 0 4 0 
1 0 7 0 7 1 3 1 5 1 7 1 8 0 7 0 6 0 4 1 
Language_96
10
0
0 1 2 4 8 
a b 
5 0 5 0 4 1 6 0 2 1 6 0 8 1 9 1 6 1 9 0 
2 1 3 0 9 0 2 -1 5 -1 9 0 2 1 8 1 2 0 9 0 
7 1 6 1 1 0 7 0 7 1 3 0 5 1 1 0 6 0 2 0 
7 1 5 0 0 1 9 1 7 0 2 1 3 1 7 0 6 0 4 0 
Language_97
10
0
0 2 6 7 
a b 
9 0 1 0 3 0 4 1 6 0 4 0 6 0 1 0 1 1 4 0 
6 0 6 -1 8 0 7 -1 2 1 1 0 6 0 8 -1 0 1 7 0 
9 1 5 1 5 0 8 1 7 1 9 0 1 1 5 0 7 0 2 0 
6 1 3 0 4 0 6 1 8 0 2 1 8 1 9 0 3 1 8 -1 
Language_98
10
0
0 3 5 7 8 
a b 
8 1 7 1 3 0 4 0 8 1 4 0 1 1 3 1 7 0 0 0 
7 -1 4 -1 1 -1 5 0 2 1 1 -1 9 1 3 0 5 0 0 1 
6 1 4 1 2 1 2 1 7 1 2 0 5 1 8 0 5 1 2 0 
6 -1 1 0 4 -1 6 0 0 0 3 0 3 1 9 -1 7 1 3 0 
Language_99
10
0
0 1 2 3 8 9 
a b 
9 0 4 0 1 0 8 0 1 1 7 0 5 1 0 1 2 0 4 1 
5 -1 9 1 3 0 3 -1 3 0 0 -1 3 1 7 -1 6 1 4 1 
1 0 6 0 4 0 7 1 5 1 9 0 2 0 9 0 1 0 3 1 
8 -1 2 -1 2 1 7 -1 1 1 2 1 6 1 9 1 9 0 0 0 
