100
Language_0
13
0
0 1 3 4 7 8 11 
a b c d e 
6 1 11 0 11 0 0 0 3 0 1 0 12 0 3 0 5 1 10 1 2 1 9 0 12 1 
9 -1 9 1 12 -1 6 1 9 0 12 0 9 1 6 -1 12 -1 6 -1 9 0 5 1 9 1 
11 0 8 0 5 1 7 0 6 1 5 0 0 0 9 0 11 0 1 0 1 0 6 0 7 0 
2 0 9 0 10 1 9 1 6 -1 2 0 5 1 12 1 5 0 6 -1 9 1 9 -1 9 0 
1 0 9 1 1 0 2 0 8 0 3 0 3 0 2 0 4 0 7 0 10 0 4 0 7 0 
10 0 9 1 6 -1 6 0 12 0 5 -1 6 0 10 0 10 -1 10 0 6 0 9 -1 5 -1 
4 0 7 0 7 0 0 0 4 0 9 0 0 0 10 0 6 1 10 1 8 0 5 1 6 1 
6 0 6 1 5 -1 10 0 5 0 9 1 6 -1 12 -1 5 -1 9 0 9 -1 10 0 6 0 
2 1 3 0 7 0 6 0 1 0 4 0 11 0 9 1 2 0 10 1 3 0 7 0 4 0 
12 0 10 0 9 -1 5 1 2 0 12 -1 6 -1 10 0 5 -1 9 0 6 1 6 -1 9 0 
Language_1
13
0
0 1 2 3 4 7 9 10 11 12 
a b c d e 
10 0 4 0 11 0 9 0 1 0 0 0 2 0 8 1 10 0 0 0 10 0 5 0 11 0 
8 0 5 1 6 0 6 -1 5 1 6 -1 8 0 8 0 8 -1 6 -1 5 1 8 -1 6 1 
9 0 3 0 10 0 3 0 2 0 10 0 2 0 4 0 3 0 2 0 4 0 8 1 0 0 
8 -1 5 1 8 -1 6 0 5 1 6 0 5 1 6 -1 6 -1 5 1 5 0 5 0 8 1 
9 0 6 1 0 0 6 1 2 0 7 0 2 0 11 0 8 1 1 0 8 1 8 0 6 1 
6 1 5 0 8 -1 5 0 5 -1 8 1 5 0 8 -1 5 -1 8 0 5 0 8 1 5 -1 
12 0 9 0 5 1 3 0 11 0 1 0 11 0 7 0 7 0 11 0 8 1 12 0 11 0 
5 1 8 -1 5 -1 6 -1 8 -1 5 1 6 1 5 -1 6 -1 8 1 5 1 6 -1 5 0 
7 0 3 0 11 0 3 0 11 0 12 0 2 0 0 0 2 0 12 0 1 0 4 0 11 0 
6 1 5 -1 8 -1 6 -1 6 1 5 1 6 1 8 1 8 -1 8 1 6 -1 8 0 8 1 
Language_2
13
0
4 5 7 9 12 
a b c d e 
5 0 11 1 8 1 6 1 11 1 5 0 2 1 11 1 12 0 9 0 6 0 10 1 6 0 
0 1 1 0 6 0 6 0 8 -1 10 1 10 1 3 1 8 -1 8 -1 11 0 2 -1 3 0 
4 0 12 0 8 0 12 0 0 1 7 0 6 0 4 0 3 1 2 0 10 0 4 0 8 0 
8 -1 3 1 0 0 0 0 8 1 11 1 10 1 8 1 10 0 1 0 11 1 2 -1 1 1 
9 0 10 0 8 1 6 1 11 1 8 1 11 0 5 0 0 0 10 1 12 0 0 0 6 0 
1 0 0 -1 6 0 2 -1 1 1 10 -1 11 -1 1 -1 1 -1 11 1 8 1 10 0 1 -1 
1 0 3 1 8 1 0 0 3 1 7 0 5 0 4 0 3 0 9 0 0 1 3 1 10 1 
6 0 0 -1 11 1 11 -1 6 0 11 0 11 0 8 0 0 1 0 -1 0 0 6 0 1 0 
7 0 5 0 3 1 1 0 1 1 12 0 7 0 10 1 2 0 9 0 8 0 12 0 9 0 
10 -1 2 0 10 -1 1 -1 8 1 1 0 11 -1 10 -1 3 1 1 -1 0 1 1 1 0 0 
Language_3
13
0
1 2 7 10 12 
a b c d e 
9 0 5 0 5 1 11 0 1 0 11 1 5 1 2 0 6 0 9 1 7 0 6 0 9 1 
3 1 9 0 0 1 5 -1 6 0 5 0 6 1 6 -1 0 -1 9 1 6 -1 4 0 9 0 
9 0 10 0 6 1 11 1 9 1 2 0 3 1 5 1 0 1 1 0 4 1 2 0 5 0 
3 1 3 1 0 0 3 1 0 0 0 0 11 1 8 1 5 -1 0 1 0 0 3 0 4 -1 
1 0 5 0 7 0 5 1 0 1 1 0 5 0 11 1 1 0 8 1 8 0 4 1 2 0 
11 -1 3 0 8 -1 11 -1 0 -1 9 1 3 -1 9 1 0 1 4 -1 8 0 0 0 5 0 
8 1 5 0 8 1 10 0 4 0 3 0 5 1 2 0 6 0 4 1 5 0 0 0 12 0 
9 0 8 0 11 1 9 -1 9 1 8 0 11 -1 5 1 0 -1 9 1 9 -1 3 0 0 0 
11 1 6 0 12 0 3 1 12 0 10 0 6 0 1 0 12 0 10 0 7 0 1 0 5 0 
4 -1 6 1 9 0 0 -1 8 -1 6 -1 0 1 5 1 9 -1 5 1 4 0 3 0 3 1 
Language_4
13
0
0 1 4 6 8 
a b c d e 
2 1 1 0 6 0 0 0 10 1 2 1 3 0 1 0 5 1 12 0 12 0 5 1 8 0 
3 1 12 1 11 -1 9 -1 10 0 7 -1 3 0 12 0 2 0 11 1 2 0 12 -1 3 0 
9 0 2 0 8 0 3 0 7 1 2 0 0 0 3 0 3 0 8 0 1 0 10 0 4 0 
9 0 2 -1 11 1 2 0 5 1 9 0 2 0 7 0 11 0 9 0 7 0 12 0 9 1 
0 0 12 0 0 0 12 1 6 0 3 0 6 0 2 1 5 0 2 1 12 0 1 0 4 0 
7 1 9 0 5 -1 3 0 12 0 5 0 12 -1 3 1 12 -1 5 1 2 0 10 0 5 -1 
3 0 7 0 1 0 0 0 2 1 4 0 1 0 11 1 2 1 9 1 2 1 9 0 10 0 
3 0 3 -1 11 0 11 -1 10 -1 3 -1 12 1 10 1 7 0 11 0 10 1 7 0 10 0 
4 0 8 0 4 0 2 1 10 1 12 1 9 0 10 1 11 1 8 0 10 1 0 0 10 0 
10 -1 2 1 9 0 3 1 12 -1 11 -1 9 1 12 1 9 1 11 0 9 1 3 -1 9 0 
Language_5
13
0
1 5 10 12 
a b c d e 
7 1 0 1 7 1 1 0 8 1 7 0 10 0 7 0 9 0 0 1 11 0 5 0 10 0 
11 0 0 -1 11 1 6 -1 2 -1 4 0 9 1 11 0 9 1 0 1 2 1 9 -1 6 1 
8 0 9 1 0 1 8 1 6 1 4 0 10 0 3 0 1 0 0 0 7 1 12 0 7 0 
3 1 2 1 0 0 7 -1 3 -1 8 -1 9 0 7 0 0 1 11 0 8 0 3 1 6 -1 
0 0 10 0 7 0 5 0 12 0 4 1 8 0 7 0 6 0 3 1 3 0 3 0 10 0 
7 0 8 0 6 0 8 1 9 0 6 0 8 0 6 -1 2 1 9 -1 7 1 7 1 0 1 
1 0 10 0 4 0 6 0 1 0 6 1 0 1 11 0 11 0 4 0 9 0 4 1 3 1 
2 1 8 -1 2 1 0 1 9 -1 7 1 11 -1 7 0 2 1 2 1 3 -1 7 -1 2 1 
12 0 1 0 1 0 0 0 1 0 9 0 7 0 12 0 12 0 0 0 0 0 12 0 4 1 
11 1 9 1 6 1 3 1 2 1 0 -1 4 1 11 -1 2 1 11 -1 8 -1 8 0 7 -1 
Language_6
13
0
6 9 
a b c d e 
5 0 7 1 9 0 10 0 2 1 3 1 1 0 4 0 2 0 0 1 7 0 7 0 6 0 
8 1 0 -1 10 -1 8 1 12 1 8 1 12 -1 12 0 8 0 12 0 12 -1 2 -1 12 -1 
6 0 1 0 2 0 6 0 9 0 1 1 1 0 5 0 9 0 1 0 7 1 3 0 8 1 
4 -1 0 -1 0 -1 2 0 1 0 1 0 5 0 5 0 12 0 10 -1 10 -1 3 -1 0 1 
0 1 9 0 0 1 8 1 0 0 1 1 5 0 1 1 7 1 0 0 9 0 2 1 3 1 
0 1 11 0 3 -1 7 0 1 -1 3 1 10 0 11 1 4 0 1 -1 10 0 11 0 12 1 
4 1 4 1 2 0 12 1 7 1 4 0 12 0 5 1 10 0 2 0 3 0 2 1 1 1 
3 -1 8 1 12 1 11 1 8 0 1 1 10 -1 10 0 7 -1 7 -1 7 1 7 -1 7 -1 
5 0 9 0 1 1 10 0 2 1 7 0 12 1 12 1 11 0 9 0 6 0 3 0 5 0 
0 0 10 0 11 0 5 0 1 1 1 -1 0 -1 8 -1 8 -1 0 1 8 -1 7 0 4 0 
Language_7
13
0
3 5 6 8 9 10 12 
a b c d e 
8 0 7 1 4 1 1 1 0 0 9 0 6 0 4 1 11 0 10 0 0 0 1 1 3 0 
2 -1 1 -1 2 0 2 1 0 -1 11 1 2 -1 1 0 7 1 2 -1 11 -1 7 -1 1 0 
5 0 10 0 0 1 7 1 9 0 5 0 7 0 0 0 8 0 8 0 3 0 11 0 3 0 
2 -1 1 0 11 1 11 1 11 1 7 0 11 0 7 1 4 -1 2 -1 2 0 4 1 11 0 
1 1 2 0 9 0 1 1 11 0 0 1 3 0 7 1 9 0 5 0 11 0 11 0 11 0 
0 1 1 1 0 1 11 0 7 0 4 1 4 1 2 1 7 0 11 0 2 1 0 0 4 1 
10 0 1 0 4 1 4 0 4 1 2 0 9 0 6 0 9 0 0 1 10 0 7 0 5 0 
0 0 1 1 2 1 11 0 4 0 7 0 2 1 11 -1 4 0 11 0 2 1 7 1 11 -1 
11 1 5 0 3 0 3 0 7 0 12 0 11 1 0 1 10 0 3 0 10 0 7 1 10 0 
2 0 1 -1 1 1 0 0 4 1 2 0 1 0 7 1 1 0 4 -1 0 1 1 -1 4 0 
Language_8
13
0
0 2 4 10 11 12 
a b c d e 
5 1 7 0 12 0 10 0 5 1 0 0 6 0 7 1 8 1 1 1 5 0 9 1 11 0 
1 0 7 -1 7 1 6 0 9 1 3 1 6 1 5 1 3 0 9 1 9 1 7 0 7 1 
9 0 1 1 1 1 2 0 2 0 4 0 6 0 3 1 1 1 7 0 3 0 4 0 4 0 
8 0 8 1 9 0 5 -1 3 1 6 1 7 1 7 -1 7 0 1 0 6 1 7 1 7 0 
10 0 2 0 0 0 6 0 4 0 0 0 11 0 4 0 9 1 1 0 12 0 0 0 4 0 
1 1 3 1 7 0 7 -1 3 1 7 -1 1 0 7 0 3 -1 1 0 1 0 9 -1 6 -1 
4 0 4 0 7 1 6 0 8 0 1 1 6 0 0 0 5 1 1 1 7 0 9 0 5 1 
3 0 3 1 8 1 8 0 3 -1 1 0 6 0 3 1 9 -1 1 -1 7 0 7 -1 7 0 
12 0 0 0 12 0 2 0 6 0 10 0 7 1 7 0 10 0 7 0 12 0 4 0 7 0 
6 1 5 0 5 -1 9 1 5 -1 3 0 1 -1 6 0 1 0 8 -1 1 -1 8 0 7 -1 
Language_9
13
0
4 6 9 10 
a b c d e 
2 1 0 1 5 0 11 1 4 0 3 0 11 0 10 0 3 0 5 1 2 1 9 0 2 0 
1 -1 12 -1 2 0 7 -1 0 1 5 -1 0 1 0 0 8 1 3 1 7 -1 1 1 3 0 
5 0 4 0 3 0 6 0 5 0 10 0 5 1 10 0 11 0 12 0 1 0 1 0 1 0 
12 0 0 0 12 0 1 0 8 -1 2 1 1 0 5 0 8 -1 7 1 7 0 11 0 5 0 
12 0 12 1 6 0 12 0 12 0 2 1 9 0 0 1 11 1 0 1 11 1 11 1 5 0 
2 1 7 1 8 0 0 1 5 1 12 1 12 -1 8 -1 5 1 12 -1 1 -1 2 1 8 1 
10 0 5 0 7 0 7 0 7 0 0 0 12 0 11 1 7 1 12 0 2 1 7 0 8 0 
7 1 7 -1 3 0 7 -1 5 0 11 -1 1 -1 1 0 8 -1 3 -1 5 1 11 -1 8 1 
6 0 4 0 7 1 12 1 12 0 0 1 11 0 7 0 2 1 10 0 6 0 2 0 5 0 
2 0 2 -1 3 -1 12 0 0 -1 8 1 5 0 2 -1 11 1 12 -1 0 0 3 0 1 1 
Language_10
13
0
0 1 2 3 4 5 6 7 8 9 
a b c d e 
8 0 8 0 2 0 0 0 3 0 1 0 12 0 3 0 6 0 2 0 8 0 0 0 8 0 
12 -1 11 0 12 -1 11 0 11 1 12 1 12 -1 12 1 11 1 11 1 11 0 12 -1 12 1 
10 1 8 0 7 0 11 0 9 0 8 0 11 0 7 0 0 0 3 0 5 0 2 0 3 0 
12 -1 12 1 11 -1 11 0 11 1 10 0 11 -1 10 1 10 -1 11 0 10 1 12 0 11 0 
9 0 10 1 0 0 7 0 3 0 11 0 8 0 6 0 2 0 2 0 11 0 2 0 10 1 
10 -1 10 1 10 0 11 1 12 1 10 1 12 0 10 0 11 0 11 0 12 0 10 1 11 -1 
3 0 4 0 10 1 5 0 1 0 8 0 3 0 3 0 2 0 0 0 1 0 2 0 11 0 
10 1 12 0 12 1 11 0 12 -1 10 0 12 1 11 0 10 0 11 1 10 0 12 -1 12 -1 
12 0 4 0 4 0 1 0 2 0 9 0 4 0 0 0 9 0 6 0 11 1 3 0 1 0 
12 1 10 1 10 0 11 -1 10 1 12 -1 12 1 10 -1 11 -1 10 1 12 0 10 1 12 -1 
Language_11
13
0
1 5 6 10 11 12 
a b c d e 
6 0 7 1 4 0 2 0 9 1 11 0 9 0 3 0 5 0 7 1 12 0 0 0 2 0 
9 1 9 -1 2 0 2 1 2 -1 3 -1 4 0 9 -1 9 -1 8 -1 2 0 9 0 8 1 
8 0 4 0 4 1 5 0 3 1 10 0 7 0 2 0 5 0 10 0 4 1 3 0 8 1 
2 1 3 1 8 0 7 1 2 0 4 -1 3 1 3 -1 7 -1 7 -1 2 0 2 -1 4 1 
9 1 8 0 5 0 5 0 4 0 12 0 12 0 6 0 7 0 3 1 1 0 10 0 9 0 
9 1 2 1 8 0 0 1 4 -1 2 -1 2 -1 3 1 2 0 4 -1 8 1 4 1 3 0 
5 0 8 1 2 0 6 0 11 0 0 1 3 0 6 0 6 0 10 0 9 0 9 0 0 1 
4 1 3 1 9 -1 8 -1 9 0 9 0 7 1 0 -1 8 0 7 0 3 1 8 -1 7 -1 
0 0 2 0 12 0 0 1 10 0 8 0 1 0 3 1 10 0 11 0 1 0 3 1 6 0 
8 -1 9 1 4 1 3 1 8 -1 4 1 4 1 7 1 3 0 4 0 2 -1 2 -1 9 1 
Language_12
13
0
0 1 2 5 6 7 8 10 11 12 
a b c d e 
4 1 6 0 9 1 6 0 12 0 3 0 8 0 8 0 1 0 8 0 0 0 1 0 5 0 
4 -1 9 0 3 -1 4 0 9 0 4 -1 4 1 4 1 4 0 4 -1 4 -1 3 0 9 -1 
9 0 3 1 6 0 8 0 7 0 2 0 5 0 6 0 7 0 3 0 2 0 10 0 4 1 
3 0 4 -1 9 0 3 1 3 0 3 1 9 1 4 -1 4 1 9 0 3 1 3 1 4 -1 
7 0 4 1 6 0 3 1 7 0 6 0 1 0 6 0 7 0 12 0 6 0 9 0 5 0 
4 0 3 0 9 0 9 0 9 0 4 0 3 -1 9 1 4 -1 4 1 9 -1 3 0 9 1 
3 0 6 0 4 1 11 0 8 0 1 0 7 0 8 0 0 0 3 1 12 0 5 0 4 0 
4 -1 4 0 3 0 4 -1 9 1 9 1 9 0 3 1 9 -1 3 0 4 -1 9 1 4 0 
12 0 9 1 10 0 7 0 8 0 0 0 0 0 9 1 0 0 12 0 4 1 5 0 11 0 
9 1 9 -1 9 0 4 1 4 -1 4 1 4 0 9 1 9 0 3 -1 9 -1 3 -1 9 -1 
Language_13
13
0
1 3 6 9 
a b c d e 
6 0 11 1 5 0 4 1 2 0 0 0 0 1 8 0 1 0 3 0 2 1 9 0 2 0 
10 0 7 -1 2 -1 8 1 2 0 4 1 8 0 12 -1 8 -1 7 0 2 0 12 -1 2 1 
2 1 9 0 5 1 11 1 3 0 5 0 12 1 11 1 8 1 0 0 4 0 9 0 0 1 
10 1 7 1 10 0 7 -1 2 -1 11 1 8 -1 0 -1 0 -1 7 0 0 -1 2 -1 2 1 
7 1 4 0 4 0 7 0 5 1 5 1 6 0 7 0 5 1 2 1 7 0 11 0 9 0 
2 1 12 0 7 -1 8 1 12 1 0 0 11 1 12 0 10 1 5 1 0 1 12 1 8 -1 
7 1 0 1 6 0 0 0 12 1 0 0 8 1 2 0 1 0 7 0 8 1 5 1 4 1 
12 0 2 -1 4 0 5 0 10 0 10 -1 10 1 2 -1 12 1 4 0 0 1 2 1 2 -1 
11 0 4 1 4 1 12 0 3 0 8 0 8 0 5 1 10 1 9 0 7 0 7 0 4 1 
5 -1 10 0 11 1 10 0 0 0 4 -1 11 0 11 -1 0 0 7 1 4 1 0 1 5 1 
Language_14
13
0
2 4 7 
a b c d e 
6 0 10 0 1 0 8 1 12 0 4 0 8 0 7 0 1 0 2 0 2 0 2 0 6 0 
1 1 8 1 9 0 12 -1 11 1 9 1 10 1 8 1 5 -1 0 1 0 1 8 -1 12 -1 
2 0 6 0 10 0 11 1 9 0 2 0 4 0 6 1 2 0 10 0 2 0 3 1 4 0 
10 0 1 0 5 0 11 0 9 0 5 1 3 1 8 -1 1 -1 5 1 0 -1 0 0 11 0 
1 1 10 1 1 1 10 1 4 0 8 0 11 1 12 1 2 0 10 0 4 0 5 0 6 1 
6 1 10 0 6 -1 0 0 1 -1 3 0 0 0 3 -1 5 -1 9 -1 10 0 12 -1 8 -1 
9 0 7 0 1 0 6 1 5 1 4 0 7 0 8 0 6 0 3 1 10 0 10 0 0 0 
9 0 5 0 1 1 5 1 9 1 5 0 12 1 11 1 11 -1 12 -1 0 1 6 -1 8 -1 
10 1 10 0 5 0 0 1 6 1 8 1 8 1 9 1 9 0 11 0 0 1 3 0 3 1 
0 1 11 0 3 0 0 1 3 1 6 -1 8 0 5 0 1 -1 8 1 5 0 5 1 10 -1 
Language_15
13
0
0 2 3 4 6 7 8 10 
a b c d e 
10 0 7 0 2 0 0 0 6 0 5 1 11 0 11 0 12 0 10 0 7 0 3 0 1 0 
5 1 1 1 12 1 1 -1 9 1 1 -1 11 -1 5 0 12 0 5 1 12 -1 12 0 1 -1 
9 0 5 1 8 0 6 0 12 1 11 0 12 1 10 0 2 0 7 0 5 0 8 0 10 0 
12 1 1 0 1 -1 1 -1 11 0 11 0 9 -1 9 1 1 -1 9 -1 1 0 12 1 12 0 
8 0 5 1 7 0 1 0 2 0 9 0 7 0 0 0 1 1 0 0 10 0 1 0 0 0 
1 0 12 1 9 -1 11 0 12 -1 9 0 12 0 5 0 5 -1 11 0 9 0 1 0 5 0 
10 0 8 0 0 0 1 1 8 0 2 0 1 1 6 0 2 0 4 0 11 0 11 0 7 0 
9 1 9 1 12 -1 1 0 1 1 9 1 9 -1 9 -1 9 -1 12 1 11 -1 9 0 12 1 
8 0 10 0 11 1 4 0 5 1 8 0 8 0 7 0 7 0 7 0 12 0 0 0 12 0 
5 -1 1 1 11 0 9 0 1 0 9 1 1 -1 12 1 1 1 11 1 11 1 5 -1 9 1 
Language_16
13
0
2 3 4 6 7 9 10 11 
a b c d e 
3 0 2 0 7 0 0 1 11 0 8 0 5 0 2 0 7 0 5 1 8 0 0 1 8 1 
8 1 8 1 1 1 1 -1 0 1 1 -1 12 -1 1 0 0 -1 0 0 12 -1 8 0 1 -1 
6 0 9 0 5 0 5 0 2 0 3 0 4 0 10 0 10 0 10 0 3 0 6 0 7 0 
12 0 12 1 12 0 0 0 0 0 0 0 5 -1 8 -1 0 0 5 1 1 -1 1 0 5 1 
4 0 11 0 1 1 5 1 7 0 5 0 9 0 0 1 4 0 3 0 8 0 12 0 2 0 
0 0 5 0 5 1 1 1 0 -1 1 1 12 0 0 0 8 -1 5 1 1 0 12 -1 0 1 
2 0 1 1 10 0 10 0 2 0 10 0 1 1 3 0 11 0 5 0 3 0 9 0 2 0 
5 -1 5 0 1 1 12 1 12 -1 0 0 0 1 0 -1 0 0 1 0 12 -1 0 1 8 -1 
11 0 9 0 2 0 0 0 11 0 7 0 2 0 12 1 8 1 5 0 1 1 9 0 4 0 
12 -1 12 -1 1 0 8 1 5 1 12 0 12 0 12 -1 8 0 5 1 8 1 8 -1 8 1 
Language_17
13
0
0 1 2 4 5 6 7 8 11 12 
a b c d e 
8 0 6 0 12 0 8 0 3 1 9 1 4 0 8 0 4 0 8 0 4 0 1 0 9 0 
3 0 3 -1 3 1 3 0 10 -1 3 0 3 0 9 1 9 -1 3 -1 3 0 10 1 9 0 
6 0 6 0 1 0 10 0 8 0 2 0 12 0 3 0 4 0 9 0 12 0 4 0 3 0 
9 1 3 1 9 -1 10 0 9 1 10 -1 10 -1 3 1 10 0 9 1 10 0 10 1 9 1 
11 0 1 0 10 0 12 0 2 0 8 0 4 0 5 0 11 0 0 0 8 0 9 1 11 0 
3 1 3 -1 10 0 9 0 9 1 10 0 3 1 3 -1 9 1 9 0 10 0 10 1 10 -1 
1 0 7 0 8 0 2 0 1 0 7 0 8 0 5 0 2 0 3 1 2 0 9 0 1 0 
9 1 3 1 10 1 3 -1 9 1 3 1 9 0 10 -1 10 1 3 -1 10 1 3 1 3 1 
2 0 11 0 2 0 12 0 7 0 1 0 9 1 7 0 8 0 9 1 8 0 7 0 2 0 
10 1 9 1 3 0 10 -1 9 -1 9 1 3 -1 3 0 10 0 9 0 3 -1 10 1 3 0 
Language_18
13
0
1 5 6 7 8 10 12 
a b c d e 
2 1 0 1 12 0 1 0 0 1 4 0 10 0 9 0 4 1 4 0 0 1 7 0 8 0 
4 0 0 1 9 1 9 1 0 1 0 1 11 0 2 -1 2 1 4 1 2 0 3 0 0 0 
7 0 11 0 6 0 10 0 9 0 10 0 3 1 1 0 12 0 4 0 1 0 9 1 4 1 
3 -1 11 0 9 1 2 1 9 1 3 -1 3 1 9 0 2 0 4 -1 9 1 9 -1 11 1 
11 0 8 0 11 0 7 0 0 1 0 0 5 0 0 1 4 0 8 0 9 1 2 0 0 0 
4 0 2 0 0 0 11 -1 0 1 9 0 4 0 2 -1 0 -1 9 -1 11 1 4 1 11 -1 
7 0 2 0 1 0 5 0 3 0 11 0 12 0 12 0 5 0 1 0 11 0 7 0 7 0 
11 1 9 1 4 1 2 1 0 0 9 1 11 1 3 0 4 0 0 -1 0 1 3 -1 2 1 
8 0 12 0 10 0 4 1 1 0 6 0 3 1 2 0 8 0 2 0 0 0 3 0 5 0 
9 0 4 1 2 -1 11 -1 11 0 4 1 0 0 4 -1 4 0 2 -1 9 0 9 1 3 0 
Language_19
13
0
0 1 4 6 8 10 11 
a b c d e 
0 0 2 1 6 0 10 0 3 0 8 0 0 0 4 0 11 0 8 0 9 1 3 1 8 0 
7 1 2 0 12 1 5 -1 7 -1 3 -1 12 1 5 0 7 1 12 -1 7 -1 7 1 9 -1 
10 0 10 0 3 0 3 0 2 1 5 1 0 0 6 0 7 1 7 1 6 0 12 1 3 0 
2 0 7 0 5 0 12 0 5 0 3 0 12 1 12 -1 7 -1 9 1 9 0 12 0 2 0 
3 1 12 1 7 0 8 0 6 0 3 0 9 0 9 1 8 0 1 0 11 0 5 1 2 0 
2 1 9 0 12 0 12 1 7 1 9 0 7 0 9 0 9 1 5 1 9 -1 3 0 5 0 
5 0 10 0 8 0 12 0 11 0 10 0 3 1 10 0 9 1 11 0 10 0 0 0 7 1 
5 -1 12 1 7 0 9 -1 12 1 5 1 7 0 9 0 9 1 12 -1 2 1 7 1 3 1 
2 1 8 0 1 0 9 0 7 0 3 0 6 0 8 0 5 1 4 0 10 0 9 1 9 1 
12 -1 5 1 5 1 12 0 7 1 9 1 9 0 7 0 5 0 7 -1 3 1 7 0 12 1 
Language_20
13
0
0 1 3 5 6 7 8 10 11 
a b c d e 
6 0 2 1 11 0 7 0 5 0 3 0 6 0 1 0 11 0 11 0 1 0 7 0 0 0 
12 1 4 -1 2 0 12 -1 12 1 4 0 9 0 4 -1 2 0 12 -1 4 -1 12 1 4 0 
11 0 3 0 6 0 10 0 5 0 1 0 2 0 2 1 10 0 7 0 3 0 11 0 2 1 
2 -1 2 1 4 0 12 -1 2 1 2 1 12 0 12 0 2 0 12 0 2 1 2 0 4 0 
3 0 2 1 3 0 0 0 1 0 8 0 11 0 11 0 9 0 12 0 5 0 6 0 10 0 
12 1 4 0 2 1 9 -1 12 0 2 1 12 1 2 -1 4 0 2 0 2 1 9 -1 2 1 
5 0 2 1 0 0 10 0 10 0 0 0 11 0 2 1 8 0 6 0 8 0 3 0 6 0 
12 0 12 -1 4 -1 4 1 2 1 2 -1 4 1 4 1 4 -1 12 0 12 1 12 -1 12 -1 
10 0 5 0 1 0 10 0 4 1 2 1 10 0 12 0 1 0 10 0 12 1 1 0 10 0 
9 -1 2 0 2 1 9 1 2 0 2 1 9 -1 2 0 2 1 2 0 4 -1 9 1 4 0 
Language_21
13
0
0 3 4 6 7 9 10 11 12 
a b c d e 
1 1 11 0 6 0 10 0 1 1 4 0 8 1 9 0 8 1 8 1 11 0 12 0 9 0 
8 0 8 -1 8 1 1 0 1 0 2 0 5 -1 1 0 8 1 5 1 8 1 1 0 5 0 
5 1 9 0 9 0 5 0 1 1 1 1 9 0 2 1 8 1 4 0 4 0 11 0 2 0 
2 -1 5 -1 5 -1 8 0 8 1 5 1 8 0 2 0 1 0 1 0 8 -1 8 1 1 0 
0 0 1 1 10 0 3 0 3 0 3 0 12 0 7 0 1 0 10 0 7 0 0 0 1 0 
2 1 1 0 8 -1 5 1 2 -1 8 -1 8 0 5 0 8 -1 8 0 5 1 8 -1 8 1 
0 0 12 0 7 0 10 0 7 0 3 0 7 0 1 0 12 0 11 0 11 0 12 0 3 0 
1 1 1 0 2 -1 1 0 8 1 1 1 2 0 1 1 8 1 2 0 5 1 5 0 5 -1 
7 0 1 0 11 0 2 1 8 1 6 0 3 0 10 0 11 0 3 0 10 0 8 1 12 0 
8 1 2 1 1 1 1 1 2 -1 2 0 2 0 5 -1 1 -1 8 1 8 -1 2 1 8 1 
Language_22
13
0
4 5 6 8 9 10 11 12 
a b c d e 
7 1 7 0 6 0 10 0 11 0 6 0 7 0 5 0 4 0 0 1 2 1 6 0 12 0 
3 -1 0 -1 3 0 0 0 7 -1 0 1 7 0 1 0 7 -1 0 0 7 0 0 0 3 1 
4 0 1 0 12 0 4 0 7 1 3 1 11 0 2 1 11 0 5 0 4 0 7 0 4 0 
1 0 2 0 3 -1 3 0 3 0 7 0 7 1 0 1 0 1 7 0 1 -1 1 1 0 -1 
1 1 8 0 3 1 6 0 10 0 5 0 4 0 10 0 8 0 1 0 3 1 8 0 2 0 
1 1 1 0 0 -1 3 1 0 1 2 1 3 1 1 0 2 0 3 1 0 0 3 0 1 0 
8 0 0 0 11 0 10 0 3 1 8 0 12 0 5 0 6 0 4 0 5 0 7 0 0 1 
2 1 0 1 1 0 0 0 3 0 1 -1 0 1 3 0 0 0 2 0 7 0 7 -1 0 1 
11 0 0 0 7 1 3 1 8 0 9 0 6 0 11 0 2 1 5 0 7 1 4 0 5 0 
2 0 7 0 1 -1 3 1 1 0 1 0 1 0 7 1 2 1 7 0 2 0 7 1 0 -1 
Language_23
13
0
0 2 5 6 10 11 
a b c d e 
0 0 6 0 5 0 0 0 2 0 4 1 6 0 10 0 12 0 10 0 4 1 9 0 7 1 
9 0 12 0 3 0 7 -1 7 0 9 1 8 -1 3 0 4 1 9 1 9 0 3 1 4 0 
3 0 11 0 5 0 8 1 10 0 5 0 1 1 10 0 0 0 2 0 3 0 9 1 1 0 
4 1 3 0 12 0 3 1 9 0 8 -1 9 -1 3 0 12 -1 12 1 8 -1 8 -1 1 1 
9 1 10 0 7 1 9 1 3 1 11 0 12 0 1 1 1 1 9 1 5 0 6 0 10 0 
1 -1 9 0 4 0 8 1 3 0 12 1 1 1 1 0 12 -1 9 0 3 0 8 0 4 -1 
12 0 0 0 8 0 0 0 8 0 6 0 12 1 12 0 10 0 9 0 0 0 11 0 9 1 
7 0 3 1 3 -1 3 -1 4 -1 1 1 1 -1 3 -1 3 1 9 0 9 -1 12 1 7 0 
3 1 9 0 2 0 3 0 7 1 11 0 1 0 1 1 5 0 9 1 8 1 5 0 5 0 
8 0 9 0 8 -1 12 -1 8 1 8 0 4 0 12 0 1 0 12 0 12 1 12 -1 4 0 
Language_24
13
0
0 1 7 8 9 10 11 12 
a b c d e 
9 0 5 0 11 0 11 0 8 0 7 0 11 0 4 1 3 1 0 0 8 0 5 1 2 0 
2 1 6 -1 2 -1 4 -1 5 -1 3 1 2 1 3 1 4 1 2 -1 4 1 4 0 2 -1 
9 0 4 0 8 0 9 0 3 1 4 0 3 1 2 0 3 1 5 1 9 0 6 0 7 0 
3 0 3 0 2 1 6 0 5 1 4 -1 3 0 4 1 3 -1 2 0 4 -1 4 1 5 1 
9 0 4 0 1 0 6 1 7 0 7 0 4 0 6 1 0 0 5 1 12 0 10 0 5 0 
3 0 6 1 4 1 5 1 4 1 5 1 6 1 5 1 5 0 5 1 3 1 5 0 6 -1 
0 0 9 0 3 0 11 0 12 0 1 0 0 0 7 0 10 0 5 1 2 0 3 0 8 0 
6 1 6 0 3 0 6 -1 3 -1 2 1 2 0 4 -1 3 0 2 1 6 1 3 1 5 -1 
8 0 1 0 7 0 8 0 10 0 2 0 3 1 3 0 12 0 2 1 0 0 3 1 8 0 
6 1 2 1 2 0 4 1 5 -1 3 1 2 1 4 1 6 1 2 0 3 1 5 1 2 1 
Language_25
13
0
1 2 3 4 5 6 7 8 10 
a b c d e 
11 0 5 0 9 1 7 0 9 0 4 0 10 0 11 0 4 0 3 0 8 0 4 0 2 0 
0 1 0 1 12 1 0 0 12 -1 0 1 9 -1 0 0 0 -1 9 0 12 -1 9 1 11 1 
6 0 3 0 9 0 1 0 6 0 1 0 10 0 3 0 2 0 8 0 5 0 8 0 5 0 
11 0 12 -1 11 0 12 1 0 0 0 1 12 1 9 -1 0 1 0 -1 11 0 11 -1 9 1 
11 1 5 0 4 0 0 0 11 0 3 0 2 0 3 0 2 0 3 0 1 0 11 0 10 0 
9 0 11 0 11 -1 12 1 11 0 0 1 9 -1 12 1 9 1 12 -1 0 0 12 1 0 0 
4 0 3 0 9 0 11 1 12 1 8 0 2 0 6 0 7 0 2 0 12 0 3 0 8 0 
12 -1 0 -1 9 -1 9 0 9 0 0 1 9 0 11 0 11 0 11 0 11 1 11 0 11 0 
2 0 1 0 10 0 5 0 12 1 4 0 11 1 6 0 12 1 9 1 1 0 4 0 3 0 
11 -1 12 0 12 -1 0 0 9 -1 11 0 12 0 11 -1 11 1 9 1 12 1 11 1 0 -1 
Language_26
13
0
1 5 8 10 12 
a b c d e 
6 1 5 0 12 0 11 0 7 0 10 0 10 0 11 1 9 0 8 0 1 0 12 0 8 0 
9 -1 9 -1 11 1 11 1 0 1 7 0 6 0 2 0 9 -1 2 1 11 0 4 -1 11 -1 
8 0 9 0 12 0 9 1 4 1 8 0 0 1 9 0 8 0 8 0 6 1 4 0 2 1 
9 1 3 -1 11 -1 4 -1 3 1 6 1 7 -1 9 1 7 1 2 0 0 1 2 0 9 1 
1 0 3 0 2 1 7 0 1 0 1 0 1 0 0 0 1 0 8 0 12 0 4 1 7 1 
7 -1 6 0 2 1 4 1 0 0 7 -1 3 -1 6 0 3 -1 0 1 3 0 11 0 2 -1 
1 0 1 0 10 0 9 1 8 0 8 0 1 0 6 1 0 0 0 1 6 0 4 0 4 0 
9 -1 0 -1 11 0 9 0 6 1 3 -1 0 1 7 1 7 -1 11 0 0 -1 11 1 0 -1 
4 1 11 1 10 0 0 1 2 1 3 0 5 0 7 1 10 0 8 0 3 0 10 0 12 0 
11 0 3 1 9 0 7 1 2 -1 6 -1 4 1 3 1 6 0 3 -1 7 -1 2 0 0 0 
Language_27
13
0
0 1 5 6 7 
a b c d e 
11 0 6 0 12 0 10 0 0 0 2 0 3 0 0 0 10 1 11 1 10 0 11 0 9 0 
4 -1 4 1 11 1 10 1 8 1 4 0 2 -1 9 -1 4 -1 11 1 4 1 10 0 4 0 
12 0 1 0 3 1 6 0 7 0 9 1 9 1 4 1 5 0 5 0 0 0 3 0 11 0 
10 1 4 1 4 0 9 -1 8 1 11 -1 3 -1 4 1 4 1 2 -1 9 1 8 -1 4 0 
2 1 5 0 5 0 0 0 10 1 4 0 11 0 7 0 4 0 9 0 8 0 0 0 1 0 
3 -1 8 -1 4 0 12 0 4 -1 9 -1 9 1 12 -1 9 -1 10 -1 9 1 4 -1 11 1 
4 0 3 1 9 0 11 0 8 0 11 0 1 0 2 1 6 0 5 0 3 0 1 0 9 1 
4 1 11 -1 10 -1 11 -1 8 -1 8 -1 10 1 12 1 3 0 4 0 2 0 12 -1 11 1 
7 0 12 1 8 1 9 1 4 1 0 0 10 1 0 0 3 0 11 0 12 1 0 0 4 0 
3 0 11 0 9 0 10 -1 11 -1 12 0 9 0 10 -1 2 -1 2 1 10 -1 9 -1 12 0 
Language_28
13
0
0 8 9 
a b c d e 
0 0 9 0 8 0 1 0 4 0 9 0 0 0 10 0 4 1 0 0 6 0 9 0 1 0 
4 1 6 1 10 0 6 0 10 -1 6 -1 7 1 2 0 6 0 3 0 7 1 11 -1 7 -1 
3 1 2 1 10 0 7 0 11 1 11 1 10 1 0 0 11 0 10 1 10 0 10 0 12 0 
11 -1 10 0 2 0 3 -1 6 1 3 1 12 -1 10 0 3 0 4 1 12 1 3 -1 7 0 
1 0 11 0 3 0 0 0 2 1 6 0 2 0 9 0 7 0 3 0 7 0 11 1 5 0 
5 0 2 1 1 -1 4 1 1 1 12 1 4 -1 10 0 4 0 4 -1 3 0 4 -1 12 0 
11 1 3 1 3 0 2 1 6 0 10 0 11 1 10 1 8 0 7 1 0 0 0 0 7 1 
12 0 1 1 1 1 10 1 2 -1 12 1 12 0 3 -1 1 1 2 1 3 -1 12 1 7 0 
0 0 0 0 0 0 7 1 3 0 3 0 3 1 0 0 0 0 6 1 2 0 3 1 8 0 
5 0 11 1 4 1 5 1 11 0 3 1 4 0 11 0 2 0 1 -1 12 1 5 0 7 -1 
Language_29
13
0
2 3 4 7 12 
a b c d e 
7 0 3 0 6 0 10 1 10 0 1 0 11 1 7 0 1 0 4 0 6 0 1 1 2 0 
9 0 1 1 5 -1 8 -1 6 -1 6 1 11 1 8 -1 11 1 11 1 11 0 5 -1 5 0 
10 0 0 0 12 0 4 0 11 1 6 0 6 0 5 0 3 0 3 0 8 1 4 0 7 0 
10 1 1 -1 9 0 1 0 11 0 8 0 1 -1 8 -1 1 1 8 0 0 1 1 0 10 1 
2 0 0 0 6 1 3 0 11 0 0 1 9 1 9 0 10 1 9 0 10 1 5 1 9 0 
5 0 6 1 10 1 5 1 8 1 11 -1 9 0 8 -1 10 -1 8 -1 6 0 11 0 0 0 
2 0 9 1 6 0 0 1 9 0 12 0 1 0 5 0 10 1 7 0 8 0 3 0 11 1 
9 1 11 -1 0 -1 0 0 11 1 6 -1 1 0 5 -1 8 -1 6 1 5 0 9 -1 1 1 
8 0 6 0 8 1 0 0 7 0 3 0 2 0 8 1 6 0 8 0 10 1 7 0 3 0 
6 1 11 0 1 0 9 -1 9 1 11 0 9 0 5 1 0 0 1 -1 5 0 0 -1 8 -1 
Language_30
13
0
0 2 4 9 
a b c d e 
10 0 12 0 4 0 11 0 3 1 6 1 12 0 11 0 4 0 6 1 7 1 5 0 5 0 
11 1 7 -1 10 1 11 1 8 -1 6 0 10 0 11 -1 7 -1 11 1 11 0 8 -1 3 -1 
10 1 7 0 4 0 1 0 8 1 11 0 6 1 7 0 1 1 10 0 3 0 10 0 0 0 
8 -1 5 0 11 1 7 0 10 1 8 -1 12 1 7 0 12 1 10 0 12 0 10 1 5 1 
9 0 11 1 6 1 0 0 6 1 5 0 9 0 0 0 5 1 8 0 12 0 1 1 2 0 
12 1 11 0 11 0 12 -1 7 1 8 0 6 1 5 0 11 0 12 0 12 0 7 1 5 0 
7 1 2 0 3 0 10 0 5 0 10 0 5 0 0 0 8 0 4 0 1 0 8 1 1 0 
1 -1 1 -1 8 0 8 1 10 1 11 0 3 0 7 -1 6 1 1 1 1 1 5 0 10 0 
6 0 10 0 0 0 9 0 6 0 6 1 7 0 11 1 4 0 5 1 2 0 9 0 6 1 
8 1 5 0 11 1 10 0 3 -1 10 1 11 1 12 -1 6 -1 1 -1 11 1 8 -1 5 0 
Language_31
13
0
1 4 7 8 9 10 11 
a b c d e 
11 0 3 1 10 0 8 0 8 0 9 0 5 0 6 1 7 0 1 0 1 0 6 1 10 0 
2 0 0 -1 5 -1 6 -1 3 -1 0 1 5 0 12 0 6 1 5 1 5 0 5 1 12 0 
9 0 7 0 12 1 12 0 6 0 4 0 9 0 3 1 5 1 9 0 5 0 1 0 5 0 
5 -1 12 -1 12 -1 0 -1 6 0 2 -1 12 -1 0 1 6 -1 12 0 3 0 5 0 5 -1 
0 0 5 0 8 0 7 0 7 0 11 0 12 0 11 0 6 0 10 0 2 0 7 0 0 1 
6 0 0 1 6 -1 3 1 2 1 2 0 5 0 5 1 6 0 2 -1 3 0 2 -1 3 1 
3 1 7 0 2 0 6 0 12 1 10 0 12 1 2 1 4 0 9 0 3 1 3 0 0 1 
12 1 12 1 3 -1 12 -1 2 1 0 1 0 1 2 0 5 -1 6 1 6 -1 2 1 3 1 
3 1 11 0 10 0 6 0 5 0 8 0 2 1 6 1 6 0 3 1 9 0 2 1 9 0 
6 1 12 -1 3 0 0 1 0 -1 2 -1 3 -1 2 0 12 -1 3 -1 5 -1 3 -1 6 0 
Language_32
13
0
0 1 2 3 6 9 10 12 
a b c d e 
10 0 1 0 1 0 1 0 12 0 6 0 9 0 12 0 10 0 11 0 7 1 0 0 2 0 
7 0 4 -1 7 1 4 -1 5 -1 7 1 8 -1 4 1 11 -1 7 0 5 -1 8 0 11 -1 
4 1 9 0 3 0 7 1 11 0 5 1 4 1 8 0 2 0 10 0 1 0 10 0 1 0 
8 -1 7 0 11 0 4 0 4 0 8 1 11 1 7 0 4 -1 5 -1 8 0 7 -1 7 0 
2 0 11 0 0 0 12 0 8 0 5 0 7 1 0 0 8 0 12 0 11 1 8 1 7 1 
7 1 5 1 5 0 4 0 4 1 5 -1 7 1 4 1 7 0 5 -1 7 -1 5 1 5 1 
5 0 4 0 2 0 7 1 12 0 9 0 12 0 5 0 5 1 7 1 12 0 9 0 2 0 
5 0 8 0 5 -1 11 -1 7 0 5 1 8 0 4 -1 7 1 4 -1 5 -1 11 1 7 1 
9 0 4 1 11 0 8 1 6 0 1 0 11 0 4 1 9 0 10 0 9 0 6 0 8 1 
5 0 4 1 8 0 5 0 8 1 11 0 7 -1 4 0 8 1 8 1 11 1 7 0 7 -1 
Language_33
13
0
0 2 3 4 5 7 11 12 
a b c d e 
3 0 10 1 8 1 6 0 6 1 11 0 4 0 7 0 3 0 5 0 3 0 0 0 12 0 
6 1 10 0 9 1 8 1 9 -1 1 -1 9 1 9 0 6 1 9 1 6 -1 6 1 6 0 
5 0 6 0 11 0 11 0 6 0 5 0 6 1 12 0 1 0 12 0 2 0 2 0 10 1 
6 -1 6 1 8 1 8 -1 9 -1 8 1 1 1 9 1 9 0 9 -1 10 -1 6 0 1 1 
9 0 6 0 3 0 9 0 7 0 1 1 3 0 4 0 11 0 5 0 7 0 10 0 3 0 
6 -1 10 -1 10 0 9 1 9 0 1 -1 6 -1 9 0 8 0 8 0 1 -1 10 1 6 0 
5 0 3 0 12 0 11 0 3 0 2 0 6 1 8 1 11 0 8 1 2 0 12 0 8 0 
9 1 6 0 9 0 9 -1 1 -1 1 1 10 0 6 -1 6 1 9 0 6 1 8 1 10 -1 
9 1 3 0 9 0 2 0 0 0 0 0 0 0 2 0 1 0 5 0 9 0 10 0 4 0 
8 0 6 1 6 1 8 0 10 -1 10 -1 9 -1 8 1 10 1 10 1 6 0 6 0 9 1 
Language_34
13
0
1 3 5 7 10 
a b c d e 
7 0 8 0 0 1 7 0 7 0 6 1 11 1 5 0 10 0 3 0 2 1 9 0 5 0 
2 -1 4 1 8 1 4 0 8 -1 8 1 2 1 12 1 9 1 12 -1 9 -1 6 -1 12 1 
6 0 8 0 4 1 12 0 12 1 0 0 2 0 9 1 7 0 3 0 8 1 12 0 1 0 
2 0 11 1 9 -1 4 1 6 0 9 -1 6 -1 11 0 0 -1 12 -1 0 -1 8 -1 8 0 
10 0 8 1 6 0 1 0 5 0 1 0 0 0 10 0 0 1 5 0 0 0 3 0 11 0 
12 0 8 -1 4 1 9 -1 2 0 9 1 4 -1 11 -1 12 -1 4 0 0 1 4 0 4 -1 
1 0 1 0 4 1 9 0 5 0 4 1 10 0 2 1 5 0 3 0 3 0 1 0 11 1 
8 0 9 1 9 -1 0 0 11 1 12 1 12 0 6 0 11 0 9 -1 6 1 11 1 9 -1 
10 0 11 1 11 0 10 0 11 0 10 0 10 0 1 0 1 0 3 0 11 0 3 0 12 1 
2 -1 12 0 2 -1 12 0 6 -1 0 1 8 -1 8 -1 2 -1 0 1 6 -1 4 1 11 1 
Language_35
13
0
1 2 3 4 5 7 9 10 
a b c d e 
12 1 12 1 12 0 12 1 6 0 11 1 4 0 3 0 9 0 0 0 10 0 12 1 12 0 
11 0 12 0 8 1 11 1 11 -1 6 1 11 1 0 1 11 -1 11 1 0 -1 0 0 0 1 
2 0 6 1 10 0 3 0 3 0 9 0 4 0 2 0 11 0 7 0 5 0 3 0 11 1 
6 1 0 0 8 1 8 -1 8 -1 11 0 12 0 0 1 0 0 6 -1 11 1 6 -1 12 1 
6 0 4 0 10 0 3 0 1 0 1 0 6 0 1 0 8 0 9 0 7 0 4 0 10 0 
12 0 12 -1 12 0 0 -1 11 1 8 0 8 1 6 0 8 0 6 0 11 0 11 -1 0 0 
9 0 4 0 4 0 0 1 7 0 6 0 8 1 6 1 3 0 8 1 2 0 10 0 5 0 
11 1 8 -1 8 0 8 -1 6 1 11 -1 8 0 12 0 8 -1 0 0 0 1 11 1 0 0 
6 0 8 1 6 0 5 0 6 1 11 0 11 1 8 0 0 0 2 0 7 0 2 0 2 0 
11 -1 0 0 0 1 12 1 8 1 0 -1 12 -1 6 0 0 1 0 1 11 -1 0 -1 6 0 
Language_36
13
0
0 2 3 5 6 10 12 
a b c d e 
0 0 11 0 4 1 7 0 0 0 4 1 12 0 2 0 5 0 12 0 8 1 11 1 10 0 
1 -1 11 1 8 1 9 1 4 -1 1 0 11 0 8 0 1 -1 9 0 8 1 7 -1 7 0 
1 1 3 0 1 0 1 0 4 1 7 1 3 0 11 1 8 1 12 0 6 0 6 0 0 0 
7 0 7 -1 11 0 8 -1 8 -1 1 -1 1 -1 7 -1 9 -1 1 1 4 0 7 1 7 0 
9 0 7 0 12 0 4 0 12 0 4 0 4 1 12 0 1 0 10 0 1 1 0 0 12 0 
9 1 8 0 1 1 9 -1 4 1 7 0 8 -1 1 -1 1 -1 4 -1 8 1 8 -1 1 0 
11 1 10 0 4 1 3 0 3 0 6 0 7 1 4 0 7 1 4 0 12 0 2 0 1 0 
8 -1 9 1 4 -1 8 1 9 -1 1 0 1 -1 7 0 4 1 1 -1 1 1 7 1 7 -1 
10 0 12 0 12 0 1 0 4 1 7 0 11 1 12 0 5 0 1 0 3 0 5 0 6 0 
11 0 11 -1 4 -1 11 0 7 0 7 0 4 0 4 0 1 -1 7 0 4 0 11 -1 9 1 
Language_37
13
0
0 1 2 4 6 10 11 
a b c d e 
5 1 1 0 0 0 1 0 4 0 4 0 0 0 4 0 0 0 9 0 6 0 10 0 8 0 
12 1 5 1 5 0 7 -1 9 0 3 0 12 -1 8 -1 3 1 12 0 5 0 9 -1 7 0 
4 0 5 1 3 1 9 0 5 1 3 0 5 0 4 0 11 0 4 0 8 0 12 0 10 0 
5 -1 5 0 12 0 3 -1 12 -1 8 1 9 1 3 -1 8 -1 12 -1 8 -1 8 0 3 -1 
11 0 3 0 4 0 9 1 3 1 12 1 5 0 0 0 11 0 8 0 3 1 0 0 11 0 
7 0 3 -1 7 0 8 0 3 1 12 0 9 1 12 1 8 1 3 1 7 0 5 -1 12 -1 
8 0 10 0 7 0 6 0 12 1 4 0 2 0 5 1 11 0 11 0 8 0 5 1 10 0 
3 0 8 0 8 1 7 1 12 -1 12 -1 12 0 9 -1 7 0 3 -1 3 -1 5 1 5 1 
11 0 11 0 1 0 7 1 3 1 9 1 4 0 4 0 6 0 4 0 11 0 3 0 6 0 
12 0 5 0 8 0 8 0 7 0 3 -1 3 -1 5 0 5 1 3 -1 5 1 5 0 8 1 
Language_38
13
0
0 1 5 6 7 8 9 10 11 
a b c d e 
10 0 12 0 4 0 2 0 1 0 0 0 10 0 5 0 6 0 10 0 2 0 4 0 11 0 
3 0 12 0 3 0 12 -1 4 0 2 1 2 0 3 0 3 -1 4 0 2 1 3 -1 12 -1 
9 0 4 0 2 0 2 1 9 0 11 0 2 1 12 0 8 0 12 0 1 0 1 0 3 0 
3 -1 12 1 4 0 12 -1 4 -1 4 0 4 0 12 1 3 0 4 -1 2 -1 3 0 12 1 
7 0 2 1 12 0 8 0 7 0 4 1 11 0 12 0 1 0 6 0 9 0 2 0 6 0 
4 1 4 -1 2 0 12 -1 2 -1 12 1 12 1 3 -1 12 -1 4 1 3 0 4 1 4 0 
10 0 5 0 7 0 7 0 10 0 5 0 6 0 4 0 10 0 11 0 8 0 9 0 12 0 
3 0 12 0 12 1 12 1 3 0 12 0 3 1 3 0 2 1 3 0 4 -1 12 -1 12 1 
8 0 10 0 6 0 10 0 10 0 9 0 11 0 9 0 3 0 7 0 12 1 6 0 0 0 
3 1 3 -1 2 0 4 1 12 0 2 -1 2 -1 3 -1 12 -1 2 0 12 1 2 0 4 0 
Language_39
13
0
1 5 7 8 9 10 12 
a b c d e 
9 0 9 0 12 0 8 0 9 0 6 1 3 1 9 0 5 0 11 0 0 1 8 0 0 1 
0 -1 6 1 4 -1 2 0 4 1 3 1 11 0 0 1 3 1 2 0 3 0 0 1 3 1 
11 0 0 1 7 0 1 0 11 1 4 1 2 0 2 0 3 1 1 0 12 0 2 0 7 0 
4 1 2 -1 11 0 0 0 11 1 6 1 2 -1 4 1 2 1 3 0 4 1 2 1 0 1 
7 0 10 0 8 0 0 1 10 0 9 0 10 0 9 0 4 1 1 0 1 0 6 1 5 0 
4 -1 0 -1 4 1 11 1 11 0 11 0 2 1 2 -1 6 -1 0 -1 3 -1 6 -1 2 1 
4 1 1 0 1 0 11 0 10 0 8 0 5 0 12 0 12 0 10 0 12 0 12 0 3 1 
4 -1 2 1 2 -1 2 1 11 1 11 -1 0 -1 3 0 6 1 4 0 3 0 2 1 3 -1 
6 1 11 1 1 0 9 0 4 1 1 0 1 0 8 0 9 0 6 0 10 0 4 1 1 0 
2 1 6 0 0 1 0 0 0 -1 6 -1 0 0 0 -1 6 0 11 0 2 1 2 0 2 -1 
Language_40
13
0
0 1 2 8 11 
a b c d e 
6 1 4 0 11 0 12 0 3 1 0 0 9 0 5 1 5 0 9 0 6 0 3 1 10 0 
6 0 12 0 7 0 12 1 7 0 3 -1 5 1 9 0 6 0 9 1 10 0 5 1 4 -1 
5 0 12 1 8 0 5 0 5 1 7 1 4 0 0 0 11 0 12 1 6 1 7 0 1 0 
10 1 12 1 9 0 3 1 3 -1 4 0 3 -1 5 -1 6 1 4 1 9 -1 7 0 9 1 
12 1 9 0 8 0 6 1 6 0 12 0 6 1 12 1 6 1 12 1 11 0 11 0 6 0 
7 1 3 -1 3 0 5 1 5 1 4 -1 9 0 5 1 9 -1 9 1 7 0 9 -1 12 0 
1 0 9 0 9 0 5 0 6 1 3 1 11 0 2 0 2 0 3 1 9 1 0 0 3 0 
6 -1 7 -1 6 -1 12 -1 10 -1 12 1 5 -1 9 -1 5 1 5 1 9 1 4 0 9 -1 
4 0 5 0 0 0 11 0 11 0 7 0 6 0 6 0 10 1 1 0 0 0 5 0 2 0 
5 0 3 1 9 1 9 0 7 -1 7 0 6 -1 10 1 10 -1 10 0 4 1 9 -1 10 0 
Language_41
13
0
0 2 3 4 5 9 10 11 12 
a b c d e 
7 1 1 1 8 1 5 0 0 0 3 0 12 0 11 0 7 0 12 0 12 0 12 0 1 0 
6 -1 8 -1 7 1 8 0 8 1 7 1 7 1 7 1 7 0 6 -1 8 0 8 0 6 0 
1 1 11 0 9 0 11 0 2 0 12 0 7 1 1 1 6 1 10 0 9 0 4 0 3 0 
6 0 8 -1 1 -1 1 -1 7 -1 8 -1 8 1 8 1 8 -1 7 0 8 0 8 -1 8 0 
10 0 8 0 9 0 12 0 1 0 2 0 12 0 4 0 7 1 10 0 2 0 7 1 5 0 
1 -1 8 1 6 0 8 1 6 -1 7 -1 7 -1 8 1 1 -1 6 -1 6 -1 6 0 7 -1 
11 0 0 0 12 0 10 0 5 0 10 0 11 0 5 0 6 1 2 0 4 0 2 0 0 0 
7 1 7 1 6 0 6 -1 1 0 6 0 7 -1 7 0 7 0 1 0 8 -1 1 1 1 1 
8 1 12 0 7 0 4 0 11 0 7 0 11 0 4 0 6 0 6 0 3 0 2 0 9 0 
7 0 6 0 7 1 1 0 1 0 7 -1 1 -1 7 0 1 1 1 -1 1 0 8 1 7 0 
Language_42
13
0
1 5 6 7 
a b c d e 
0 0 3 0 2 1 7 0 8 0 4 0 6 0 7 0 9 1 2 0 5 0 10 0 0 1 
9 1 9 0 12 0 2 1 11 1 11 1 8 0 2 -1 2 -1 10 1 9 -1 10 -1 10 0 
10 1 4 1 5 0 10 0 6 0 5 0 6 0 5 0 2 1 0 0 5 0 12 1 4 1 
11 -1 3 0 12 -1 10 -1 11 -1 0 -1 9 1 8 1 9 -1 11 -1 3 -1 8 -1 10 0 
9 0 12 1 6 0 7 0 10 0 10 0 1 0 0 0 5 0 5 0 10 0 9 1 5 0 
11 -1 9 0 2 0 2 -1 9 -1 10 0 8 -1 11 -1 10 1 4 0 9 1 9 -1 2 0 
6 0 11 1 7 0 4 1 6 0 6 0 8 1 0 1 2 1 8 0 12 0 10 0 0 0 
4 0 9 -1 8 -1 0 1 9 -1 11 1 2 1 11 -1 2 1 0 -1 0 0 4 -1 4 1 
12 0 2 0 3 1 5 0 12 1 8 0 2 0 8 0 8 0 1 0 0 1 11 0 5 0 
9 0 2 0 8 1 4 -1 2 -1 8 1 8 0 0 0 12 1 3 -1 9 0 10 1 12 0 
Language_43
13
0
0 1 2 4 6 8 10 11 12 
a b c d e 
7 0 2 0 9 0 11 0 1 0 1 0 10 0 6 0 11 0 5 1 7 1 7 0 4 0 
5 1 9 -1 7 -1 3 -1 5 0 9 1 5 0 3 -1 9 -1 7 -1 3 0 9 1 9 0 
12 0 1 0 1 0 0 0 5 1 4 0 11 0 6 0 1 0 6 0 0 0 9 1 5 0 
3 -1 9 -1 5 -1 9 1 9 1 3 0 5 1 7 1 3 -1 5 1 3 -1 9 1 9 1 
10 0 0 0 6 0 7 1 7 1 4 0 5 1 8 0 2 0 2 0 6 0 11 0 2 0 
7 1 9 0 7 -1 7 -1 5 -1 7 0 5 -1 7 0 3 -1 3 1 7 -1 3 0 5 1 
8 0 4 0 8 0 5 0 11 0 9 1 10 0 3 1 3 0 2 0 8 0 7 0 1 0 
5 1 7 0 7 -1 3 0 3 -1 3 -1 7 -1 7 1 5 -1 7 0 9 1 3 0 5 0 
0 0 12 0 11 0 9 1 9 1 0 0 8 0 6 0 9 0 8 0 12 0 6 0 6 0 
3 1 9 -1 7 1 7 -1 3 0 7 1 9 0 9 0 9 0 7 0 9 -1 3 1 9 1 
Language_44
13
0
0 1 3 4 5 6 11 
a b c d e 
11 0 8 0 11 0 4 0 5 0 4 0 10 0 2 1 10 1 3 0 12 1 5 0 1 0 
12 -1 8 0 8 -1 10 0 7 0 8 1 8 1 8 1 10 0 10 0 8 1 7 -1 2 -1 
0 0 5 0 3 0 1 0 0 0 0 0 11 0 6 0 4 0 1 0 9 1 7 1 6 0 
8 -1 12 0 12 0 10 1 9 -1 10 0 12 1 2 1 9 1 2 0 12 0 10 -1 8 -1 
8 0 11 0 10 0 3 0 3 0 2 1 2 0 2 0 0 0 11 0 3 0 3 0 11 0 
9 1 10 0 9 -1 12 0 12 0 2 1 2 0 12 -1 9 1 12 -1 12 0 10 1 9 -1 
0 0 12 1 6 0 2 0 5 0 11 0 9 0 8 1 0 0 0 0 6 0 2 1 6 0 
2 1 12 1 7 0 2 1 12 -1 9 -1 9 0 10 -1 8 -1 10 -1 10 -1 2 -1 2 0 
10 0 12 1 3 0 6 0 11 0 5 0 8 1 6 0 1 0 12 1 7 0 0 0 11 0 
9 -1 7 -1 7 0 12 1 7 0 12 1 12 -1 2 1 8 1 9 -1 7 -1 2 -1 9 -1 
Language_45
13
0
1 4 5 6 7 8 9 11 
a b c d e 
12 1 6 0 2 0 6 0 6 0 11 0 8 0 7 0 6 0 8 0 8 0 6 0 3 1 
10 0 0 -1 12 0 12 1 2 -1 0 1 2 -1 3 0 10 -1 2 0 2 0 2 1 2 -1 
3 1 2 1 0 1 2 0 4 0 7 0 12 0 4 0 3 1 8 0 6 0 0 0 4 0 
12 -1 3 0 10 0 2 0 3 -1 10 1 3 0 3 1 3 0 12 0 2 -1 3 1 3 0 
1 0 12 1 11 0 11 0 3 0 10 0 11 0 4 0 2 0 4 0 5 0 9 0 0 1 
12 1 2 -1 10 -1 10 1 2 0 10 1 12 -1 3 -1 3 1 0 0 12 -1 3 0 10 -1 
7 0 11 0 9 0 8 0 5 0 12 1 6 0 2 0 12 1 0 0 12 0 7 0 10 0 
12 -1 0 -1 10 0 2 0 3 0 12 -1 3 0 10 -1 3 1 2 0 12 -1 12 -1 2 -1 
3 0 1 0 1 0 5 0 8 0 4 0 6 0 12 1 0 1 11 0 11 0 12 0 1 0 
2 0 0 0 10 0 3 -1 2 1 0 1 2 0 0 0 12 1 3 1 3 0 2 0 2 -1 
Language_46
13
0
0 1 2 3 4 5 7 8 10 11 12 
a b c d e 
10 0 3 0 2 0 5 0 0 0 0 0 7 0 1 0 12 0 0 0 8 0 9 1 8 0 
9 1 6 0 9 -1 6 1 9 1 6 0 9 1 9 1 9 0 9 -1 6 1 9 -1 9 1 
8 0 12 0 9 0 3 0 1 0 4 0 3 0 12 0 9 1 4 0 4 0 7 0 6 0 
9 0 6 0 9 0 9 1 9 1 9 1 6 1 6 -1 6 0 6 1 9 1 6 1 9 -1 
2 0 4 0 4 0 6 1 8 0 5 0 4 0 6 1 11 0 6 1 1 0 3 0 9 1 
6 1 6 1 9 1 9 0 9 1 6 -1 6 1 9 1 6 1 9 0 9 1 6 0 6 -1 
8 0 1 0 12 0 5 0 2 0 3 0 4 0 0 0 12 0 4 0 0 0 3 0 3 0 
9 -1 9 0 9 0 9 1 9 0 6 1 9 0 9 -1 6 -1 9 0 6 0 9 -1 6 0 
12 0 5 0 1 0 12 0 6 1 10 0 5 0 11 0 0 0 4 0 0 0 10 0 2 0 
6 1 9 -1 9 0 9 -1 6 1 9 0 9 -1 9 0 9 0 9 1 9 1 9 -1 6 0 
Language_47
13
0
0 3 4 6 8 9 10 
a b c d e 
12 1 8 0 3 0 1 1 3 0 1 0 4 0 5 0 1 0 7 0 3 0 7 1 7 0 
5 0 11 1 5 -1 11 1 5 0 1 -1 1 -1 2 1 7 -1 11 -1 1 0 1 0 5 1 
6 0 12 1 4 0 10 0 1 1 5 1 2 1 8 0 4 0 1 0 7 0 6 0 3 0 
5 -1 11 1 1 -1 1 -1 12 -1 12 1 5 1 1 0 11 -1 11 1 2 -1 11 -1 11 1 
9 0 4 0 0 0 11 1 8 0 2 0 12 0 6 0 4 0 7 1 2 1 8 0 0 0 
7 0 12 1 11 -1 11 1 12 -1 11 1 2 0 12 0 11 0 12 1 5 0 7 0 11 0 
4 0 6 0 12 0 2 0 2 0 12 1 4 0 6 0 11 0 10 0 11 1 3 0 2 1 
2 0 1 1 7 0 2 -1 5 1 2 -1 7 -1 11 -1 2 -1 7 -1 5 1 11 1 7 -1 
0 0 10 0 12 0 4 0 6 0 10 0 2 1 6 0 9 0 2 0 0 0 2 1 2 1 
11 0 5 0 11 1 11 -1 7 1 12 -1 5 1 2 0 11 0 12 0 1 1 12 0 11 0 
Language_48
13
0
2 5 10 
a b c d e 
7 1 6 0 1 0 3 1 11 0 5 0 4 1 9 1 4 1 7 0 10 0 5 0 8 1 
4 1 9 1 9 0 6 -1 3 1 0 -1 11 -1 8 1 12 1 6 -1 9 -1 1 0 6 0 
10 0 4 1 1 0 6 1 12 0 6 1 12 1 0 1 12 1 4 0 2 0 8 1 11 1 
9 -1 11 -1 6 0 7 0 6 -1 0 0 9 0 7 -1 12 -1 7 1 3 1 4 1 7 0 
2 0 11 1 7 0 7 1 5 0 7 1 7 1 10 0 9 0 11 1 7 0 7 0 12 0 
9 1 3 1 9 0 4 0 1 -1 6 -1 8 0 12 -1 0 -1 7 -1 8 1 9 0 12 1 
10 0 9 0 6 1 9 0 3 1 6 0 12 0 6 1 5 0 5 0 2 0 10 0 10 0 
9 -1 0 1 9 -1 1 0 3 1 8 -1 8 1 1 -1 1 0 8 -1 8 1 4 -1 6 0 
8 0 7 0 6 0 1 0 12 1 0 0 8 0 8 0 7 0 7 0 6 0 3 1 0 1 
8 -1 8 0 8 1 8 0 0 -1 3 -1 11 0 7 1 1 1 11 0 8 -1 8 -1 3 0 
Language_49
13
0
2 3 5 7 8 12 
a b c d e 
3 0 3 0 7 0 4 1 6 0 9 1 5 0 5 0 10 1 4 1 8 0 3 0 4 0 
10 0 11 -1 9 1 4 -1 0 -1 4 1 6 0 6 0 9 -1 4 1 11 1 1 1 1 1 
10 1 0 1 7 0 12 0 0 0 12 0 8 0 11 1 9 1 5 0 11 0 4 1 12 0 
10 0 10 1 10 1 4 1 11 -1 0 0 6 1 0 0 0 -1 6 1 9 1 11 0 6 -1 
10 1 9 1 2 0 4 0 10 1 12 0 9 1 0 1 6 0 8 0 10 1 3 0 0 1 
11 0 0 0 9 -1 11 0 10 -1 6 0 11 1 11 0 6 0 6 0 0 -1 0 -1 9 -1 
11 0 11 0 5 0 0 1 8 0 11 0 1 1 11 1 4 1 8 0 5 0 4 1 1 1 
9 1 4 -1 10 -1 10 -1 4 0 0 -1 11 -1 6 0 4 0 10 1 1 1 1 0 9 0 
1 0 2 0 0 0 4 0 8 0 12 0 5 0 12 0 3 0 11 0 9 1 7 0 10 0 
10 0 11 0 11 1 10 -1 6 0 11 1 11 1 10 -1 6 -1 0 1 4 1 9 1 1 -1 
Language_50
13
0
2 3 4 5 6 8 9 
a b c d e 
12 0 7 0 6 0 12 0 3 0 10 1 6 0 9 0 5 0 2 0 1 0 7 1 5 0 
1 0 0 -1 12 -1 12 -1 7 0 7 1 11 0 11 0 7 0 12 -1 12 1 10 1 0 0 
10 1 4 0 6 0 9 0 9 0 12 1 2 0 8 0 8 0 4 0 2 0 5 0 2 0 
12 -1 10 -1 12 -1 12 -1 12 0 7 -1 12 0 1 1 10 1 7 -1 12 -1 11 1 10 1 
7 1 7 1 0 0 9 0 7 0 9 0 2 0 7 0 7 0 4 0 12 0 9 0 8 0 
7 1 0 -1 7 1 1 0 1 -1 1 -1 11 0 12 1 12 0 11 -1 12 -1 1 -1 7 0 
3 0 12 1 0 1 11 1 7 1 1 1 1 1 7 0 5 0 3 0 5 0 12 1 1 0 
1 1 0 0 10 -1 7 1 10 0 12 1 11 -1 12 -1 1 1 11 -1 10 0 7 -1 7 0 
7 1 8 0 4 0 11 1 8 0 5 0 6 0 7 0 7 1 10 1 10 0 0 1 5 0 
11 -1 0 0 1 1 12 0 7 0 11 0 11 -1 12 0 7 0 12 -1 11 0 10 -1 0 0 
Language_51
13
0
0 2 3 7 
a b c d e 
1 1 2 0 0 0 0 0 6 1 6 0 4 0 12 1 12 0 2 0 5 0 11 0 11 1 
12 -1 9 -1 10 -1 1 0 9 -1 10 -1 6 0 8 0 11 0 11 0 1 1 6 0 12 1 
12 0 7 0 0 0 2 0 5 1 5 1 5 1 12 0 9 1 4 0 10 1 0 0 7 0 
10 -1 5 -1 9 1 1 0 10 -1 9 0 11 -1 8 1 10 -1 8 0 12 1 12 1 10 0 
8 0 4 1 7 0 5 1 1 1 3 0 1 0 3 0 6 1 9 0 1 0 10 1 7 0 
11 0 11 1 10 1 4 1 4 0 10 -1 6 0 9 0 6 1 12 0 4 -1 10 0 6 0 
4 1 6 0 2 0 10 1 1 0 4 0 2 0 10 1 11 1 3 0 2 0 7 0 5 0 
10 1 4 0 9 1 11 1 9 0 8 1 9 0 1 0 5 1 6 0 1 1 4 -1 1 0 
2 0 2 0 2 0 9 1 9 1 2 0 8 1 10 0 2 0 6 1 7 0 2 0 3 0 
1 1 4 0 8 -1 8 -1 9 0 4 1 6 -1 4 -1 6 0 12 -1 11 1 11 -1 5 -1 
Language_52
13
0
1 3 5 9 10 11 
a b c d e 
9 0 1 0 10 0 6 0 7 0 2 1 5 0 2 0 1 0 7 0 12 1 4 0 1 0 
7 0 7 -1 12 1 0 1 8 1 2 -1 0 1 12 -1 12 -1 4 0 6 1 2 0 2 0 
9 0 8 1 10 0 3 0 12 1 8 0 5 0 3 0 9 0 9 0 11 0 1 0 0 0 
7 -1 12 0 2 1 12 0 8 0 12 -1 0 -1 6 0 4 1 8 0 6 0 8 -1 0 -1 
7 0 3 0 7 1 9 0 4 1 7 0 9 0 3 0 4 0 9 0 3 0 1 0 8 0 
4 -1 6 -1 0 -1 4 -1 8 0 12 0 7 0 12 1 6 -1 6 -1 4 1 2 1 6 0 
4 0 2 1 0 0 12 1 12 1 3 0 2 1 12 1 6 0 2 0 7 1 5 0 11 0 
8 1 12 1 8 1 4 1 7 0 4 1 0 0 0 0 12 1 0 1 8 1 2 1 12 0 
5 0 12 0 10 0 7 0 0 0 9 0 3 0 9 0 1 0 5 0 4 0 4 0 11 0 
7 0 0 1 2 1 12 0 7 1 7 -1 2 1 6 1 0 -1 12 0 12 1 8 0 4 0 
Language_53
13
0
3 5 7 8 10 11 
a b c d e 
2 0 2 0 3 0 4 1 11 0 3 0 4 0 5 0 6 1 6 1 11 0 11 0 3 0 
0 1 2 -1 12 0 6 0 6 -1 12 1 4 -1 0 1 1 1 0 1 4 0 6 0 0 -1 
12 0 10 0 9 0 11 0 8 0 4 1 8 0 5 0 9 0 3 0 2 0 1 1 10 0 
2 1 2 -1 6 -1 2 1 2 1 9 -1 12 -1 6 0 6 1 12 -1 0 1 2 1 9 0 
6 0 0 1 11 0 9 1 8 0 9 0 11 0 11 0 8 0 6 1 7 0 10 0 0 1 
6 0 12 -1 0 -1 2 -1 12 0 9 1 2 -1 6 1 1 0 2 0 1 0 4 -1 1 -1 
10 0 0 0 9 0 9 0 1 1 9 0 12 1 11 0 0 0 7 0 0 1 6 0 11 0 
9 1 1 0 2 1 6 1 1 0 0 1 9 -1 9 -1 12 1 0 -1 4 0 0 -1 1 1 
7 0 9 1 3 0 0 1 2 1 3 0 7 0 0 0 6 1 9 0 4 0 0 0 0 1 
0 -1 1 -1 6 0 0 1 4 -1 6 0 2 0 6 0 9 1 2 0 9 0 6 1 2 1 
Language_54
13
0
0 1 4 7 8 11 
a b c d e 
7 0 3 1 0 0 7 0 2 0 7 0 6 0 8 0 9 1 10 0 9 0 6 1 8 0 
5 0 2 1 5 -1 5 -1 5 1 6 0 10 -1 10 0 5 1 6 1 6 1 9 -1 9 -1 
7 0 5 1 1 0 11 0 11 0 9 1 10 0 9 0 3 1 5 1 6 1 5 0 3 0 
9 1 5 -1 9 -1 6 1 12 -1 5 1 6 -1 10 1 12 1 6 0 9 -1 2 0 10 0 
9 1 5 1 4 0 7 0 8 0 9 0 12 0 9 0 6 1 3 0 10 0 3 1 0 0 
2 0 12 -1 5 0 3 0 9 0 2 -1 6 1 10 1 5 -1 12 -1 12 -1 10 -1 2 0 
12 0 1 0 0 0 2 0 6 0 0 0 7 0 2 0 6 1 8 0 10 0 0 0 12 0 
10 0 2 0 10 1 9 -1 12 1 10 -1 6 0 9 -1 5 0 2 0 10 -1 12 -1 2 1 
11 0 10 0 6 0 5 1 10 1 7 0 4 0 3 0 2 1 6 1 9 0 8 0 2 1 
10 -1 5 0 9 1 5 1 2 1 12 0 9 1 3 1 2 0 12 0 9 -1 12 -1 9 1 
Language_55
13
0
0 3 6 7 10 
a b c d e 
2 0 2 1 7 0 6 0 1 1 0 0 8 1 1 0 8 1 5 0 7 0 12 0 5 1 
12 1 11 1 5 0 11 -1 1 1 11 1 11 1 2 -1 12 0 8 1 9 0 5 1 8 -1 
8 0 5 1 10 0 11 1 5 1 8 1 2 1 8 1 4 1 7 0 5 1 10 0 1 0 
5 -1 1 1 8 -1 11 0 5 -1 9 -1 12 -1 11 0 11 -1 5 0 4 0 5 1 9 -1 
6 0 5 1 3 0 6 0 0 0 7 0 6 0 7 0 11 0 7 0 1 1 0 0 5 0 
8 0 11 -1 11 -1 9 -1 2 0 11 1 12 0 1 -1 9 1 4 1 9 0 4 -1 5 -1 
1 1 1 1 8 1 0 0 0 0 11 1 10 0 2 1 10 0 0 0 10 0 0 0 8 0 
9 0 4 -1 8 1 2 0 1 0 4 0 2 -1 11 0 2 1 11 -1 4 -1 2 1 2 -1 
1 1 2 0 11 0 1 1 12 0 11 0 7 0 1 1 2 0 9 1 1 0 12 0 2 0 
4 0 9 0 5 -1 8 1 5 1 4 1 1 1 11 0 2 -1 2 -1 2 1 12 -1 5 -1 
Language_56
13
0
1 3 6 9 11 
a b c d e 
3 0 11 0 0 0 2 1 2 1 8 1 9 0 1 0 1 0 0 0 4 0 6 0 2 0 
4 -1 5 -1 8 -1 4 1 4 -1 0 0 4 1 5 -1 7 0 8 -1 5 1 2 0 8 0 
6 0 1 0 7 0 6 0 2 1 7 0 10 0 2 1 5 1 11 0 3 0 12 1 0 1 
0 -1 2 0 0 0 5 0 8 1 7 1 8 1 2 -1 8 -1 7 1 4 1 8 -1 2 1 
1 0 8 1 8 1 1 0 8 1 8 0 4 1 9 0 11 0 3 0 1 0 4 0 0 1 
4 -1 10 1 7 1 0 0 4 -1 8 -1 4 1 12 1 10 0 10 -1 2 0 8 -1 12 -1 
5 1 12 1 6 0 4 0 6 0 1 0 1 0 6 0 11 0 5 1 5 0 4 0 6 0 
8 -1 12 -1 0 0 4 1 0 -1 12 -1 8 1 2 -1 0 1 4 1 12 1 7 0 8 1 
4 1 2 0 4 1 3 0 3 0 7 1 7 1 0 0 8 1 1 0 3 0 2 1 12 1 
2 -1 10 -1 7 -1 10 0 5 -1 0 -1 2 1 2 1 2 -1 12 -1 4 -1 2 1 4 1 
Language_57
13
0
1 3 5 7 8 9 
a b c d e 
4 1 9 0 8 0 2 1 6 1 1 0 5 0 7 0 5 0 2 0 1 0 3 0 8 0 
11 1 4 1 6 0 11 0 4 0 0 1 10 1 2 1 12 1 6 -1 10 -1 2 0 11 -1 
0 1 9 0 5 0 12 1 3 0 7 0 5 0 1 0 12 1 0 1 7 0 2 0 2 0 
0 -1 6 0 2 -1 0 -1 10 0 4 -1 10 0 11 0 4 0 2 -1 4 0 12 -1 11 -1 
2 1 0 0 1 0 8 0 7 0 0 0 2 0 2 1 12 1 12 1 4 0 11 0 3 0 
6 1 0 0 2 0 12 -1 2 -1 4 1 0 1 6 0 4 1 11 0 11 1 4 -1 0 1 
10 1 12 1 4 1 8 0 8 0 0 1 12 1 12 1 2 1 8 0 11 1 0 1 7 0 
11 0 10 1 6 -1 10 -1 10 1 11 -1 0 -1 12 -1 12 -1 0 1 2 -1 2 1 4 -1 
10 0 12 1 2 1 6 1 1 0 2 0 1 0 2 0 3 0 12 0 1 0 7 0 0 1 
11 1 6 0 10 -1 6 1 6 -1 4 0 12 0 11 -1 4 0 2 -1 6 0 2 0 0 1 
Language_58
13
0
0 1 5 12 
a b c d e 
4 0 0 0 12 0 1 0 9 1 11 1 11 0 2 1 12 0 0 0 8 1 4 0 2 1 
9 0 8 0 8 -1 3 0 6 -1 7 0 4 0 2 1 9 0 10 -1 6 -1 2 1 4 0 
3 1 6 1 6 0 2 1 2 1 11 1 5 0 0 0 10 0 4 0 2 1 5 0 11 1 
4 -1 3 -1 3 1 11 0 9 1 6 -1 9 0 7 1 7 1 9 0 11 1 4 0 2 1 
7 0 1 0 3 1 8 1 7 1 3 0 6 1 12 0 7 0 8 0 11 0 5 0 10 1 
7 1 7 0 7 -1 3 1 8 -1 9 1 11 -1 4 1 4 0 11 1 2 -1 4 -1 10 1 
6 0 7 1 7 1 1 0 11 0 9 1 0 0 3 1 6 1 0 0 6 1 0 0 8 0 
7 0 11 1 2 0 3 1 2 1 7 1 9 -1 10 1 7 -1 7 -1 9 -1 3 0 10 1 
4 0 4 0 1 0 3 0 9 0 4 0 6 0 12 0 8 0 4 0 9 0 3 0 11 1 
9 1 2 1 2 -1 10 0 6 0 7 -1 7 1 4 1 9 -1 10 1 10 -1 2 1 9 0 
Language_59
13
0
4 7 8 10 11 12 
a b c d e 
4 0 11 0 0 1 8 0 2 1 2 0 12 0 0 0 2 0 8 0 10 0 8 0 9 0 
1 0 2 -1 5 0 0 1 5 0 5 0 9 0 3 0 9 1 2 1 0 -1 2 0 6 -1 
9 0 5 0 0 0 7 0 7 0 6 1 4 0 0 0 3 1 1 0 3 0 12 0 8 0 
1 0 2 0 0 1 6 1 5 -1 9 1 3 0 5 0 5 -1 1 1 0 1 2 1 2 0 
9 1 12 0 10 0 11 0 10 0 11 0 6 0 1 0 11 0 12 0 12 0 6 1 1 1 
0 -1 6 -1 5 0 6 1 3 1 9 1 6 -1 0 1 3 1 0 -1 2 1 0 1 2 1 
10 0 12 0 5 1 12 0 3 0 7 0 12 0 7 0 12 0 2 1 2 0 6 1 7 0 
2 1 2 1 9 1 1 0 3 0 0 0 3 1 5 -1 3 0 5 1 0 0 1 0 9 1 
3 0 4 0 9 1 7 0 4 0 10 0 6 0 1 1 3 0 9 0 11 0 12 0 7 0 
2 -1 5 0 1 1 0 0 0 0 1 -1 6 0 6 -1 5 0 3 1 5 -1 5 -1 9 0 
Language_60
13
0
1 3 4 7 8 12 
a b c d e 
12 0 3 0 10 0 4 0 1 0 7 0 12 0 8 0 11 0 8 0 8 0 10 1 1 0 
5 1 10 1 5 1 9 1 6 0 9 -1 9 0 10 0 11 0 6 -1 10 1 6 1 11 1 
3 0 9 0 4 0 12 0 2 0 2 0 2 1 6 0 8 0 2 0 4 0 5 0 9 0 
11 1 5 -1 9 -1 0 0 6 1 10 0 5 1 10 1 6 -1 5 1 11 1 6 1 2 -1 
5 0 6 0 10 1 8 0 4 0 5 1 1 0 5 1 8 0 2 0 12 0 4 0 12 0 
11 0 11 1 5 -1 0 0 11 1 5 -1 5 1 5 1 0 0 10 -1 9 1 11 -1 9 -1 
8 0 10 1 5 0 4 0 2 0 3 0 2 1 1 0 2 0 5 1 2 0 9 0 12 0 
10 -1 9 -1 9 0 9 -1 9 0 2 -1 9 -1 0 1 9 -1 9 -1 2 -1 2 0 2 -1 
8 0 10 0 6 1 7 0 7 0 2 0 8 0 7 0 8 0 0 1 8 0 7 0 7 0 
6 1 6 1 11 -1 11 -1 0 1 9 0 5 -1 0 -1 10 -1 5 -1 6 1 2 -1 10 0 
Language_61
13
0
2 4 6 7 11 
a b c d e 
3 1 6 0 7 0 8 0 12 1 2 0 7 0 2 0 2 0 7 0 5 1 10 1 2 0 
9 1 10 1 1 0 5 0 3 1 0 1 9 0 0 1 3 0 10 -1 0 1 3 0 5 1 
8 1 8 0 5 0 5 1 9 1 12 1 1 1 1 0 3 0 9 0 12 0 1 1 3 0 
9 -1 10 -1 5 0 0 0 8 -1 8 1 0 1 3 1 0 0 8 1 0 -1 0 0 1 -1 
10 1 8 0 0 0 2 0 5 1 11 0 9 1 12 1 5 1 1 0 8 0 12 1 10 1 
10 -1 1 -1 12 -1 5 0 8 -1 10 1 3 1 9 1 5 0 10 1 10 -1 5 0 10 0 
11 0 7 0 9 1 11 0 12 0 9 1 4 0 3 1 10 0 11 0 12 0 2 0 12 1 
1 1 12 1 12 0 3 -1 5 0 1 0 1 0 1 0 5 1 10 0 5 0 3 0 8 1 
4 0 9 1 1 1 12 0 1 1 8 0 4 0 2 0 2 0 3 0 9 0 9 0 5 0 
5 0 3 1 10 1 12 1 5 1 5 -1 5 -1 1 1 9 -1 1 1 5 0 9 0 10 1 
Language_62
13
0
1 4 6 8 9 11 
a b c d e 
10 1 3 0 8 0 3 1 1 0 7 1 1 0 3 0 8 0 7 1 10 0 1 0 1 0 
2 -1 3 1 0 1 5 -1 12 0 10 -1 2 -1 7 -1 5 1 7 -1 5 0 7 0 3 -1 
4 0 1 0 1 0 1 0 1 0 1 0 4 0 1 0 10 0 12 1 8 0 6 0 4 0 
5 1 7 -1 2 -1 5 0 10 -1 10 0 7 -1 0 0 10 1 5 1 12 -1 5 -1 10 -1 
7 1 10 0 5 1 4 0 8 0 10 0 5 0 10 1 10 1 2 0 12 1 11 0 12 1 
10 -1 5 1 3 -1 3 1 3 -1 5 0 3 0 10 1 0 1 2 1 5 -1 3 1 7 -1 
5 0 11 0 5 0 3 0 6 0 12 1 11 0 2 1 11 0 10 1 7 0 8 0 5 1 
12 -1 10 0 10 1 3 -1 0 0 12 -1 7 1 0 -1 3 -1 3 0 7 1 12 0 0 0 
8 0 2 1 4 0 7 0 4 0 12 1 7 0 12 1 7 0 1 0 10 0 3 1 9 0 
2 -1 2 0 3 -1 3 -1 5 1 2 0 10 -1 10 1 12 -1 12 0 10 0 12 -1 0 -1 
Language_63
13
0
2 6 7 8 10 11 
a b c d e 
8 0 5 0 3 1 10 0 11 0 5 0 6 0 12 1 7 0 11 0 10 0 2 0 5 1 
5 1 12 -1 5 0 4 0 0 0 1 1 3 0 5 0 1 0 3 1 4 -1 9 -1 0 1 
12 0 10 0 5 1 8 0 2 0 6 0 2 0 7 0 1 0 4 0 3 0 10 0 2 0 
9 -1 12 0 12 0 1 1 12 1 12 1 3 1 1 1 1 -1 5 -1 12 0 0 -1 12 1 
0 0 10 0 8 0 9 0 12 1 9 0 5 0 4 0 11 0 0 1 9 0 7 0 7 0 
0 1 9 0 4 0 4 0 3 1 0 0 0 -1 0 1 9 0 1 -1 5 0 12 1 5 0 
2 0 3 0 8 0 2 0 1 0 2 0 0 1 3 0 6 0 8 0 6 0 7 0 5 0 
1 0 3 -1 1 1 1 1 12 -1 12 1 0 1 12 0 4 -1 9 0 9 1 9 0 1 -1 
2 0 2 0 12 0 8 0 9 0 5 0 9 0 2 0 4 1 5 0 12 1 0 1 2 0 
9 -1 12 0 0 1 4 1 3 1 3 0 5 1 12 0 3 0 1 0 0 0 1 1 4 -1 
Language_64
13
0
1 2 4 5 9 12 
a b c d e 
11 1 1 0 11 0 12 0 9 0 2 0 6 1 10 0 5 0 8 0 12 0 0 1 8 1 
11 1 6 -1 8 0 11 0 8 1 0 1 7 -1 6 1 7 1 0 -1 0 1 11 0 0 0 
3 0 7 1 12 0 1 0 9 0 9 0 4 0 7 0 8 0 9 0 3 0 11 0 1 0 
0 -1 10 1 7 -1 7 1 8 1 11 1 10 -1 11 -1 7 -1 0 -1 7 -1 10 1 11 1 
4 0 5 0 5 0 7 0 10 0 10 1 7 0 0 0 10 1 9 0 0 0 5 0 5 0 
10 1 7 -1 7 1 10 0 10 0 8 -1 6 1 10 1 10 0 7 1 8 1 7 -1 8 1 
9 0 10 0 1 0 2 0 2 0 2 0 7 1 11 1 2 0 3 0 12 0 2 0 11 0 
8 0 0 1 11 -1 6 1 10 -1 0 -1 8 0 10 1 6 0 6 1 6 -1 3 0 11 -1 
12 0 10 0 12 0 1 0 3 1 7 0 5 0 2 0 6 0 1 0 8 0 0 1 1 0 
3 0 8 1 7 -1 0 1 11 0 8 0 6 0 0 -1 6 -1 10 -1 6 0 8 -1 3 -1 
Language_65
13
0
5 6 7 10 
a b c d e 
10 0 6 0 9 0 6 0 0 0 4 1 3 0 8 0 4 0 6 0 5 0 1 1 3 0 
2 0 9 0 11 -1 2 1 9 -1 4 -1 11 0 11 1 2 1 2 0 2 0 9 -1 8 -1 
0 1 11 0 0 0 7 0 11 0 2 0 6 0 11 1 11 1 7 0 5 0 9 1 12 1 
3 -1 8 0 11 1 4 1 2 0 0 1 8 0 1 0 11 0 3 -1 12 0 9 0 1 1 
4 1 12 1 12 1 3 0 8 0 1 0 5 0 0 1 1 0 7 0 0 1 7 0 9 0 
4 0 3 1 11 1 3 -1 3 1 12 -1 11 -1 4 -1 0 -1 3 0 12 -1 3 0 1 0 
7 0 7 0 9 1 10 0 11 0 1 0 4 0 9 1 10 0 0 0 4 0 7 0 1 1 
2 -1 11 -1 2 -1 8 1 11 1 12 -1 11 1 0 -1 9 -1 11 1 0 -1 9 -1 9 0 
9 0 3 1 9 0 5 0 5 0 10 0 12 0 7 0 8 1 12 0 8 0 5 0 5 0 
11 -1 11 0 0 -1 11 1 0 -1 3 -1 4 0 0 0 11 0 2 0 8 0 1 0 1 1 
Language_66
13
0
2 9 10 11 12 
a b c d e 
3 1 10 0 10 0 12 0 1 0 7 0 0 0 5 0 8 1 1 0 2 0 11 0 4 1 
3 1 1 0 1 1 8 -1 8 -1 1 -1 3 -1 8 -1 1 -1 8 -1 3 1 8 -1 0 0 
4 0 8 1 10 0 8 0 9 0 12 0 5 1 1 1 8 1 9 0 11 0 8 0 8 0 
0 1 6 -1 0 1 6 1 1 -1 5 -1 4 -1 0 1 5 0 4 -1 3 0 8 0 3 0 
5 0 4 0 2 0 12 0 9 0 12 0 9 0 2 0 8 1 2 0 10 0 0 1 5 1 
1 0 6 1 5 -1 1 1 6 -1 5 0 4 0 6 0 0 -1 1 1 7 1 8 -1 1 -1 
3 0 0 1 1 0 2 0 3 0 7 0 8 1 5 1 10 0 3 1 9 0 1 0 8 0 
1 0 3 0 3 0 3 1 6 0 7 -1 7 1 1 -1 4 -1 1 1 7 -1 7 -1 8 1 
7 0 7 0 11 0 5 1 5 1 2 0 11 0 12 0 8 1 2 0 11 0 9 0 10 0 
5 0 1 0 7 1 1 1 6 0 7 0 4 -1 4 -1 7 -1 0 1 4 0 0 -1 4 1 
Language_67
13
0
3 4 6 7 8 11 12 
a b c d e 
5 1 11 0 8 0 6 0 2 0 1 0 6 0 0 1 8 0 12 0 3 0 11 0 9 1 
10 1 5 0 5 -1 1 1 9 0 9 -1 10 1 10 -1 10 0 10 1 5 1 5 -1 9 1 
2 0 9 1 0 1 4 0 11 0 11 0 8 0 1 1 2 0 0 0 3 0 3 0 2 1 
1 1 9 -1 2 -1 2 1 9 -1 10 1 10 1 0 -1 9 1 1 0 2 1 9 0 5 1 
0 0 7 0 11 0 10 0 2 0 1 1 1 0 0 0 1 0 1 1 5 0 0 0 5 0 
1 -1 5 -1 10 -1 5 1 1 0 5 0 5 1 10 1 1 0 0 -1 10 0 9 0 2 1 
6 0 12 0 0 1 7 0 5 0 9 1 8 0 11 0 2 0 1 1 8 0 3 0 9 0 
1 0 9 1 9 1 9 1 0 1 5 -1 9 1 5 1 5 0 5 0 1 0 9 1 1 0 
12 0 8 0 10 0 0 0 3 0 0 0 1 1 6 0 0 0 2 0 12 0 11 0 7 0 
2 -1 9 -1 1 -1 9 1 10 0 5 0 10 0 1 1 10 1 1 0 5 1 1 0 5 0 
Language_68
13
0
2 3 6 7 8 9 10 12 
a b c d e 
10 0 0 1 7 0 11 1 1 0 11 0 3 0 8 0 11 0 8 0 7 0 2 0 9 0 
0 -1 11 -1 11 1 5 -1 1 0 1 1 11 1 11 0 5 0 1 -1 0 0 0 1 4 -1 
2 0 6 0 2 0 2 0 3 0 12 0 6 0 11 0 1 0 9 0 2 0 6 0 8 0 
0 -1 11 1 11 0 11 -1 4 0 0 1 4 0 4 -1 4 -1 0 1 4 0 0 0 11 0 
5 0 8 0 0 1 0 1 0 1 5 0 7 0 9 0 3 0 8 0 11 1 3 0 10 0 
0 1 11 0 4 -1 1 0 11 -1 5 0 11 1 11 0 4 0 5 0 1 1 5 0 4 1 
8 0 6 0 1 0 7 0 5 0 11 0 2 0 0 1 12 0 5 0 5 0 0 0 9 0 
11 -1 0 1 0 -1 11 -1 11 -1 5 1 4 -1 4 1 0 1 11 -1 1 0 0 1 11 0 
0 0 10 0 1 1 6 0 1 1 4 1 10 0 9 0 4 0 10 0 2 0 7 0 5 1 
11 0 11 0 5 -1 5 0 1 0 0 -1 1 -1 0 1 4 1 0 1 4 0 0 0 0 0 
Language_69
13
0
0 1 2 3 4 5 7 12 
a b c d e 
7 0 5 0 11 1 10 1 12 0 9 0 9 0 8 1 8 1 8 0 0 0 12 0 1 0 
10 1 6 1 9 0 9 1 9 1 6 -1 6 0 6 0 11 0 8 1 10 0 8 -1 8 0 
4 0 8 1 10 1 11 1 1 0 1 0 2 0 7 0 12 0 10 1 4 0 2 0 7 0 
11 1 10 1 6 1 6 1 8 0 10 -1 6 -1 11 0 11 -1 6 -1 6 -1 10 0 10 0 
11 1 5 0 8 1 8 1 5 0 8 1 12 0 1 0 0 0 5 0 2 0 10 0 0 0 
11 -1 9 1 6 1 9 1 8 1 11 -1 8 1 8 -1 10 1 10 0 8 -1 9 -1 11 -1 
2 0 8 0 0 0 10 1 6 0 1 0 5 0 6 0 12 0 4 0 10 1 3 0 11 1 
11 1 6 0 9 -1 9 0 8 0 10 0 11 0 8 1 8 0 10 1 9 1 11 0 6 1 
9 0 10 0 11 0 6 1 6 0 11 0 8 0 11 0 4 0 11 1 6 1 2 0 10 1 
9 0 8 0 8 1 10 -1 6 1 6 -1 6 -1 11 -1 10 0 10 -1 11 0 11 1 10 0 
Language_70
13
0
1 3 4 5 6 7 9 10 
a b c d e 
10 0 11 1 10 0 1 0 0 0 7 0 5 0 9 0 12 0 9 0 11 1 3 0 7 0 
8 1 0 1 2 -1 11 -1 0 0 0 1 2 1 8 -1 8 -1 11 -1 8 1 8 -1 12 -1 
3 0 12 1 4 0 4 0 1 0 9 0 6 0 7 0 0 1 4 0 1 0 1 0 11 1 
0 1 12 -1 11 0 12 -1 11 -1 12 1 0 1 2 -1 2 1 2 1 2 0 2 1 11 0 
9 0 10 0 9 0 6 0 1 0 5 0 3 0 1 0 6 0 2 1 4 0 7 0 0 1 
0 -1 12 -1 11 0 12 0 2 -1 0 -1 11 -1 8 -1 11 -1 2 0 11 1 12 0 11 0 
10 0 5 0 10 0 1 0 4 0 1 0 1 0 11 1 9 0 6 0 6 0 0 0 10 0 
8 -1 11 0 0 -1 2 -1 2 1 2 -1 2 0 2 -1 11 0 8 1 0 0 11 0 2 -1 
4 0 4 0 11 0 12 0 5 0 2 1 1 0 12 1 6 0 8 0 0 0 8 1 4 0 
11 1 11 0 12 0 8 -1 8 -1 0 -1 12 1 2 0 2 -1 11 1 8 0 11 0 0 0 
Language_71
13
0
2 5 6 7 9 11 
a b c d e 
1 1 5 0 4 1 0 1 8 0 3 1 11 0 4 1 0 1 11 0 4 1 0 0 8 0 
12 1 0 1 10 -1 3 -1 0 0 12 0 4 0 10 0 0 -1 12 0 0 -1 0 0 12 1 
2 0 8 1 3 1 4 1 7 0 0 0 0 0 9 0 1 1 9 0 7 0 10 0 10 1 
0 0 3 -1 4 1 1 -1 4 1 10 0 0 1 4 0 3 1 8 0 8 0 1 -1 0 1 
7 0 9 0 3 0 8 0 9 0 8 0 1 1 12 1 9 0 8 0 3 1 2 0 1 0 
8 1 1 1 8 1 4 0 12 -1 8 -1 1 0 12 0 12 1 10 -1 0 1 10 -1 3 1 
2 0 2 0 1 1 5 0 4 0 4 1 5 0 0 1 6 0 2 0 1 0 1 1 4 0 
1 1 0 -1 0 -1 3 1 1 0 8 -1 0 0 10 0 12 1 8 0 1 -1 12 0 3 1 
11 0 2 0 7 0 12 0 5 0 8 1 3 1 5 0 9 0 4 0 2 0 4 0 11 0 
1 -1 1 1 8 1 12 1 12 1 12 -1 3 -1 8 0 0 -1 4 -1 0 1 10 0 8 -1 
Language_72
13
0
0 10 11 12 
a b c d e 
5 0 2 1 2 0 7 1 10 0 6 1 4 1 1 1 11 0 11 0 8 1 12 0 3 0 
8 -1 6 -1 2 -1 9 1 1 0 9 1 7 1 7 1 2 -1 1 0 2 0 8 1 6 1 
3 1 2 0 4 1 1 0 9 1 11 0 7 0 4 1 5 1 6 0 4 1 0 0 0 0 
4 -1 3 0 8 -1 3 0 8 1 6 0 3 -1 9 -1 2 -1 4 0 7 1 1 0 2 1 
6 1 0 0 7 0 8 0 8 1 11 0 6 1 5 1 5 0 11 0 4 1 6 0 9 0 
6 -1 4 -1 7 0 3 1 9 -1 6 1 8 0 2 0 1 -1 1 0 3 0 1 0 4 1 
8 1 5 1 6 1 4 0 3 0 11 0 10 0 2 1 4 0 11 0 3 1 0 0 0 0 
2 0 5 1 2 -1 7 -1 7 1 1 -1 2 1 1 0 5 -1 6 -1 1 0 8 1 8 -1 
6 0 9 0 2 1 2 1 11 0 12 0 4 0 4 0 11 0 7 0 2 0 11 0 7 1 
8 0 9 -1 6 1 6 1 4 1 3 1 1 0 3 1 1 0 7 -1 7 1 9 -1 8 1 
Language_73
13
0
1 2 9 10 11 
a b c d e 
9 0 4 1 7 1 0 1 5 0 9 0 3 1 5 0 10 0 6 1 0 1 6 0 3 1 
0 1 5 -1 7 1 0 1 0 0 8 -1 3 -1 3 1 12 0 8 -1 5 -1 12 0 8 0 
5 0 6 1 9 0 10 0 11 0 8 1 6 1 0 1 2 0 9 0 7 0 11 0 4 0 
4 1 4 0 4 1 7 -1 4 0 8 0 3 0 12 1 12 1 6 -1 5 1 8 1 6 1 
2 0 3 0 12 1 5 1 5 0 11 0 9 0 2 0 12 1 6 0 3 1 1 0 9 0 
12 -1 7 -1 8 0 0 -1 0 0 3 -1 12 0 6 -1 7 -1 7 0 5 0 12 -1 4 1 
9 0 8 0 7 0 0 1 2 0 10 0 8 0 2 0 3 1 7 0 7 1 1 0 2 0 
12 1 8 0 7 0 0 -1 6 0 0 -1 3 1 12 1 12 1 4 -1 12 0 4 -1 7 0 
11 0 12 0 2 0 4 1 5 0 7 1 12 1 1 0 12 0 10 0 6 1 12 0 3 0 
4 1 12 0 0 1 0 1 7 -1 0 -1 4 1 0 0 3 -1 8 -1 5 1 12 0 4 -1 
Language_74
13
0
1 2 6 7 8 9 10 11 
a b c d e 
11 0 11 0 5 1 11 0 12 1 1 0 5 0 1 0 4 1 8 0 10 0 6 0 1 0 
3 1 3 -1 3 1 0 0 0 0 3 -1 4 0 3 1 0 1 12 1 0 1 5 1 0 0 
8 0 12 1 7 0 1 0 8 0 0 1 11 0 7 0 3 1 0 1 6 0 0 1 11 0 
5 -1 5 0 0 -1 12 0 3 0 4 1 0 0 4 -1 12 1 12 1 5 1 4 1 12 1 
4 1 6 0 6 0 8 0 4 1 8 0 8 0 2 0 7 0 11 0 1 0 2 0 1 0 
0 1 5 -1 3 1 4 -1 12 -1 0 1 0 0 5 1 5 0 5 0 4 1 4 -1 0 1 
0 1 1 0 7 0 8 0 4 0 6 0 8 0 7 0 3 1 0 0 10 0 7 0 1 0 
0 1 3 1 4 -1 3 1 4 1 5 -1 5 -1 5 -1 12 0 0 1 3 0 4 1 3 -1 
12 0 3 0 12 1 12 0 10 0 11 0 4 1 1 0 9 0 7 0 9 0 6 0 11 0 
4 -1 12 -1 3 -1 5 0 0 0 3 1 5 -1 12 -1 0 -1 12 1 4 -1 3 -1 0 -1 
Language_75
13
0
5 6 8 9 10 
a b c d e 
1 0 2 0 5 0 1 0 2 1 12 0 9 0 8 0 12 0 4 0 10 0 9 0 12 0 
4 0 2 1 4 1 4 0 7 1 4 1 7 1 7 0 0 1 12 0 7 -1 1 1 4 0 
3 0 0 0 6 0 11 1 5 0 6 0 4 0 11 1 5 0 12 1 10 0 10 0 11 1 
7 -1 7 1 3 0 4 1 3 0 7 -1 1 0 12 -1 2 0 7 -1 1 -1 0 -1 7 -1 
7 1 11 1 0 1 5 0 12 0 8 0 11 0 8 0 4 1 2 0 6 0 11 0 9 0 
2 0 3 0 4 0 7 -1 4 0 2 0 1 -1 2 1 2 -1 4 0 0 -1 1 0 7 1 
7 1 1 1 4 1 3 0 5 0 9 0 9 0 0 0 11 0 2 1 10 0 7 1 0 1 
2 0 1 1 1 0 7 0 1 1 12 -1 12 0 3 -1 12 -1 4 1 7 -1 2 0 7 1 
5 0 0 0 6 0 5 0 8 0 3 0 4 1 8 0 5 0 8 0 11 1 9 0 1 0 
4 0 1 -1 3 -1 0 0 0 1 12 -1 1 1 12 1 7 -1 11 1 12 -1 12 -1 3 -1 
Language_76
13
0
0 4 6 9 10 
a b c d e 
9 0 1 1 3 1 5 0 4 0 12 0 6 0 6 0 2 1 1 0 5 0 5 1 6 0 
12 -1 8 -1 7 0 11 0 11 -1 12 1 12 1 5 0 11 0 1 -1 8 0 3 1 11 0 
0 0 8 1 8 1 2 1 6 0 4 0 8 0 1 0 4 0 1 1 7 0 7 1 7 1 
5 -1 5 1 7 0 2 1 11 0 2 1 11 -1 11 -1 2 0 11 1 5 1 11 1 3 1 
0 0 0 0 3 0 10 0 6 0 7 1 3 0 10 0 12 1 10 0 6 0 6 0 4 0 
5 -1 7 -1 3 0 5 1 1 -1 12 1 5 0 7 -1 12 -1 1 1 11 1 11 1 8 -1 
9 0 1 1 1 0 6 0 11 0 4 0 3 0 2 0 1 0 7 1 9 0 5 0 2 1 
7 -1 12 1 7 1 7 -1 7 1 1 0 3 0 5 1 3 1 2 0 1 1 7 -1 2 1 
2 0 8 0 5 0 1 1 8 0 5 1 0 0 5 0 2 0 12 0 3 1 0 0 0 0 
5 1 11 0 5 1 12 1 8 -1 3 1 3 0 2 0 2 0 2 1 12 0 11 -1 2 1 
Language_77
13
0
1 3 4 5 8 10 
a b c d e 
0 0 2 0 6 1 9 1 0 0 1 0 3 0 2 0 11 1 5 0 7 1 10 0 0 1 
7 1 6 0 9 -1 11 -1 6 1 6 0 6 -1 6 -1 11 -1 6 -1 11 1 11 0 9 1 
5 0 1 0 0 1 3 0 1 0 2 1 8 0 4 0 6 0 6 0 3 0 12 1 3 0 
12 1 9 0 12 0 0 1 6 1 7 -1 6 1 6 0 7 1 0 1 0 0 0 1 7 -1 
7 1 0 1 10 0 4 0 8 0 6 0 4 0 7 1 2 0 10 0 0 1 11 0 1 0 
0 1 7 0 6 1 9 -1 6 -1 2 -1 12 1 9 0 9 -1 6 1 11 1 2 1 7 1 
7 0 10 0 11 0 12 0 10 0 5 0 10 0 10 0 4 0 5 0 11 0 1 0 4 0 
6 1 2 0 9 1 7 -1 6 -1 7 1 6 0 12 -1 6 1 0 -1 6 -1 9 0 7 1 
9 0 0 0 3 0 9 0 10 0 5 0 5 0 2 0 0 1 11 1 9 1 5 0 4 0 
7 -1 6 -1 6 1 0 -1 11 1 11 0 6 1 0 1 7 -1 11 -1 6 1 7 1 0 1 
Language_78
13
0
4 10 
a b c d e 
7 1 4 0 4 0 7 0 9 1 0 0 9 0 5 1 2 0 1 1 4 0 8 0 6 0 
8 -1 6 1 3 1 7 -1 2 0 5 -1 6 1 11 -1 11 1 11 1 0 1 0 -1 5 0 
8 0 2 1 3 1 9 1 7 0 11 0 7 1 7 0 0 1 10 0 0 1 8 1 5 0 
3 -1 11 1 0 0 11 -1 3 -1 12 0 0 -1 6 0 8 1 6 0 12 0 9 0 7 0 
7 0 6 1 4 0 3 1 2 1 3 1 12 1 7 1 9 0 7 0 7 0 10 0 7 1 
2 1 8 0 9 1 9 1 9 0 2 -1 11 1 12 1 2 1 3 1 7 1 0 -1 2 0 
3 1 5 0 10 0 8 1 1 1 3 1 10 0 0 0 10 0 4 0 11 0 6 1 10 0 
9 -1 3 -1 0 -1 5 1 7 -1 6 0 0 -1 0 1 7 0 7 -1 3 0 3 1 5 1 
6 0 8 0 0 0 8 0 10 0 9 0 9 0 5 1 11 1 12 0 4 0 11 1 5 1 
9 1 9 0 3 0 8 0 7 1 12 0 0 0 0 0 8 -1 3 0 7 -1 9 0 1 1 
Language_79
13
0
1 2 6 10 12 
a b c d e 
5 0 0 0 6 0 4 0 2 0 1 0 11 1 1 0 9 1 0 1 7 1 0 0 11 1 
3 0 9 -1 9 1 8 -1 0 1 4 -1 4 -1 11 -1 7 0 5 -1 7 -1 4 0 3 -1 
10 0 11 1 1 0 10 0 0 0 9 0 8 0 2 0 11 0 4 1 2 0 1 0 4 1 
9 -1 7 1 3 -1 11 -1 5 1 7 0 5 1 7 0 11 -1 8 0 5 1 9 1 8 1 
9 1 1 0 2 0 10 0 10 0 8 0 1 0 11 0 1 0 7 1 4 1 5 0 4 1 
7 0 8 1 4 -1 11 0 5 -1 8 0 9 -1 8 -1 3 1 7 -1 0 0 8 1 8 0 
2 0 5 0 8 1 5 0 10 0 8 0 1 0 6 0 10 0 12 0 6 0 6 0 6 0 
9 1 7 0 8 1 0 0 0 0 5 0 7 -1 5 1 9 -1 8 0 8 0 0 0 8 -1 
6 0 8 0 8 0 3 1 3 1 0 1 12 0 7 1 4 1 1 0 12 0 9 1 11 0 
9 1 9 1 4 0 11 -1 11 1 7 0 0 0 5 -1 9 1 4 -1 4 -1 3 -1 4 1 
Language_80
13
0
7 9 10 
a b c d e 
0 1 6 0 0 0 3 0 12 1 8 0 2 0 2 0 0 0 12 0 1 0 5 0 11 1 
2 1 0 1 8 -1 4 -1 3 0 5 1 3 1 0 0 1 1 1 -1 12 0 4 0 3 0 
10 0 8 1 1 0 1 0 4 0 10 0 3 1 3 1 8 1 5 1 7 0 2 1 6 0 
11 -1 0 0 0 -1 3 0 3 0 6 0 4 0 5 0 3 0 4 0 11 1 6 0 0 -1 
10 0 10 0 12 0 5 1 3 0 4 0 8 0 12 1 4 0 2 0 12 0 6 0 12 0 
8 -1 2 0 8 -1 12 -1 2 -1 11 -1 2 -1 6 -1 1 0 3 -1 2 1 1 0 6 0 
7 0 0 1 12 0 3 0 11 0 11 0 4 0 3 1 0 1 6 0 2 1 12 1 3 1 
8 1 4 0 8 0 12 -1 8 1 2 1 1 -1 8 0 11 -1 6 -1 2 1 12 -1 1 1 
10 0 5 0 11 0 6 1 8 1 5 0 10 0 4 1 5 1 3 0 6 0 9 0 1 0 
4 -1 8 1 12 0 4 1 4 0 6 1 5 0 5 0 12 -1 6 0 12 -1 8 0 8 -1 
Language_81
13
0
2 3 11 
a b c d e 
6 0 7 0 0 0 1 0 11 0 10 1 5 0 9 0 0 0 1 1 7 1 12 1 11 0 
10 1 9 1 0 1 0 -1 4 1 4 1 10 0 1 -1 1 1 10 1 5 0 9 -1 8 1 
6 1 9 0 6 0 9 0 11 0 4 0 9 0 11 0 11 0 8 1 4 0 0 1 5 1 
7 -1 0 0 4 1 10 0 9 1 7 1 8 0 1 -1 1 -1 9 -1 9 -1 1 0 4 -1 
2 0 4 1 2 0 11 0 10 0 3 0 6 1 10 0 3 0 5 1 7 0 2 0 6 1 
10 -1 8 1 10 0 12 0 9 1 8 0 5 -1 5 -1 9 -1 12 -1 0 1 6 0 5 1 
3 0 11 0 6 0 4 1 12 1 0 0 9 1 4 0 5 1 8 0 11 0 9 0 10 1 
10 1 9 0 6 1 7 1 1 0 7 -1 12 0 8 0 12 0 4 -1 9 -1 12 -1 4 -1 
6 1 6 0 1 0 9 0 6 0 1 1 2 0 0 0 4 0 6 1 0 1 12 0 2 0 
4 -1 7 1 8 -1 0 -1 0 1 8 1 0 0 7 0 12 1 12 -1 8 0 10 -1 4 0 
Language_82
13
0
5 6 7 10 11 12 
a b c d e 
11 0 4 0 6 0 10 0 9 1 6 0 9 0 5 0 3 0 8 1 7 0 0 0 9 1 
0 1 2 -1 9 0 9 0 2 0 0 0 0 1 0 0 3 -1 2 0 0 0 0 1 2 1 
12 0 2 0 0 0 7 0 3 0 6 0 9 1 8 0 1 1 3 0 6 0 1 1 12 0 
2 0 3 1 2 -1 4 1 1 -1 9 0 3 0 0 -1 8 0 1 0 8 0 2 1 2 0 
12 0 6 0 2 1 1 1 10 0 2 0 7 0 3 1 4 0 0 0 6 0 10 0 10 0 
3 1 0 0 2 0 4 0 9 1 4 1 9 -1 2 -1 1 1 2 0 0 1 0 0 1 1 
3 0 8 0 0 1 3 0 0 0 8 0 3 0 3 1 0 1 0 1 4 0 11 0 3 0 
3 0 0 -1 8 1 4 1 2 1 4 0 9 0 3 1 2 -1 8 1 1 0 9 0 3 1 
9 1 9 0 8 0 7 0 5 0 7 0 9 1 10 0 9 1 11 0 8 1 0 0 1 0 
3 1 0 -1 4 -1 3 1 3 1 4 1 3 1 3 0 8 -1 0 0 8 0 9 -1 1 0 
Language_83
13
0
2 4 5 7 8 9 12 
a b c d e 
12 0 0 0 4 0 8 0 9 0 7 0 5 0 0 1 6 1 2 0 8 0 11 0 11 1 
10 0 11 -1 6 0 6 1 1 -1 6 -1 1 -1 0 1 6 0 11 -1 10 -1 1 0 3 0 
7 0 9 0 12 0 1 0 3 0 10 0 6 1 5 0 11 1 0 1 7 0 9 0 0 1 
1 1 11 1 1 1 1 1 11 -1 3 -1 1 1 3 0 10 -1 11 -1 1 1 6 1 11 -1 
11 0 4 0 6 0 1 1 4 0 4 0 5 0 6 0 3 0 6 0 8 0 9 0 11 0 
10 1 6 1 6 1 0 1 10 -1 6 -1 3 -1 3 1 1 0 10 1 1 1 0 1 11 1 
1 1 9 0 11 1 9 0 6 0 7 0 1 0 1 0 6 0 1 1 4 0 6 0 7 0 
10 0 1 1 10 1 1 -1 1 -1 11 1 6 -1 3 0 0 1 3 -1 3 1 1 1 0 -1 
7 0 11 1 12 0 11 1 0 0 4 0 1 0 10 0 1 0 7 0 9 0 8 0 11 0 
10 1 0 -1 1 -1 10 1 11 0 10 0 1 0 11 0 0 -1 6 1 1 1 10 1 3 1 
Language_84
13
0
1 2 4 6 7 9 11 
a b c d e 
3 1 10 1 4 0 4 0 8 0 9 0 8 0 12 1 12 0 1 0 3 1 0 1 8 0 
3 0 8 0 0 1 10 1 8 0 12 0 12 0 5 1 5 -1 5 1 3 1 12 1 0 -1 
1 0 9 0 6 0 6 0 3 1 7 0 5 0 9 0 1 0 3 1 8 1 3 1 0 1 
0 0 10 0 3 0 10 0 3 -1 8 -1 3 1 10 -1 12 0 5 0 0 0 12 1 0 0 
1 0 0 0 0 0 8 1 12 1 7 0 7 0 4 0 6 0 12 1 1 0 12 0 1 0 
12 0 8 1 3 1 10 1 12 0 10 1 10 -1 10 0 3 1 8 -1 10 -1 8 -1 10 -1 
1 0 10 0 2 0 9 0 1 0 4 0 8 0 6 0 8 0 2 0 8 1 7 0 11 0 
3 1 12 0 5 -1 5 -1 0 1 12 1 5 1 3 1 5 0 10 1 8 1 5 0 12 1 
10 1 10 0 4 0 1 0 1 0 1 0 5 0 8 1 12 0 1 0 4 0 8 1 0 1 
8 1 12 0 0 -1 8 0 0 -1 8 1 5 -1 5 -1 8 1 10 -1 5 0 10 0 12 0 
Language_85
13
0
0 1 3 4 6 9 
a b c d e 
1 0 12 0 4 0 5 1 10 1 9 0 5 1 3 0 3 0 6 0 3 0 0 0 7 1 
2 1 12 1 11 -1 2 0 8 0 12 1 5 -1 10 0 8 -1 8 0 2 1 2 0 8 -1 
2 1 10 1 1 0 3 0 2 1 2 0 8 1 4 0 11 0 12 1 9 0 9 0 2 0 
5 0 2 -1 12 1 10 0 5 1 2 -1 8 1 7 1 2 1 11 1 12 -1 11 1 7 0 
2 0 10 0 6 0 7 0 2 0 3 0 2 1 2 1 12 0 2 1 11 1 12 0 5 1 
11 0 7 -1 10 0 8 1 12 -1 10 -1 5 -1 11 -1 11 0 12 0 7 -1 7 -1 2 0 
12 1 0 0 7 1 2 0 7 1 0 0 0 0 6 0 3 0 12 1 10 1 4 0 4 0 
10 0 8 -1 8 1 8 0 5 0 5 -1 12 -1 7 1 7 0 7 -1 12 0 2 1 12 -1 
3 0 10 0 4 0 2 0 11 0 0 0 5 1 2 0 9 0 2 0 6 0 0 0 8 1 
8 1 5 0 12 0 12 -1 12 -1 7 -1 11 1 11 -1 12 -1 2 -1 12 -1 12 1 10 -1 
Language_86
13
0
0 1 2 4 8 10 11 12 
a b c d e 
6 1 7 1 8 0 1 0 9 1 6 1 2 0 3 1 10 0 6 0 10 0 2 0 2 0 
7 0 6 -1 5 1 7 1 9 -1 3 0 5 -1 7 0 7 -1 3 0 6 -1 5 0 7 -1 
2 0 8 0 4 0 10 0 3 0 10 0 5 0 4 0 2 0 8 0 7 1 2 0 6 1 
7 1 6 -1 7 -1 5 0 7 1 3 -1 5 0 5 0 3 -1 6 0 9 -1 5 0 5 1 
6 0 8 0 7 1 9 0 6 0 6 1 1 0 9 1 5 0 6 0 2 0 2 0 5 0 
3 0 9 0 5 0 5 1 6 -1 6 -1 5 1 3 0 7 0 7 0 7 1 9 -1 7 0 
6 1 2 0 2 0 1 0 4 0 11 0 12 0 5 1 8 0 0 0 9 1 5 1 5 1 
3 -1 3 0 3 0 3 1 3 1 5 -1 5 1 5 1 5 0 6 -1 5 0 5 1 6 -1 
9 1 10 0 6 1 9 0 3 0 9 1 1 0 6 0 10 0 7 1 4 0 2 0 0 0 
7 0 7 0 6 1 9 0 5 -1 3 0 7 1 5 1 9 1 5 -1 5 1 5 -1 6 1 
Language_87
13
0
0 9 12 
a b c d e 
1 0 9 0 6 0 6 1 1 0 4 0 6 1 10 0 1 1 6 1 8 1 2 0 2 1 
11 -1 10 -1 4 1 7 1 8 -1 1 1 10 0 11 0 1 0 5 1 6 1 10 -1 5 1 
4 1 0 0 10 0 0 0 5 1 12 0 7 1 3 0 0 0 9 0 11 1 1 1 12 0 
8 0 4 -1 2 0 1 -1 1 -1 1 1 11 1 8 -1 3 -1 8 -1 2 1 8 1 6 1 
0 0 1 0 7 0 5 1 2 1 1 1 2 1 0 0 5 0 8 1 3 1 4 0 8 0 
10 1 2 -1 11 1 2 -1 8 -1 4 -1 5 -1 10 1 10 1 8 -1 7 -1 8 1 11 0 
12 0 7 1 7 0 7 1 10 0 10 1 5 1 10 0 4 1 7 1 12 0 8 0 8 0 
8 -1 2 0 6 0 8 -1 1 1 3 -1 2 -1 4 -1 2 -1 6 0 1 -1 6 -1 3 -1 
9 0 12 0 9 0 3 0 11 1 6 1 11 1 8 1 2 1 0 0 12 0 0 0 1 0 
7 0 4 -1 6 1 8 1 11 0 11 1 11 0 7 1 6 1 8 1 8 1 6 1 7 -1 
Language_88
13
0
3 4 5 7 11 12 
a b c d e 
9 0 10 0 10 1 4 0 5 0 10 1 1 0 2 0 7 0 8 0 10 1 9 1 12 0 
6 0 8 1 8 -1 10 -1 9 0 8 1 9 1 10 0 8 -1 8 -1 6 0 2 -1 10 1 
11 0 2 0 2 0 2 0 12 0 8 1 8 0 8 1 10 1 1 0 0 1 1 0 8 1 
6 0 10 1 0 0 0 0 9 -1 10 0 6 0 0 1 10 -1 2 0 10 0 2 -1 9 1 
6 1 4 0 4 0 9 1 12 0 6 1 3 0 7 0 1 0 5 0 9 1 11 0 7 0 
8 0 0 -1 1 -1 0 -1 1 -1 9 0 1 -1 6 -1 10 1 6 1 2 1 2 -1 2 1 
0 0 2 0 6 1 11 0 11 0 3 0 4 0 8 1 12 0 8 0 2 1 8 1 7 0 
8 0 8 0 10 -1 8 -1 8 1 2 0 10 1 8 -1 1 -1 2 -1 0 0 10 -1 0 1 
3 0 5 0 7 0 12 0 3 0 1 1 9 0 0 1 11 0 11 0 7 0 4 0 11 0 
9 1 1 -1 6 -1 1 0 1 -1 0 0 0 1 9 -1 2 1 0 0 0 0 0 0 8 0 
Language_89
13
0
0 1 2 3 8 10 11 
a b c d e 
3 0 2 0 9 0 8 0 1 0 4 1 9 1 0 0 9 0 0 0 4 0 5 0 5 0 
6 0 6 0 7 -1 6 0 4 0 4 0 4 1 7 -1 9 -1 9 1 12 0 12 -1 4 0 
10 0 8 0 3 0 7 1 0 0 5 1 9 1 3 0 3 0 12 1 8 0 7 1 4 1 
9 0 12 0 7 0 4 1 9 0 9 1 5 0 4 1 7 -1 12 1 9 0 4 0 5 1 
10 0 9 1 2 0 7 0 8 0 1 0 7 0 9 1 4 0 4 0 2 0 8 0 1 0 
6 0 7 1 5 -1 7 0 5 1 9 1 4 1 5 0 6 0 5 1 6 -1 7 -1 5 1 
7 1 5 0 12 1 10 0 2 0 10 0 3 0 3 0 11 0 11 0 3 0 4 0 6 0 
6 -1 12 0 12 1 7 0 4 1 5 -1 6 0 4 0 7 -1 4 0 7 0 12 -1 9 1 
7 1 12 1 6 1 10 0 4 0 8 0 0 0 2 0 3 0 9 0 5 0 10 0 2 0 
4 0 7 1 5 0 12 1 12 0 9 -1 5 0 7 0 6 -1 12 -1 7 -1 7 -1 5 0 
Language_90
13
0
2 3 4 5 6 7 9 11 
a b c d e 
7 0 12 0 2 0 12 0 0 1 4 0 9 0 3 0 9 0 6 0 6 0 8 0 6 0 
10 0 10 1 12 1 10 1 10 1 0 -1 8 0 12 0 10 1 0 -1 10 1 0 1 8 -1 
7 0 4 0 10 0 11 0 8 0 7 0 0 1 0 1 3 0 1 0 11 0 0 0 7 0 
10 1 1 1 0 -1 0 -1 8 0 12 0 1 0 10 1 1 1 10 1 12 0 8 1 8 1 
12 1 2 0 5 0 3 0 10 0 11 0 5 0 0 0 2 0 9 0 11 0 1 1 5 0 
8 0 0 -1 10 1 12 1 10 1 8 -1 1 1 8 0 1 0 10 0 8 -1 8 0 12 1 
3 0 5 0 7 0 9 0 10 0 9 0 2 0 7 0 4 0 3 0 5 0 7 0 12 0 
0 1 1 0 10 1 10 0 8 0 1 1 1 0 1 1 8 1 12 1 10 -1 8 0 12 0 
1 0 5 0 2 0 11 0 8 1 1 0 2 0 0 0 10 1 6 0 3 0 2 0 6 0 
12 0 10 0 12 -1 12 -1 0 -1 12 -1 8 0 1 0 12 -1 1 1 10 1 12 0 0 1 
Language_91
13
0
0 2 5 6 7 10 
a b c d e 
6 0 4 0 0 0 9 1 2 0 2 0 11 0 12 0 3 1 4 1 6 0 7 0 5 0 
11 -1 9 -1 1 1 9 1 12 0 12 0 8 0 1 0 4 0 12 1 12 -1 12 -1 8 0 
8 0 5 0 6 0 8 1 0 0 4 0 6 0 5 0 2 0 12 1 3 0 0 0 12 0 
3 1 12 -1 8 -1 3 1 9 1 8 -1 11 0 12 0 12 0 12 1 3 -1 1 0 12 0 
10 0 7 0 10 0 9 1 11 1 10 0 7 0 5 0 12 1 4 1 3 0 0 0 10 0 
11 0 11 -1 4 0 4 0 12 1 8 -1 8 1 9 0 12 0 9 -1 8 -1 12 -1 4 -1 
7 0 7 0 4 1 4 0 7 0 2 0 0 0 1 0 1 0 11 0 2 0 5 0 4 0 
3 0 9 -1 8 1 8 -1 12 0 4 0 4 1 3 -1 3 0 4 1 8 0 1 -1 8 0 
7 0 2 0 0 0 2 0 0 0 0 0 6 0 1 1 5 0 6 0 7 0 0 0 4 0 
4 -1 3 -1 3 0 4 1 8 0 9 -1 12 -1 4 -1 4 0 3 -1 4 -1 9 1 12 0 
Language_92
13
0
0 2 4 6 7 8 10 
a b c d e 
3 0 8 0 0 0 1 1 3 1 9 1 2 0 12 1 7 0 5 0 10 0 8 0 4 0 
11 1 3 -1 3 -1 5 0 3 1 12 1 9 0 12 1 12 -1 1 1 5 1 11 1 11 -1 
10 0 2 0 10 0 12 1 1 1 0 0 12 1 8 0 8 0 10 0 9 0 3 0 10 0 
1 -1 12 -1 9 -1 1 1 3 1 1 -1 3 -1 11 -1 1 1 1 1 1 0 11 0 11 0 
9 0 12 0 6 0 10 0 7 0 4 0 11 0 2 0 3 1 7 0 2 0 0 0 10 0 
5 1 12 0 11 -1 12 1 12 -1 5 1 11 -1 5 1 9 0 11 -1 5 -1 5 -1 11 1 
9 1 12 0 7 0 11 1 1 1 12 0 3 1 9 0 5 0 9 1 7 0 11 0 3 0 
3 -1 11 -1 9 -1 1 -1 9 -1 9 0 3 -1 5 0 5 1 1 1 3 0 1 0 5 0 
8 0 4 0 7 0 12 1 12 0 7 0 10 0 1 1 7 0 8 0 10 0 0 0 1 1 
5 0 3 1 1 0 12 1 3 1 5 0 5 1 9 1 12 0 12 0 12 1 1 -1 9 0 
Language_93
13
0
1 3 4 7 8 10 12 
a b c d e 
11 1 4 0 0 0 1 0 5 0 3 0 6 0 7 0 6 0 9 1 5 1 8 0 11 0 
6 1 11 1 2 0 0 -1 2 -1 0 0 0 0 11 1 0 0 5 0 5 -1 11 0 2 1 
1 0 6 0 8 0 12 0 7 0 11 1 4 0 6 0 12 0 7 0 8 0 5 0 1 0 
6 -1 6 0 11 1 6 0 9 0 6 1 0 0 11 -1 2 1 11 1 6 -1 9 1 0 0 
12 0 10 0 12 0 8 0 10 0 2 1 3 0 7 0 5 0 6 0 11 1 10 0 5 1 
0 1 5 -1 6 1 5 1 0 -1 2 1 11 -1 6 -1 11 -1 5 1 9 -1 5 0 0 -1 
5 1 3 0 2 1 7 0 1 0 4 0 8 0 4 0 7 0 7 0 1 0 11 1 8 0 
11 0 0 -1 9 1 2 0 6 0 6 -1 5 -1 2 1 9 1 11 1 0 0 11 0 9 1 
3 0 3 0 8 0 0 0 0 0 12 0 12 0 8 0 5 1 10 0 5 0 1 0 5 0 
2 -1 5 -1 5 0 5 1 6 1 2 0 9 -1 0 -1 0 1 5 1 9 1 5 0 9 -1 
Language_94
13
0
0 7 8 9 12 
a b c d e 
7 0 6 0 12 0 6 0 9 0 3 1 9 0 1 1 8 0 7 0 12 0 1 1 1 1 
4 1 1 1 6 0 1 -1 4 -1 11 0 11 -1 6 0 10 1 2 1 5 0 6 0 10 0 
5 1 1 0 4 0 0 0 1 0 1 1 5 0 8 0 5 0 9 0 4 0 4 0 7 0 
6 1 3 1 10 0 6 0 6 -1 6 1 3 0 4 1 3 0 4 1 11 -1 11 1 10 1 
3 1 0 0 3 0 1 1 11 0 0 0 7 0 0 0 5 0 8 0 8 0 2 0 9 0 
11 -1 2 0 11 0 2 -1 1 -1 4 -1 3 0 6 1 3 -1 1 -1 4 0 4 0 5 -1 
3 1 4 0 8 0 12 0 2 1 5 1 1 0 3 1 7 0 3 0 9 0 5 0 10 1 
3 -1 6 -1 3 -1 6 1 10 1 11 0 10 -1 4 0 4 0 10 -1 10 0 4 1 6 -1 
9 0 0 0 7 0 4 1 8 0 8 0 9 0 11 1 10 0 11 0 0 0 10 1 7 0 
6 0 11 -1 1 1 3 0 3 1 10 -1 4 -1 3 0 2 -1 3 -1 3 0 3 1 5 0 
Language_95
13
0
2 6 8 
a b c d e 
2 0 2 0 5 1 9 0 9 1 11 1 9 1 4 0 9 1 6 0 4 0 11 0 2 0 
7 1 12 1 3 -1 11 1 3 1 9 1 3 0 1 0 7 1 12 0 4 1 12 1 1 1 
4 1 6 0 6 0 8 0 9 1 1 1 11 0 3 0 2 0 6 0 2 0 9 0 1 1 
12 0 5 0 4 1 5 1 0 -1 5 1 7 0 3 0 11 1 3 -1 10 -1 10 -1 9 0 
6 0 12 1 6 0 8 0 0 1 1 0 5 0 6 0 0 1 5 0 10 1 11 1 2 0 
3 1 0 -1 12 1 9 -1 7 -1 7 0 10 -1 9 -1 4 -1 7 1 4 1 0 1 12 0 
0 1 0 1 7 1 6 0 8 0 9 1 8 0 2 0 8 0 8 0 12 1 12 0 8 0 
5 1 11 0 7 -1 10 -1 12 1 1 -1 0 -1 10 -1 11 0 4 0 0 -1 1 1 4 0 
2 0 6 0 6 0 2 0 2 0 10 1 7 0 6 0 4 0 8 0 2 0 2 0 6 0 
5 1 10 -1 4 1 12 -1 12 -1 3 0 4 -1 1 1 9 1 5 1 7 0 3 0 7 0 
Language_96
13
0
1 3 5 6 7 8 9 10 12 
a b c d e 
2 0 12 0 6 0 5 0 6 0 1 0 8 0 10 0 8 0 3 0 11 0 1 0 0 0 
4 0 0 1 4 1 0 0 4 -1 4 0 4 0 2 0 11 0 4 1 11 -1 2 1 4 1 
0 0 5 0 2 0 6 0 12 0 8 0 7 0 5 0 6 0 10 0 8 0 2 0 9 0 
11 -1 2 0 4 1 11 0 4 0 11 -1 11 0 0 -1 4 1 2 1 0 -1 11 1 2 0 
8 0 8 0 9 0 11 0 6 0 1 0 0 0 12 0 8 0 6 0 1 0 10 0 3 0 
0 0 0 -1 11 0 4 1 0 0 2 -1 0 0 11 -1 11 1 0 1 2 0 4 0 4 1 
2 1 1 0 5 0 8 0 8 0 3 0 5 0 11 0 0 1 2 1 1 0 9 0 10 0 
2 0 11 -1 0 0 4 -1 4 0 0 0 11 0 2 1 0 -1 2 0 0 0 2 -1 11 1 
12 0 11 0 1 0 1 0 7 0 3 0 4 0 10 0 5 0 10 0 3 0 1 0 2 1 
2 0 2 0 0 -1 2 0 11 1 2 -1 0 1 2 -1 4 0 4 1 4 1 0 -1 4 1 
Language_97
13
0
2 5 6 9 11 12 
a b c d e 
6 0 5 0 9 0 9 0 3 0 8 0 0 0 9 0 6 0 10 1 12 0 11 0 12 0 
8 0 1 -1 8 -1 3 1 8 -1 4 0 4 0 10 -1 7 0 7 1 10 -1 0 -1 4 1 
6 0 5 0 2 0 4 0 11 0 4 1 7 1 6 0 8 0 2 0 10 1 7 0 7 0 
4 0 8 -1 4 1 4 0 0 0 0 0 4 0 10 0 8 0 8 0 10 1 4 0 8 -1 
6 0 11 0 11 0 12 0 12 0 12 0 9 0 8 1 5 0 4 0 8 0 11 0 7 1 
4 1 0 1 7 0 10 -1 8 1 10 1 8 -1 0 -1 4 0 8 -1 10 -1 8 1 1 0 
8 0 1 1 0 0 3 1 7 0 5 0 9 0 4 1 12 0 9 0 3 0 6 0 6 0 
10 -1 10 0 7 1 4 0 0 -1 10 1 3 1 8 -1 0 0 1 0 10 -1 7 1 10 1 
5 0 7 1 8 0 5 0 6 0 10 0 1 0 9 0 11 0 6 0 7 0 2 0 11 0 
4 0 3 1 0 0 8 -1 3 0 4 0 0 1 8 -1 4 -1 1 1 7 -1 10 0 4 -1 
Language_98
13
0
0 2 3 4 5 6 8 10 11 
a b c d e 
5 0 10 0 4 0 12 1 5 0 11 0 4 0 7 1 2 0 2 0 11 0 10 0 5 0 
7 0 7 -1 7 1 1 0 7 1 12 -1 9 1 7 0 12 0 9 1 1 -1 12 -1 9 0 
2 0 0 0 3 0 6 0 0 0 6 0 1 0 6 0 1 1 8 0 5 0 4 0 9 1 
1 -1 12 0 9 1 7 1 12 0 9 1 1 0 7 -1 12 1 12 0 9 0 12 1 9 -1 
12 0 11 0 0 0 12 0 7 1 11 0 7 0 10 0 1 1 1 1 5 0 10 0 0 0 
12 1 1 -1 7 1 12 -1 7 0 1 1 12 -1 12 1 12 -1 1 0 9 -1 1 -1 7 -1 
6 0 3 0 2 0 4 0 5 0 6 0 6 0 0 0 1 0 4 0 5 0 11 0 3 0 
7 1 1 0 7 0 12 -1 12 -1 9 1 7 0 1 -1 9 1 12 0 9 1 9 1 1 1 
0 0 12 0 0 0 7 1 10 0 11 0 11 0 6 0 7 1 3 0 8 0 1 0 10 0 
9 1 9 -1 9 -1 12 -1 12 -1 12 -1 12 0 7 1 12 0 1 -1 12 -1 7 0 7 -1 
Language_99
13
0
3 4 6 7 8 9 10 11 
a b c d e 
2 1 4 0 7 0 0 1 4 0 12 1 1 0 9 0 0 0 10 0 8 0 1 0 11 0 
0 1 5 -1 1 1 0 1 5 -1 0 -1 5 -1 5 -1 12 -1 1 0 0 0 5 1 2 0 
5 0 6 0 12 1 11 0 0 1 3 0 7 0 6 0 12 0 11 0 11 0 6 0 5 0 
1 0 5 1 5 0 1 -1 0 -1 1 1 5 0 5 0 2 1 1 -1 0 -1 12 1 0 1 
7 0 1 0 7 0 1 1 12 0 6 0 8 0 5 1 0 0 2 1 2 0 4 0 8 0 
0 1 5 0 0 1 2 1 12 0 5 1 2 1 5 0 1 0 5 0 12 1 5 1 2 -1 
8 0 12 1 8 0 1 0 2 1 5 0 6 0 3 0 5 1 5 0 4 0 9 0 0 0 
1 1 1 0 5 0 2 1 5 1 0 1 1 -1 12 -1 12 0 2 0 0 -1 12 1 1 1 
2 0 7 0 12 1 8 0 6 0 5 0 4 0 12 0 1 1 6 0 10 0 7 0 0 0 
0 -1 5 1 2 -1 2 -1 1 0 0 0 1 -1 5 1 1 1 5 0 5 0 5 1 12 0 
