100
Language_0
4
0
0 2 
a b c d e 
3 0 0 0 3 0 3 0 
1 -1 1 -1 3 1 1 1 
2 0 1 0 0 0 2 0 
1 0 3 0 3 0 1 -1 
0 0 2 0 3 1 0 0 
3 -1 1 1 3 1 1 1 
0 0 0 0 0 0 3 0 
1 1 1 0 1 0 1 -1 
0 0 3 0 2 0 2 0 
3 -1 3 -1 3 -1 3 -1 
Language_1
4
0
2 3 
a b c d e 
3 0 0 0 3 0 1 1 
0 1 1 1 1 -1 0 1 
0 0 3 0 1 1 3 0 
1 -1 0 -1 0 0 1 1 
1 1 2 0 2 0 1 1 
1 0 0 -1 0 -1 1 -1 
3 0 3 0 1 1 2 0 
1 1 1 -1 0 -1 1 1 
2 0 0 1 1 0 0 1 
0 0 1 -1 0 -1 1 1 
Language_2
4
0
0 3 
a b c d e 
2 0 2 0 2 0 1 1 
1 -1 1 0 1 -1 2 0 
0 0 0 0 2 0 0 0 
2 0 1 -1 1 -1 2 0 
3 0 1 1 3 0 0 0 
2 1 2 1 2 -1 1 0 
1 1 3 0 3 0 0 0 
2 -1 2 0 2 1 2 0 
2 1 0 0 2 0 3 0 
2 0 2 0 2 -1 1 -1 
Language_3
4
0
0 
a b c d e 
0 0 0 0 2 1 3 1 
3 1 3 0 1 -1 2 -1 
3 1 3 0 0 0 3 1 
2 1 1 0 1 1 2 -1 
2 0 2 0 2 0 0 0 
3 1 3 -1 2 0 3 1 
3 0 0 0 3 1 1 0 
1 1 3 -1 3 -1 3 -1 
1 1 0 0 1 1 0 0 
3 0 1 1 3 -1 3 0 
Language_4
4
0
0 1 2 
a b c d e 
3 1 1 0 2 0 1 0 
3 1 3 0 3 1 3 1 
1 0 0 0 3 1 2 0 
3 0 3 1 3 -1 3 -1 
1 0 3 1 3 1 3 1 
3 1 3 1 3 -1 3 -1 
3 0 3 1 1 0 3 0 
3 -1 3 0 3 1 3 1 
0 0 0 0 3 0 0 0 
3 0 3 1 3 0 3 1 
Language_5
4
0
0 
a b c d e 
1 0 2 1 3 1 3 1 
3 -1 1 1 1 1 1 1 
3 1 2 1 3 1 2 1 
1 -1 3 -1 3 0 3 -1 
3 1 3 0 1 1 2 1 
3 1 3 -1 2 -1 1 1 
0 0 1 0 3 1 1 0 
1 1 1 1 1 1 2 -1 
2 0 0 0 3 1 2 0 
2 0 2 0 1 0 1 1 
Language_6
4
0
0 3 
a b c d e 
2 1 2 1 2 1 3 0 
1 -1 1 -1 1 0 1 0 
3 0 2 1 3 0 0 0 
2 1 2 1 1 0 2 0 
1 0 3 0 2 0 1 0 
1 1 1 1 1 0 2 -1 
2 1 1 1 0 0 3 0 
1 0 1 0 1 1 1 1 
1 0 2 0 3 0 2 0 
1 0 1 -1 2 1 1 0 
Language_7
4
0
1 3 
a b c d e 
3 0 1 0 3 0 1 0 
2 -1 2 -1 0 1 2 0 
2 0 1 0 2 1 2 0 
0 1 0 -1 0 -1 0 -1 
1 0 3 0 3 0 3 0 
0 1 0 -1 0 0 2 -1 
2 0 2 0 2 0 0 0 
0 0 2 -1 2 1 0 1 
3 0 0 1 2 0 2 0 
0 0 0 -1 0 -1 2 0 
Language_8
4
0
0 3 
a b c d e 
1 1 3 0 1 1 2 1 
2 1 1 0 2 0 2 1 
3 0 0 0 0 0 0 0 
2 -1 2 0 1 -1 1 -1 
1 1 1 0 1 0 3 0 
1 0 2 0 2 0 2 0 
0 0 3 0 3 0 3 0 
2 1 1 1 1 -1 2 1 
1 0 0 0 3 0 0 0 
2 -1 2 1 1 -1 1 -1 
Language_9
4
0
0 1 2 
a b c d e 
1 0 1 0 0 0 2 0 
3 1 3 0 3 1 3 0 
3 1 2 0 3 0 3 0 
3 -1 3 0 3 0 3 1 
2 0 2 0 3 0 2 0 
3 0 3 1 3 -1 3 1 
1 0 0 0 2 0 0 0 
3 0 3 1 3 0 3 1 
3 1 1 0 1 0 1 0 
3 -1 3 0 3 0 3 -1 
Language_10
4
0
0 1 
a b c d e 
1 0 0 0 1 0 1 0 
3 0 2 0 3 1 3 0 
1 0 3 1 1 0 3 1 
2 1 3 0 3 0 2 1 
2 1 1 0 1 0 0 0 
3 1 3 0 2 1 2 1 
0 0 1 0 0 0 1 0 
3 1 3 -1 3 -1 3 0 
0 0 3 1 3 0 1 0 
3 1 2 0 3 1 3 -1 
Language_11
4
0
0 1 
a b c d e 
2 1 1 0 3 1 3 1 
2 1 2 0 3 1 3 -1 
1 0 3 1 2 0 2 0 
3 1 3 -1 3 0 3 1 
0 0 3 0 0 0 2 0 
2 1 3 0 2 0 2 0 
2 0 0 0 0 0 2 1 
3 -1 3 1 2 1 2 1 
0 0 1 0 0 0 0 0 
3 0 2 1 3 0 2 0 
Language_12
4
0
2 
a b c d e 
3 0 1 1 3 0 3 0 
3 1 3 1 3 -1 1 1 
1 1 1 0 1 0 1 1 
1 1 0 0 0 1 1 -1 
1 0 2 0 0 1 2 0 
3 -1 0 -1 0 -1 0 0 
3 1 3 1 1 1 1 1 
3 0 0 -1 3 1 3 -1 
1 1 1 0 3 0 3 1 
1 0 1 1 1 -1 0 1 
Language_13
4
0
0 1 3 
a b c d e 
3 0 1 0 0 0 0 0 
2 0 2 1 2 0 2 -1 
2 0 0 0 3 0 3 0 
2 -1 2 -1 2 -1 2 1 
0 0 0 0 3 0 2 1 
2 0 2 0 2 -1 2 1 
0 0 0 0 3 0 2 1 
2 1 2 1 2 1 2 1 
3 0 3 0 1 0 2 1 
2 -1 2 1 2 -1 2 0 
Language_14
4
0
2 
a b c d e 
1 0 1 0 3 0 2 0 
1 1 1 0 0 0 1 0 
1 0 3 1 3 0 2 0 
1 -1 3 -1 0 1 1 1 
3 0 2 0 1 0 3 1 
1 0 3 -1 3 0 1 -1 
3 1 3 0 0 1 0 1 
0 1 0 -1 0 1 0 -1 
3 1 2 0 0 1 1 1 
1 0 0 1 3 -1 0 0 
Language_15
4
0
0 2 3 
a b c d e 
1 1 2 0 2 0 3 0 
1 1 1 0 1 -1 1 1 
1 1 2 0 1 0 3 0 
1 1 1 1 1 1 1 1 
1 1 1 1 3 0 3 0 
1 0 1 1 1 1 1 1 
1 1 0 0 0 0 2 0 
1 -1 1 -1 1 1 1 0 
1 0 1 1 0 0 2 0 
1 -1 1 0 1 1 1 1 
Language_16
4
0
1 2 3 
a b c d e 
0 0 2 0 3 0 3 0 
0 0 0 1 0 0 0 1 
1 0 1 0 2 0 2 0 
0 0 0 0 0 1 0 1 
3 0 1 0 1 0 2 0 
0 1 0 0 0 -1 0 1 
2 0 2 0 1 0 3 0 
0 -1 0 0 0 -1 0 -1 
3 0 1 0 1 0 2 0 
0 1 0 1 0 -1 0 0 
Language_17
4
0
0 3 
a b c d e 
3 0 2 0 2 0 2 0 
1 0 2 1 2 0 2 0 
2 0 3 0 0 0 3 0 
1 -1 1 1 2 0 2 1 
3 0 2 1 0 0 0 0 
1 0 1 -1 1 -1 1 0 
0 0 3 0 1 1 2 0 
1 -1 1 -1 1 -1 2 0 
1 1 0 0 2 0 3 0 
1 -1 2 1 2 0 1 0 
Language_18
4
0
1 2 
a b c d e 
3 0 2 0 2 0 2 0 
0 0 0 1 0 -1 3 0 
1 0 0 0 2 0 2 0 
3 -1 0 0 0 1 0 -1 
1 0 1 0 1 0 1 0 
0 -1 3 -1 0 0 3 0 
3 1 3 1 3 0 3 0 
3 -1 0 0 3 1 0 1 
3 1 0 1 1 0 3 0 
0 1 0 1 0 1 3 1 
Language_19
4
0
1 
a b c d e 
3 0 1 0 3 1 1 0 
0 1 3 1 3 -1 0 0 
0 0 2 1 3 1 0 1 
0 -1 2 1 2 1 0 1 
1 0 3 0 2 1 3 0 
3 0 0 0 2 0 0 -1 
1 0 3 0 2 0 2 1 
2 -1 0 0 2 -1 2 0 
1 0 2 0 1 0 3 0 
2 -1 2 -1 0 1 3 -1 
Language_20
4
0
1 3 
a b c d e 
3 0 2 0 2 0 1 0 
2 1 2 0 0 -1 2 -1 
2 0 1 0 2 1 2 1 
0 -1 2 0 0 -1 0 1 
2 0 1 0 2 0 2 0 
0 0 0 -1 2 1 0 0 
2 0 0 1 3 0 1 0 
2 0 0 1 2 -1 2 0 
1 0 3 0 3 0 0 0 
0 0 2 1 0 -1 2 0 
Language_21
4
0
0 1 3 
a b c d e 
3 0 0 0 2 1 1 0 
2 1 2 -1 2 -1 2 1 
0 0 2 0 0 0 0 0 
2 0 2 -1 2 -1 2 -1 
2 0 1 0 1 0 0 0 
2 0 2 0 2 1 2 1 
3 0 0 0 0 0 1 0 
2 0 2 1 2 -1 2 -1 
2 0 2 1 3 0 2 0 
2 1 2 0 2 0 2 1 
Language_22
4
0
3 
a b c d e 
0 1 1 1 1 1 2 1 
0 -1 2 -1 1 1 0 -1 
0 0 1 0 1 0 1 1 
2 0 2 0 2 1 0 0 
1 0 1 0 1 0 1 0 
2 1 2 1 1 -1 2 0 
1 0 3 0 3 0 2 0 
2 1 2 -1 2 1 2 0 
1 0 1 0 2 0 3 0 
0 1 1 1 2 0 0 1 
Language_23
4
0
0 2 
a b c d e 
2 0 2 0 3 1 3 1 
3 0 1 1 3 -1 1 -1 
0 0 0 0 3 1 2 0 
3 0 1 -1 3 1 3 -1 
3 0 3 1 3 0 3 1 
3 1 1 -1 1 1 1 0 
1 0 0 0 0 0 2 0 
1 0 3 1 3 0 1 -1 
0 0 0 0 0 0 3 1 
1 0 3 -1 3 0 3 0 
Language_24
4
0
0 1 3 
a b c d e 
3 0 0 0 1 0 1 0 
2 -1 2 0 2 1 2 1 
0 0 2 1 2 0 1 0 
2 1 2 1 2 -1 2 0 
0 0 0 0 1 0 3 0 
2 -1 2 0 2 1 2 -1 
0 0 1 0 0 0 1 0 
2 -1 2 1 2 0 2 0 
1 0 1 0 0 0 2 0 
2 -1 2 1 2 -1 2 0 
Language_25
4
0
0 2 3 
a b c d e 
0 0 0 0 1 1 0 0 
1 -1 1 1 1 -1 1 -1 
0 0 0 0 2 0 1 0 
1 1 1 -1 1 -1 1 1 
3 0 2 0 0 0 2 0 
1 1 1 0 1 -1 1 1 
2 0 1 0 3 0 0 0 
1 -1 1 1 1 -1 1 1 
3 0 1 1 2 0 1 1 
1 0 1 0 1 -1 1 -1 
Language_26
4
0
0 2 
a b c d e 
3 0 3 1 3 1 0 0 
3 1 1 0 3 1 3 0 
1 1 1 1 1 1 2 0 
1 0 1 0 3 0 1 0 
3 0 1 0 1 1 0 0 
3 0 3 -1 1 0 3 -1 
3 1 1 0 2 0 3 0 
3 1 3 1 3 1 3 1 
0 0 0 0 0 0 0 0 
3 1 3 1 3 1 1 -1 
Language_27
4
0
0 3 
a b c d e 
0 0 3 0 3 0 2 1 
2 0 1 -1 1 1 1 0 
3 0 2 0 3 0 2 1 
2 -1 2 0 2 0 2 0 
3 0 3 0 2 0 3 0 
2 1 1 0 2 -1 2 -1 
1 1 3 0 2 1 2 1 
2 0 2 1 2 0 1 0 
2 0 3 0 2 0 1 1 
2 1 2 1 1 -1 2 1 
Language_28
4
0
1 2 
a b c d e 
2 0 2 0 0 1 2 0 
3 0 3 1 0 1 0 0 
3 1 3 1 2 0 3 0 
0 0 3 0 3 1 3 1 
1 0 2 0 2 0 3 1 
3 -1 3 -1 0 0 0 -1 
3 1 0 1 1 0 2 0 
0 -1 3 0 3 1 3 1 
1 0 0 0 2 0 0 0 
3 0 0 1 0 0 0 1 
Language_29
4
0
1 2 
a b c d e 
3 0 1 0 3 1 1 0 
0 0 0 0 0 0 3 -1 
2 0 1 0 0 0 1 0 
0 1 3 -1 3 0 0 1 
2 0 0 1 0 1 1 0 
3 1 0 -1 3 1 0 -1 
0 0 2 0 0 1 0 1 
0 1 3 1 0 0 3 0 
1 0 1 0 1 0 2 0 
0 -1 0 1 3 1 0 -1 
Language_30
4
0
0 1 2 
a b c d e 
1 0 1 0 1 0 2 0 
3 0 3 1 3 1 3 1 
2 0 3 1 3 0 3 0 
3 0 3 1 3 -1 3 -1 
2 0 1 0 3 0 0 0 
3 1 3 -1 3 1 3 -1 
1 0 0 0 1 0 0 0 
3 0 3 1 3 0 3 0 
0 0 2 0 2 0 1 0 
3 -1 3 1 3 -1 3 1 
Language_31
4
0
0 2 
a b c d e 
0 0 1 1 0 0 0 0 
3 -1 1 0 3 1 3 0 
2 0 3 0 2 0 3 1 
3 -1 1 0 1 0 1 1 
1 0 2 0 2 0 3 0 
3 -1 1 0 3 -1 1 0 
3 0 3 1 1 1 2 0 
3 0 3 1 1 -1 1 1 
0 0 0 0 1 0 2 0 
1 0 3 0 3 0 1 1 
Language_32
4
0
2 
a b c d e 
1 0 1 0 0 1 1 1 
1 -1 0 1 3 0 0 1 
0 0 2 0 0 1 2 0 
1 1 3 1 0 1 0 1 
3 1 0 1 0 0 2 0 
0 1 0 -1 3 1 1 0 
2 0 1 1 0 1 0 0 
1 0 3 1 1 0 3 1 
1 1 0 1 1 1 3 0 
1 -1 0 0 3 0 1 0 
Language_33
4
0
3 
a b c d e 
2 1 1 0 3 0 0 0 
0 -1 1 -1 2 -1 2 0 
1 1 0 1 1 0 1 0 
1 1 2 0 1 0 1 1 
2 1 3 0 2 0 1 0 
2 0 1 1 0 0 1 -1 
3 0 3 0 0 1 1 0 
0 -1 2 -1 1 0 2 0 
2 0 2 1 1 0 1 1 
0 0 1 0 1 -1 2 -1 
Language_34
4
0
0 
a b c d e 
2 1 3 1 1 1 3 1 
2 0 3 0 1 1 3 -1 
1 0 3 0 1 1 3 1 
3 -1 1 0 1 0 2 -1 
1 1 2 0 0 0 3 1 
3 1 3 -1 3 -1 2 0 
1 1 2 0 2 0 2 0 
2 -1 2 0 3 0 1 0 
3 0 1 1 1 0 2 0 
1 1 3 0 3 1 1 0 
Language_35
4
0
1 3 
a b c d e 
0 0 1 0 3 0 3 0 
2 -1 0 1 0 1 2 0 
1 0 3 0 0 0 1 0 
0 -1 2 1 0 1 2 1 
0 1 1 0 0 1 1 0 
2 1 0 1 0 0 0 1 
2 0 1 0 0 1 1 0 
2 -1 2 0 0 1 2 -1 
2 1 3 0 2 1 2 0 
0 -1 2 1 2 -1 2 0 
Language_36
4
0
1 
a b c d e 
1 0 0 1 0 0 0 0 
3 -1 2 1 3 0 0 1 
0 0 3 0 3 0 1 0 
0 0 0 1 0 -1 0 1 
3 0 1 0 0 1 2 0 
2 0 2 0 2 0 3 1 
0 1 0 0 1 0 3 0 
3 -1 2 1 2 -1 2 1 
1 0 1 0 2 0 2 0 
2 1 0 0 2 1 3 -1 
Language_37
4
0
0 1 
a b c d e 
1 0 1 0 2 0 0 0 
3 1 3 1 3 1 3 -1 
2 0 2 0 1 0 3 1 
3 -1 2 -1 2 -1 2 0 
0 0 0 0 3 1 0 0 
2 1 2 1 2 1 2 0 
0 0 3 0 2 1 1 0 
3 0 2 1 2 1 3 -1 
1 0 3 1 1 0 3 1 
3 -1 3 -1 2 1 2 0 
Language_38
4
0
2 3 
a b c d e 
2 0 1 0 1 0 0 1 
0 1 0 -1 1 -1 1 -1 
0 1 2 0 2 0 0 1 
0 0 1 0 0 1 1 -1 
2 0 0 1 2 0 0 1 
1 1 1 -1 1 1 1 -1 
0 0 1 1 3 0 3 0 
1 0 1 -1 0 1 0 -1 
3 0 3 0 2 0 0 1 
0 0 0 0 0 0 0 1 
Language_39
4
0
0 
a b c d e 
3 0 0 0 3 0 0 0 
2 -1 3 -1 1 -1 3 -1 
3 0 3 0 2 0 0 0 
3 -1 2 1 2 -1 2 -1 
3 0 1 0 0 0 3 0 
3 -1 1 -1 3 1 2 -1 
2 1 2 1 1 0 0 0 
2 1 2 -1 1 0 3 -1 
1 1 1 0 2 0 2 1 
1 1 3 1 2 0 2 1 
Language_40
4
0
0 
a b c d e 
0 0 0 0 3 0 0 0 
1 1 2 0 3 1 2 -1 
0 0 2 0 0 0 0 0 
1 -1 1 0 2 0 1 1 
2 1 3 1 1 1 3 0 
2 -1 3 1 2 -1 2 -1 
3 1 0 0 3 1 1 1 
3 0 3 1 3 0 3 1 
2 0 2 1 2 0 2 1 
1 -1 2 0 2 -1 1 0 
Language_41
4
0
0 2 3 
a b c d e 
1 1 2 0 0 0 1 1 
1 1 1 1 1 1 1 0 
0 0 3 0 3 0 1 0 
1 0 1 0 1 1 1 -1 
1 0 0 0 2 0 1 1 
1 1 1 -1 1 0 1 -1 
3 0 3 0 0 0 2 0 
1 0 1 1 1 1 1 -1 
2 0 3 0 3 0 1 1 
1 0 1 1 1 -1 1 -1 
Language_42
4
0
0 2 3 
a b c d e 
2 0 2 0 0 0 0 0 
1 1 1 0 1 -1 1 -1 
0 0 1 0 2 0 1 0 
1 1 1 -1 1 -1 1 1 
3 0 1 0 3 0 3 0 
1 1 1 1 1 1 1 1 
0 0 1 0 2 0 2 0 
1 1 1 -1 1 1 1 1 
1 1 1 0 3 0 2 0 
1 0 1 -1 1 1 1 1 
Language_43
4
0
1 2 3 
a b c d e 
3 0 1 0 2 0 0 0 
0 -1 0 -1 0 1 0 -1 
2 0 2 0 1 0 1 0 
0 -1 0 1 0 1 0 -1 
1 0 2 0 1 0 1 0 
0 -1 0 -1 0 -1 0 -1 
0 1 0 0 1 0 3 0 
0 -1 0 0 0 -1 0 1 
2 0 1 0 2 0 3 0 
0 0 0 -1 0 1 0 0 
Language_44
4
0
0 1 3 
a b c d e 
0 0 1 0 3 0 2 1 
2 -1 2 0 2 0 2 0 
2 0 2 0 3 0 3 0 
2 -1 2 -1 2 1 2 1 
2 1 1 0 3 0 0 0 
2 1 2 -1 2 -1 2 -1 
1 0 2 0 1 0 2 1 
2 -1 2 0 2 -1 2 1 
1 0 1 0 2 1 1 0 
2 -1 2 1 2 0 2 1 
Language_45
4
0
2 3 
a b c d e 
0 1 0 0 3 0 3 0 
0 -1 0 0 0 -1 0 -1 
2 0 2 0 1 1 2 0 
1 -1 0 1 0 0 0 1 
3 0 0 0 3 0 3 0 
0 -1 1 1 0 -1 1 0 
1 0 2 0 3 0 3 0 
0 0 0 -1 0 0 1 1 
3 0 1 1 0 1 2 0 
0 0 1 -1 1 0 1 -1 
Language_46
4
0
2 
a b c d e 
2 0 1 0 1 0 2 0 
3 0 1 1 0 1 0 -1 
3 1 0 0 2 0 3 1 
1 0 0 -1 1 0 3 -1 
1 1 1 0 3 0 0 1 
1 -1 0 1 3 0 0 0 
1 1 0 0 2 0 3 0 
3 0 3 1 0 0 0 0 
3 0 1 1 0 1 1 1 
1 0 3 0 0 -1 1 -1 
Language_47
4
0
0 3 
a b c d e 
0 0 2 0 3 0 3 0 
2 0 1 1 1 1 1 0 
1 0 2 1 2 1 3 0 
2 -1 2 0 1 0 2 0 
0 0 3 0 3 0 3 0 
2 0 1 1 2 0 2 -1 
0 0 1 1 1 1 0 0 
2 0 1 -1 2 0 1 1 
0 0 1 0 1 0 3 0 
2 0 1 0 2 -1 2 1 
Language_48
4
0
2 3 
a b c d e 
1 1 3 0 3 0 3 0 
0 0 1 -1 1 1 0 0 
3 0 0 1 3 0 0 0 
0 0 1 1 0 0 0 0 
3 0 0 0 0 0 3 0 
0 1 1 -1 0 1 0 0 
1 1 3 0 0 1 1 1 
0 0 1 0 0 -1 0 0 
0 1 1 0 3 0 2 0 
1 0 0 -1 0 -1 1 -1 
Language_49
4
0
1 2 3 
a b c d e 
0 1 0 1 1 0 0 0 
0 0 0 1 0 -1 0 1 
2 0 3 0 0 0 2 0 
0 0 0 0 0 -1 0 1 
0 1 0 1 0 0 0 1 
0 -1 0 -1 0 1 0 -1 
3 0 0 1 1 0 0 1 
0 0 0 -1 0 -1 0 1 
3 0 3 0 1 0 1 0 
0 1 0 1 0 0 0 0 
Language_50
4
0
2 3 
a b c d e 
3 0 1 1 2 0 2 0 
1 1 0 -1 1 1 1 1 
0 1 0 1 0 1 1 1 
0 1 0 0 0 0 1 1 
0 1 0 1 2 0 0 0 
1 0 1 0 1 1 1 1 
3 0 2 0 1 1 3 0 
1 1 0 1 1 1 0 -1 
0 0 0 1 0 0 2 0 
1 -1 0 -1 0 0 0 -1 
Language_51
4
0
0 3 
a b c d e 
2 0 3 0 0 0 0 0 
1 1 1 -1 2 1 1 -1 
0 0 2 0 2 0 1 1 
1 -1 2 1 2 0 2 -1 
2 1 3 0 1 1 0 0 
1 0 1 0 2 0 1 0 
2 0 1 1 1 1 0 0 
1 -1 1 0 2 0 1 1 
1 0 3 0 1 0 2 1 
1 -1 2 1 1 1 2 0 
Language_52
4
0
2 3 
a b c d e 
3 0 3 0 2 0 2 0 
1 1 0 0 0 1 1 1 
1 0 2 0 3 0 3 0 
0 1 0 0 1 1 1 0 
3 0 3 0 0 0 2 0 
0 1 0 1 1 0 1 1 
0 0 0 1 3 0 3 0 
1 -1 1 0 0 -1 0 1 
3 0 1 1 3 0 1 1 
1 -1 0 1 1 -1 0 0 
Language_53
4
0
2 
a b c d e 
0 0 0 1 0 0 2 0 
3 0 3 -1 0 0 3 1 
0 1 3 1 0 0 3 1 
3 1 1 0 0 0 3 0 
0 1 2 0 2 0 0 0 
1 0 1 0 0 0 3 -1 
3 1 3 1 3 1 1 1 
0 0 1 -1 3 -1 0 0 
2 0 3 0 0 1 2 0 
3 0 3 0 0 -1 3 1 
Language_54
4
0
1 2 
a b c d e 
2 0 1 0 3 1 3 0 
0 0 3 -1 3 0 0 1 
3 0 2 0 2 0 3 0 
3 1 0 1 3 0 0 -1 
0 0 0 1 0 1 0 1 
3 0 0 1 0 0 3 0 
1 0 2 0 1 0 2 0 
3 0 0 -1 3 -1 3 -1 
2 0 3 0 1 0 2 0 
0 -1 3 0 3 -1 0 -1 
Language_55
4
0
2 3 
a b c d e 
2 0 0 1 3 0 3 0 
1 0 0 0 0 -1 1 1 
3 0 0 1 0 1 0 1 
1 1 1 1 1 -1 0 0 
0 1 3 0 3 0 2 0 
1 0 1 1 1 0 1 1 
3 0 2 0 2 0 3 0 
1 -1 0 0 1 -1 0 0 
3 0 3 0 2 0 1 1 
1 -1 1 -1 1 0 0 1 
Language_56
4
0
1 2 3 
a b c d e 
1 0 3 0 2 0 3 0 
0 1 0 1 0 -1 0 0 
2 0 3 0 2 0 1 0 
0 0 0 -1 0 1 0 -1 
2 0 0 1 0 1 1 0 
0 1 0 -1 0 -1 0 1 
1 0 0 0 0 1 2 0 
0 0 0 -1 0 -1 0 1 
1 0 2 0 3 0 3 0 
0 0 0 0 0 -1 0 0 
Language_57
4
0
1 2 3 
a b c d e 
3 0 2 0 0 0 1 0 
0 0 0 -1 0 -1 0 -1 
3 0 3 0 0 1 3 0 
0 0 0 1 0 1 0 -1 
1 0 0 0 2 0 1 0 
0 1 0 -1 0 1 0 -1 
2 0 3 0 1 0 2 0 
0 1 0 -1 0 -1 0 -1 
0 0 3 0 0 0 1 0 
0 -1 0 0 0 1 0 -1 
Language_58
4
0
1 
a b c d e 
0 1 3 0 1 0 2 1 
0 1 3 1 0 0 3 0 
2 0 2 1 0 1 1 0 
0 1 0 -1 3 -1 0 1 
3 1 3 1 0 0 3 1 
0 0 3 0 2 1 0 -1 
2 0 0 1 3 1 2 0 
2 0 0 1 3 0 3 -1 
1 0 0 1 2 1 2 0 
2 0 0 1 2 0 0 0 
Language_59
4
0
0 
a b c d e 
3 0 2 1 1 1 1 1 
2 0 1 1 2 0 2 1 
0 0 0 0 3 1 1 1 
1 0 1 1 3 0 3 1 
0 0 0 0 3 1 2 0 
2 1 1 0 3 0 3 0 
3 1 0 0 2 1 2 0 
1 1 3 -1 3 1 3 1 
3 0 2 1 3 1 2 1 
1 -1 1 0 3 0 1 1 
Language_60
4
0
0 2 3 
a b c d e 
3 0 1 1 1 0 0 0 
1 1 1 1 1 1 1 -1 
3 0 2 0 2 0 1 1 
1 1 1 1 1 -1 1 0 
3 0 2 0 3 0 1 1 
1 1 1 0 1 1 1 -1 
1 0 3 0 1 0 3 0 
1 1 1 -1 1 -1 1 0 
0 0 2 0 1 1 2 0 
1 0 1 1 1 1 1 1 
Language_61
4
0
3 
a b c d e 
2 0 2 1 0 1 2 1 
0 1 1 0 1 -1 2 -1 
3 0 1 0 0 1 3 0 
0 -1 2 1 0 -1 2 -1 
3 0 2 1 3 0 0 0 
2 1 2 -1 2 0 0 0 
0 1 1 0 3 0 3 0 
2 -1 2 1 0 1 2 -1 
1 0 0 1 0 1 0 0 
1 -1 1 -1 1 -1 1 -1 
Language_62
4
0
2 3 
a b c d e 
2 0 2 0 0 0 0 0 
0 0 0 1 0 -1 1 0 
1 1 2 0 3 0 2 0 
1 1 1 1 0 1 1 1 
3 0 3 0 2 0 3 0 
0 1 0 0 1 1 0 -1 
0 1 1 0 3 0 2 0 
0 0 1 0 1 1 1 1 
2 0 1 1 3 0 0 1 
1 -1 0 0 1 -1 0 0 
Language_63
4
0
1 3 
a b c d e 
0 0 2 0 3 0 0 0 
2 -1 0 -1 0 0 0 -1 
1 0 1 0 1 0 1 0 
0 1 0 1 2 1 2 0 
1 0 2 0 3 0 2 0 
0 1 2 1 2 0 2 1 
2 0 1 0 2 1 3 0 
2 1 2 0 0 -1 0 0 
3 0 3 0 1 0 3 0 
0 1 0 -1 2 -1 0 -1 
Language_64
4
0
1 3 
a b c d e 
1 0 2 1 2 1 2 0 
0 0 2 1 0 1 0 -1 
2 1 3 0 3 0 0 1 
0 1 2 -1 2 1 0 -1 
2 1 2 1 3 0 0 1 
0 0 0 0 0 0 2 -1 
0 0 1 0 2 1 1 0 
2 1 2 0 2 -1 0 0 
3 0 2 1 3 0 2 0 
0 -1 0 0 0 -1 0 1 
Language_65
4
0
0 1 3 
a b c d e 
0 0 0 0 1 0 2 1 
2 0 2 1 2 -1 2 -1 
2 1 0 0 2 0 1 0 
2 0 2 -1 2 0 2 1 
3 0 3 0 1 0 3 0 
2 -1 2 1 2 0 2 -1 
1 0 3 0 2 0 3 0 
2 -1 2 -1 2 -1 2 -1 
0 0 1 0 3 0 2 1 
2 -1 2 0 2 0 2 1 
Language_66
4
0
1 2 3 
a b c d e 
1 0 1 0 2 0 0 1 
0 -1 0 0 0 1 0 0 
0 0 2 0 3 0 3 0 
0 1 0 1 0 0 0 1 
0 1 0 0 2 0 0 1 
0 1 0 1 0 0 0 1 
2 0 1 0 3 0 0 1 
0 1 0 -1 0 0 0 1 
1 0 3 0 2 0 3 0 
0 0 0 0 0 1 0 -1 
Language_67
4
0
0 1 2 
a b c d e 
0 0 3 1 3 0 0 0 
3 0 3 -1 3 -1 3 1 
2 0 2 0 0 0 0 0 
3 1 3 0 3 0 3 0 
2 0 3 1 2 0 3 0 
3 1 3 -1 3 -1 3 0 
2 0 3 1 1 0 2 0 
3 0 3 1 3 -1 3 0 
2 0 2 0 3 0 3 0 
3 -1 3 0 3 0 3 0 
Language_68
4
0
0 1 2 
a b c d e 
0 0 1 0 0 0 1 0 
3 -1 3 -1 3 -1 3 -1 
2 0 1 0 1 0 2 0 
3 1 3 0 3 -1 3 0 
1 0 1 0 2 0 0 0 
3 1 3 1 3 0 3 -1 
3 1 2 0 3 1 3 0 
3 -1 3 1 3 0 3 0 
1 0 2 0 3 1 2 0 
3 -1 3 0 3 0 3 0 
Language_69
4
0
1 
a b c d e 
3 0 3 1 0 1 1 0 
2 -1 2 -1 3 -1 0 0 
1 0 1 0 2 1 2 1 
0 0 3 1 3 -1 0 -1 
0 0 0 0 3 1 2 0 
3 0 3 -1 3 -1 3 -1 
1 0 2 0 2 0 3 1 
2 1 2 1 3 -1 2 1 
2 0 3 1 3 0 3 0 
0 -1 3 1 0 -1 3 -1 
Language_70
4
0
0 1 2 
a b c d e 
3 1 0 0 3 0 0 0 
3 -1 3 -1 3 0 3 1 
1 0 2 0 2 0 1 0 
3 0 3 1 3 0 3 0 
0 0 1 0 0 0 0 0 
3 -1 3 0 3 -1 3 0 
1 0 1 0 2 0 2 0 
3 0 3 1 3 0 3 -1 
3 0 3 1 1 0 0 0 
3 0 3 1 3 1 3 1 
Language_71
4
0
1 
a b c d e 
2 1 3 0 1 0 0 0 
2 -1 2 -1 3 0 3 0 
2 1 1 0 3 0 1 0 
3 1 0 -1 0 1 2 1 
2 1 3 0 1 0 3 0 
2 -1 2 0 2 -1 2 1 
1 0 0 0 0 1 2 1 
3 -1 2 0 3 1 2 0 
1 0 3 1 3 1 0 1 
3 1 0 -1 3 -1 2 1 
Language_72
4
0
0 1 2 
a b c d e 
0 0 2 0 2 0 0 0 
3 0 3 -1 3 -1 3 -1 
3 1 3 1 2 0 3 0 
3 -1 3 1 3 0 3 -1 
0 0 3 1 0 0 1 0 
3 -1 3 -1 3 0 3 -1 
0 0 1 0 3 0 3 0 
3 0 3 -1 3 -1 3 1 
2 0 2 0 0 0 3 1 
3 1 3 0 3 -1 3 1 
Language_73
4
0
1 2 3 
a b c d e 
1 0 2 0 2 0 3 0 
0 0 0 0 0 -1 0 1 
2 0 3 0 3 0 1 0 
0 -1 0 -1 0 1 0 0 
3 0 2 0 3 0 0 0 
0 0 0 1 0 0 0 1 
0 1 3 0 1 0 0 0 
0 -1 0 -1 0 0 0 0 
1 0 0 0 1 0 3 0 
0 0 0 0 0 1 0 0 
Language_74
4
0
0 1 
a b c d e 
2 1 3 0 1 0 3 0 
2 0 3 0 3 1 3 1 
3 0 3 0 2 1 2 1 
2 -1 2 0 3 1 3 1 
0 0 1 0 2 1 0 0 
3 0 2 0 2 0 2 -1 
0 0 1 0 3 1 3 0 
2 -1 3 0 2 -1 2 -1 
0 0 3 1 0 0 0 0 
2 -1 3 0 2 1 3 1 
Language_75
4
0
0 1 
a b c d e 
2 1 3 0 0 0 2 1 
2 0 2 0 3 0 3 -1 
1 0 0 0 2 1 3 0 
3 0 3 0 3 -1 3 0 
0 0 0 0 2 0 3 1 
3 0 3 -1 3 1 2 1 
3 1 3 1 1 0 2 1 
3 -1 2 0 3 1 3 -1 
3 1 0 0 0 0 3 0 
2 1 3 0 3 -1 2 -1 
Language_76
4
0
0 
a b c d e 
0 0 0 0 1 0 1 1 
3 0 3 0 1 1 3 1 
2 0 3 1 2 0 0 0 
3 0 3 0 3 -1 2 1 
3 1 3 1 2 1 2 1 
1 -1 2 -1 2 0 1 -1 
2 0 0 0 2 1 1 0 
2 -1 3 1 2 1 2 -1 
2 1 0 0 2 0 2 1 
1 -1 3 -1 1 1 1 0 
Language_77
4
0
2 3 
a b c d e 
2 0 1 1 3 0 2 0 
1 1 0 1 1 0 1 1 
2 0 3 0 0 1 0 1 
1 0 1 -1 0 0 1 1 
1 0 1 0 2 0 2 0 
1 -1 0 1 1 0 0 1 
2 0 1 0 3 0 3 0 
0 -1 0 0 0 -1 1 -1 
2 0 1 1 2 0 3 0 
1 0 0 -1 1 -1 0 -1 
Language_78
4
0
2 
a b c d e 
3 1 0 0 0 1 1 1 
0 1 0 -1 1 -1 0 1 
2 0 0 1 0 1 0 1 
0 -1 0 -1 1 0 3 -1 
3 0 0 0 0 1 0 0 
0 -1 1 -1 3 1 0 0 
2 0 3 0 3 0 0 0 
3 1 3 0 0 -1 0 0 
1 1 3 0 0 1 3 1 
0 1 3 -1 3 0 0 -1 
Language_79
4
0
2 3 
a b c d e 
2 0 3 0 1 0 2 0 
0 1 0 0 1 0 0 1 
2 0 1 0 1 0 2 0 
1 0 0 -1 1 0 1 1 
0 0 0 1 3 0 2 0 
1 1 0 -1 1 1 0 1 
0 0 1 0 0 0 0 0 
0 1 0 1 1 -1 1 -1 
1 0 3 0 3 0 1 1 
1 -1 1 1 1 0 0 0 
Language_80
4
0
2 
a b c d e 
1 1 1 0 0 0 0 1 
3 0 1 0 1 -1 3 1 
1 0 0 0 2 0 0 0 
1 1 1 -1 3 -1 3 1 
0 1 2 0 0 0 1 0 
3 -1 1 -1 1 1 1 1 
0 1 1 1 2 0 1 1 
1 1 0 -1 0 1 3 -1 
0 0 0 0 0 0 3 0 
3 1 0 0 0 0 0 -1 
Language_81
4
0
1 3 
a b c d e 
0 0 2 0 2 0 2 1 
2 -1 2 1 2 0 0 -1 
1 0 0 1 1 0 0 0 
0 -1 2 0 2 0 0 1 
3 0 3 0 0 0 0 0 
0 -1 0 1 0 1 2 0 
0 1 2 1 2 0 1 0 
2 0 0 0 0 1 2 0 
1 0 3 0 3 0 3 0 
0 1 2 -1 0 1 0 -1 
Language_82
4
0
1 3 
a b c d e 
3 0 0 0 2 1 0 1 
2 0 2 -1 0 -1 0 0 
0 0 3 0 0 1 0 1 
0 0 0 1 0 0 2 0 
0 0 0 0 1 0 3 0 
2 0 2 -1 2 0 2 1 
3 0 0 1 2 1 2 0 
2 0 2 0 2 -1 2 -1 
3 0 0 0 2 0 3 0 
2 0 0 -1 2 0 0 1 
Language_83
4
0
0 2 3 
a b c d e 
3 0 1 1 3 0 0 0 
1 -1 1 -1 1 0 1 0 
3 0 1 1 1 1 3 0 
1 -1 1 0 1 0 1 0 
2 0 2 0 3 0 0 0 
1 -1 1 -1 1 0 1 -1 
1 1 2 0 1 1 3 0 
1 1 1 1 1 -1 1 1 
3 0 2 0 0 0 0 0 
1 -1 1 -1 1 1 1 -1 
Language_84
4
0
0 3 
a b c d e 
2 0 1 1 1 0 1 0 
1 1 1 -1 1 0 2 -1 
0 0 0 0 1 1 0 0 
2 1 2 1 1 0 2 -1 
2 0 1 0 2 0 3 0 
1 -1 2 -1 2 1 1 0 
2 0 2 1 3 0 2 0 
1 0 2 1 1 -1 1 0 
2 1 2 1 3 0 2 1 
2 -1 1 -1 1 -1 2 0 
Language_85
4
0
1 
a b c d e 
2 1 1 0 2 0 2 1 
3 -1 2 0 2 -1 0 0 
2 1 3 0 3 1 0 0 
3 0 0 0 2 0 0 1 
2 1 2 1 1 0 3 1 
3 1 0 -1 0 -1 2 0 
1 0 2 1 1 0 1 0 
3 0 2 -1 2 0 3 0 
3 1 1 0 2 0 2 0 
3 0 2 1 2 0 2 -1 
Language_86
4
0
2 
a b c d e 
0 1 2 0 1 1 1 1 
1 0 0 0 1 0 3 0 
3 1 2 0 2 0 1 1 
1 0 3 -1 1 0 1 1 
2 0 3 0 2 0 3 0 
0 -1 0 0 0 -1 3 -1 
1 1 1 0 1 0 1 0 
1 -1 0 -1 3 1 1 -1 
3 0 0 0 2 0 3 0 
3 -1 0 0 3 1 0 -1 
Language_87
4
0
0 2 
a b c d e 
0 0 0 0 1 1 2 0 
1 0 3 -1 3 -1 3 1 
0 0 3 1 3 1 1 0 
1 -1 1 -1 3 0 1 -1 
1 0 3 1 1 0 1 1 
1 -1 3 1 1 0 3 1 
0 0 3 0 2 0 1 0 
3 0 1 1 1 -1 3 1 
1 1 2 0 3 1 3 0 
1 -1 3 0 3 0 3 -1 
Language_88
4
0
0 2 
a b c d e 
2 0 2 0 1 0 0 0 
3 -1 3 1 3 -1 1 -1 
3 0 3 0 2 0 2 0 
1 1 3 1 3 0 1 0 
3 1 1 0 0 0 2 0 
1 1 1 0 3 1 1 0 
3 0 0 0 0 0 1 0 
1 -1 1 1 3 -1 3 -1 
1 0 2 0 1 1 1 1 
1 1 3 -1 1 -1 3 -1 
Language_89
4
0
0 2 
a b c d e 
2 0 0 0 1 1 0 0 
1 -1 3 1 3 1 1 0 
2 0 2 0 1 0 3 0 
3 0 1 1 1 1 3 -1 
3 1 3 1 3 0 1 1 
3 -1 3 -1 1 -1 3 0 
2 0 0 0 1 1 0 0 
1 -1 1 -1 3 -1 1 1 
1 0 0 0 3 1 2 0 
3 -1 3 -1 1 -1 1 -1 
Language_90
4
0
0 2 
a b c d e 
2 0 2 0 2 0 0 0 
1 0 3 -1 3 -1 1 -1 
0 0 3 1 3 1 2 0 
3 -1 3 -1 1 1 1 0 
0 0 3 1 0 0 0 0 
1 0 1 1 1 -1 1 -1 
2 0 1 1 2 0 0 0 
3 1 1 0 1 1 3 0 
2 0 1 0 2 0 3 1 
1 -1 3 0 3 0 1 -1 
Language_91
4
0
2 3 
a b c d e 
3 0 1 0 1 1 3 0 
0 1 1 0 0 -1 1 0 
0 1 3 0 1 1 0 1 
1 1 1 -1 0 -1 1 -1 
0 1 0 1 0 0 2 0 
0 0 0 -1 0 1 1 0 
1 1 3 0 1 1 1 0 
1 1 0 1 0 -1 1 1 
3 0 0 0 1 0 3 0 
1 1 0 -1 1 -1 1 -1 
Language_92
4
0
3 
a b c d e 
0 1 2 0 2 1 2 1 
0 -1 0 0 0 0 0 -1 
0 1 3 0 2 1 2 1 
1 0 1 0 0 0 2 0 
3 0 0 1 2 1 0 0 
0 -1 1 0 0 0 0 -1 
0 0 2 1 1 1 1 1 
2 -1 0 1 2 1 0 -1 
2 1 0 0 2 1 3 0 
0 1 1 -1 0 0 0 -1 
Language_93
4
0
1 3 
a b c d e 
2 1 1 0 1 0 1 0 
0 1 2 1 0 -1 2 0 
3 0 1 0 2 0 1 0 
2 0 0 -1 2 -1 2 0 
2 1 0 1 0 0 3 0 
2 -1 2 0 0 0 0 1 
1 0 1 0 3 0 3 0 
0 1 0 0 0 1 2 0 
0 0 3 0 1 0 1 0 
0 0 0 0 2 0 0 -1 
Language_94
4
0
1 2 
a b c d e 
1 0 0 1 2 0 3 1 
3 -1 0 0 3 -1 0 1 
2 0 2 0 1 0 0 1 
3 -1 3 1 0 -1 3 0 
1 0 0 1 0 1 2 0 
3 -1 3 0 3 0 3 0 
0 1 1 0 1 0 2 0 
0 -1 0 1 3 1 3 -1 
1 0 1 0 2 0 2 0 
0 0 0 1 0 0 3 1 
Language_95
4
0
0 1 3 
a b c d e 
0 0 1 0 2 0 1 0 
2 0 2 0 2 1 2 0 
1 0 1 0 1 0 1 0 
2 1 2 0 2 1 2 1 
2 0 2 1 3 0 0 0 
2 0 2 1 2 0 2 1 
0 0 2 1 0 0 3 0 
2 1 2 -1 2 1 2 0 
3 0 1 0 2 1 0 0 
2 -1 2 0 2 0 2 1 
Language_96
4
0
0 3 
a b c d e 
2 1 0 0 3 0 0 0 
2 1 2 -1 1 0 2 1 
3 0 1 1 2 0 3 0 
1 0 1 0 1 -1 2 -1 
1 1 2 0 1 0 2 0 
2 -1 2 0 1 -1 1 1 
0 0 1 0 1 0 1 0 
1 0 2 -1 1 0 1 0 
3 0 3 0 2 1 0 0 
2 1 1 -1 2 0 1 1 
Language_97
4
0
0 2 3 
a b c d e 
0 0 1 0 2 0 2 0 
1 1 1 1 1 -1 1 0 
3 0 3 0 1 1 0 0 
1 -1 1 1 1 1 1 0 
3 0 1 0 2 0 0 0 
1 0 1 -1 1 -1 1 1 
2 0 0 0 3 0 1 0 
1 0 1 0 1 -1 1 0 
2 0 0 0 0 0 3 0 
1 -1 1 0 1 -1 1 -1 
Language_98
4
0
1 
a b c d e 
2 0 1 0 3 1 2 0 
0 1 3 0 0 -1 3 1 
2 0 1 0 0 1 2 0 
0 1 0 1 0 1 3 0 
3 1 0 1 1 0 1 0 
0 1 3 0 3 1 2 1 
2 1 2 0 0 0 2 0 
3 -1 3 0 2 0 2 0 
2 0 1 0 1 0 2 1 
0 0 2 -1 2 0 2 -1 
Language_99
4
0
1 2 
a b c d e 
0 0 3 0 2 0 3 0 
3 1 3 1 0 -1 3 1 
0 1 2 0 0 1 3 0 
3 -1 0 -1 0 1 3 -1 
2 0 2 0 0 1 0 0 
3 0 3 0 3 1 3 0 
3 1 0 0 3 0 2 0 
3 1 3 -1 0 0 0 0 
3 1 0 0 1 0 1 0 
3 0 0 0 3 -1 0 0 
