100
Language_0
7
0
0 1 3 4 6 
a b c d e 
6 0 1 0 0 0 0 0 6 0 0 0 1 0 
5 0 5 -1 5 -1 5 1 5 1 5 -1 2 0 
5 0 0 0 5 0 0 0 1 0 3 0 1 0 
2 -1 5 0 2 1 2 -1 2 0 5 0 5 0 
3 0 6 0 6 0 3 0 6 0 6 0 4 0 
5 0 2 0 2 -1 5 1 5 -1 2 1 2 1 
6 0 6 0 5 0 0 0 3 0 4 0 4 0 
5 1 2 -1 2 1 5 0 2 0 2 0 5 0 
0 0 4 0 1 0 6 0 4 0 2 0 5 0 
5 -1 5 1 5 1 5 1 2 1 5 -1 2 -1 
Language_1
7
0
1 3 4 
a b c d e 
6 0 4 0 1 0 2 1 4 0 4 0 0 0 
2 0 0 0 5 1 2 0 5 1 2 0 2 -1 
0 1 5 0 2 1 1 0 2 0 0 1 0 0 
2 0 5 0 2 -1 2 1 5 0 5 1 2 -1 
3 0 2 0 6 0 3 0 3 0 4 0 2 1 
0 -1 0 0 2 0 0 1 0 -1 5 0 2 -1 
1 0 0 1 2 1 2 1 0 1 5 1 2 1 
2 0 5 -1 2 1 2 -1 0 -1 5 0 5 -1 
2 1 6 0 3 0 6 1 2 1 5 1 6 1 
0 1 0 -1 0 0 5 1 0 1 2 0 5 1 
Language_2
7
0
0 1 4 5 
a b c d e 
6 0 6 1 0 0 1 0 3 1 4 0 0 0 
2 0 6 -1 6 -1 3 1 6 0 3 0 6 0 
4 0 0 0 3 0 1 0 6 0 2 0 3 0 
2 1 3 -1 3 0 6 -1 3 -1 3 0 3 0 
4 0 6 1 3 1 1 0 3 1 1 0 4 0 
6 -1 6 -1 3 1 3 1 3 0 2 -1 6 0 
5 0 4 0 2 1 1 0 6 1 1 0 4 0 
2 1 6 1 6 1 6 0 3 1 2 0 6 1 
4 0 0 0 5 0 1 0 6 0 5 0 5 0 
3 -1 2 0 3 -1 2 0 6 1 3 -1 6 0 
Language_3
7
0
2 4 5 
a b c d e 
1 1 5 0 3 1 3 0 3 1 6 0 1 1 
1 -1 6 0 3 1 1 -1 1 1 3 1 0 1 
5 0 4 0 3 0 1 1 0 1 2 0 1 0 
1 1 6 -1 3 0 1 -1 1 1 3 -1 6 -1 
3 0 2 0 6 1 4 0 6 1 4 0 4 0 
1 -1 1 1 1 0 1 1 1 0 1 -1 3 -1 
2 0 2 0 6 1 1 0 6 0 1 0 5 0 
6 0 6 1 6 0 1 0 6 0 3 0 3 1 
3 1 0 0 4 0 4 0 3 0 2 0 5 0 
6 -1 1 0 1 0 0 1 1 1 3 0 0 0 
Language_4
7
0
0 4 5 
a b c d e 
0 0 2 1 3 0 5 0 6 1 0 0 0 0 
2 1 1 0 2 0 6 1 3 -1 2 1 6 1 
3 1 2 1 5 0 0 0 1 1 5 0 5 0 
1 0 6 0 6 0 6 -1 1 1 1 0 2 -1 
6 0 2 1 1 1 0 0 5 0 6 0 4 0 
1 0 6 0 2 -1 6 0 3 -1 6 -1 1 -1 
2 1 5 0 2 1 3 0 0 0 0 0 1 0 
2 1 2 1 2 0 1 -1 1 1 2 -1 1 1 
0 0 2 1 2 0 2 0 6 1 0 0 6 1 
6 0 1 -1 2 -1 3 -1 2 0 1 0 3 -1 
Language_5
7
0
1 2 3 4 6 
a b c d e 
5 1 3 0 6 0 6 0 4 0 0 1 3 0 
5 1 0 0 5 1 0 -1 0 1 0 -1 5 -1 
5 0 3 0 1 0 1 0 6 0 5 0 1 0 
0 0 0 -1 0 0 5 1 5 -1 5 1 0 0 
5 0 5 0 3 0 3 0 6 0 2 0 0 1 
0 0 0 -1 0 -1 5 0 5 -1 5 0 5 1 
1 0 0 0 3 0 1 0 5 1 6 0 0 1 
5 0 5 -1 5 0 0 0 0 0 0 -1 5 1 
6 0 2 0 3 0 5 0 5 0 2 0 4 0 
0 -1 0 1 5 1 0 -1 5 0 5 -1 5 1 
Language_6
7
0
0 3 
a b c d e 
0 0 4 0 1 0 6 1 5 1 2 0 3 0 
2 -1 6 0 1 0 4 1 5 -1 4 -1 6 -1 
2 0 2 1 4 1 5 0 2 1 0 0 6 0 
6 1 4 0 6 0 2 -1 2 1 4 0 4 -1 
3 0 1 0 5 1 6 1 4 0 5 1 6 0 
5 -1 1 -1 2 0 4 0 2 0 2 -1 2 -1 
5 0 3 0 6 0 3 0 5 0 5 1 5 1 
2 1 6 0 5 -1 6 0 4 0 4 -1 2 1 
4 1 6 1 4 0 3 0 4 0 1 0 0 0 
1 1 2 0 1 0 5 0 5 0 2 0 5 -1 
Language_7
7
0
1 3 4 5 6 
a b c d e 
5 0 5 0 4 0 1 0 5 0 4 0 6 0 
2 -1 2 1 2 1 2 -1 2 0 0 -1 0 1 
2 0 5 0 3 0 3 0 1 0 5 0 0 0 
2 1 2 0 0 -1 2 -1 0 -1 2 -1 0 -1 
1 0 5 0 2 1 5 0 0 0 4 0 0 1 
0 -1 0 -1 2 1 0 1 2 1 2 1 0 -1 
4 0 3 0 3 0 0 1 5 0 1 0 3 0 
0 0 0 0 0 0 2 -1 0 1 2 -1 2 -1 
0 1 6 0 4 0 6 0 1 0 0 0 1 0 
2 0 0 -1 0 1 2 -1 0 -1 0 0 0 0 
Language_8
7
0
2 3 4 6 
a b c d e 
6 0 1 1 3 0 4 0 1 0 3 0 1 0 
0 0 0 0 1 1 0 0 1 -1 5 0 0 -1 
6 0 4 0 4 0 5 1 2 0 6 0 6 0 
0 0 0 -1 0 0 5 0 5 0 1 0 5 1 
2 0 2 0 2 0 5 1 0 0 6 0 6 0 
1 1 0 -1 5 0 1 1 0 -1 5 1 0 -1 
0 0 1 0 4 0 2 0 0 1 6 0 0 0 
5 1 1 1 5 1 0 -1 0 1 5 1 0 1 
2 0 6 0 4 0 3 0 0 0 1 1 1 1 
5 -1 1 0 5 -1 5 1 0 0 0 0 1 -1 
Language_9
7
0
0 1 2 3 
a b c d e 
2 0 5 0 3 0 5 0 4 0 1 0 0 0 
5 0 6 1 6 1 4 -1 6 -1 5 -1 4 1 
3 0 3 0 5 0 2 0 3 0 1 0 1 0 
4 -1 6 1 4 1 4 1 6 -1 4 0 4 -1 
0 0 3 0 4 1 0 0 5 0 5 0 1 0 
5 1 4 -1 6 1 4 0 4 1 5 -1 4 1 
0 0 6 0 0 0 2 0 6 0 0 0 1 0 
4 -1 4 -1 4 1 5 -1 6 0 4 0 5 1 
1 0 4 1 2 0 6 0 2 0 0 0 5 0 
6 0 5 0 4 0 6 1 6 0 5 0 4 1 
Language_10
7
0
2 4 5 6 
a b c d e 
6 0 3 0 1 0 1 1 1 1 0 1 4 0 
3 1 0 -1 3 -1 3 1 0 0 0 0 3 -1 
4 0 3 0 2 0 6 0 5 0 5 0 6 0 
3 0 3 1 0 0 1 -1 0 0 1 -1 0 1 
4 0 5 0 6 0 6 0 4 0 1 1 1 1 
1 -1 1 1 1 -1 1 -1 3 1 0 0 0 0 
2 0 0 1 2 0 5 0 0 0 5 0 4 0 
3 0 3 1 1 1 1 1 0 1 3 -1 3 0 
4 0 6 0 3 0 1 0 4 0 5 0 4 0 
3 1 3 1 3 1 3 1 1 -1 1 -1 1 -1 
Language_11
7
0
0 1 4 5 
a b c d e 
6 1 3 1 2 0 6 1 0 0 6 0 6 1 
6 0 3 -1 6 0 6 1 2 0 2 0 2 -1 
3 1 0 0 6 1 5 0 4 0 2 1 6 0 
3 0 3 0 6 0 6 0 2 1 6 -1 6 1 
1 0 5 0 1 0 4 0 6 1 2 1 4 0 
2 1 2 0 6 -1 2 1 3 -1 6 0 2 0 
0 0 6 0 1 0 4 0 4 0 5 0 4 0 
2 1 2 1 6 0 6 0 2 1 6 1 2 -1 
3 1 6 0 0 0 1 0 3 0 6 1 4 0 
3 0 3 1 6 -1 6 1 6 0 6 -1 3 -1 
Language_12
7
0
1 3 5 6 
a b c d e 
0 0 3 0 6 0 3 0 4 1 6 0 2 0 
2 1 4 -1 2 1 0 0 4 1 2 1 2 -1 
3 0 2 0 0 0 4 1 4 1 6 0 0 0 
2 0 0 1 0 1 4 1 4 0 4 0 4 0 
1 0 5 0 2 1 4 0 2 1 5 0 2 1 
2 1 2 -1 2 1 0 0 2 -1 0 1 2 1 
1 0 0 0 1 0 6 0 2 1 2 1 0 0 
0 1 4 1 4 1 4 1 0 1 2 0 2 1 
1 0 5 0 4 0 2 1 0 1 5 0 3 0 
2 -1 4 -1 4 1 2 0 2 0 2 1 4 1 
Language_13
7
0
1 2 3 6 
a b c d e 
6 0 2 0 4 1 6 0 4 1 6 0 3 0 
5 1 5 -1 4 0 4 1 5 1 5 -1 4 -1 
2 0 5 1 2 0 3 0 3 0 0 1 1 0 
5 0 0 0 5 0 5 0 0 -1 4 1 0 0 
2 0 1 0 3 0 4 0 2 0 4 0 3 0 
5 0 0 -1 4 -1 4 1 4 0 4 1 5 -1 
4 1 6 0 0 1 1 0 4 0 1 0 4 1 
0 -1 0 1 5 -1 5 -1 4 -1 0 0 0 1 
0 0 6 0 3 0 2 0 4 1 5 1 5 0 
5 1 5 0 4 1 5 -1 4 -1 0 1 0 -1 
Language_14
7
0
3 4 6 
a b c d e 
1 1 5 0 6 0 1 0 1 1 5 0 4 0 
1 -1 1 -1 0 1 2 1 1 1 2 -1 1 0 
3 0 0 1 2 1 4 0 1 1 4 0 3 0 
0 1 0 1 1 -1 5 -1 0 1 5 1 2 0 
3 0 6 0 6 0 0 1 3 0 3 0 6 0 
2 1 0 1 1 1 0 0 0 0 0 1 1 0 
5 1 2 1 5 1 2 1 6 0 4 0 1 1 
2 1 5 -1 2 1 0 -1 1 0 1 1 2 -1 
6 0 2 1 6 0 6 0 1 1 6 0 5 1 
2 0 1 -1 2 -1 2 -1 1 1 5 0 2 -1 
Language_15
7
0
3 
a b c d e 
6 1 2 1 6 0 0 0 4 0 6 1 6 0 
2 1 0 1 2 0 5 0 0 1 6 0 5 -1 
3 0 1 0 1 1 3 0 4 0 1 0 1 1 
4 0 6 1 5 0 1 -1 5 1 4 -1 2 0 
3 0 6 1 1 1 5 1 6 0 6 1 3 0 
1 0 1 0 1 -1 1 -1 6 1 1 -1 0 0 
3 0 5 0 0 0 3 0 0 1 4 0 4 1 
5 1 1 0 6 0 0 -1 2 1 6 -1 5 0 
3 0 1 0 0 0 6 0 3 0 4 1 3 0 
2 0 6 -1 6 0 6 1 2 1 2 -1 5 0 
Language_16
7
0
0 2 5 6 
a b c d e 
4 1 0 0 3 1 3 1 2 0 6 0 2 0 
4 -1 1 1 4 0 3 -1 1 -1 3 -1 4 0 
0 0 1 1 4 1 6 0 6 0 6 0 6 0 
3 1 4 0 4 -1 1 0 1 -1 1 -1 3 1 
4 1 4 1 2 0 3 0 2 0 3 1 3 0 
4 0 1 1 4 0 3 0 4 1 4 0 3 -1 
3 1 1 0 3 0 0 0 6 0 5 0 5 0 
3 -1 3 -1 4 1 4 1 4 0 4 -1 4 1 
6 0 0 0 6 0 4 1 0 0 1 0 4 1 
1 -1 4 -1 1 -1 3 1 4 0 4 -1 4 1 
Language_17
7
0
0 1 2 5 
a b c d e 
0 0 6 0 0 0 1 0 5 0 0 0 1 0 
3 1 3 1 4 1 3 0 3 1 4 0 4 1 
5 0 2 0 2 0 5 0 4 0 4 1 4 0 
4 0 4 1 4 0 6 -1 4 1 3 1 4 -1 
2 0 1 0 0 0 3 1 5 0 4 0 1 0 
4 1 3 0 6 0 4 1 3 1 6 -1 3 1 
3 0 2 0 6 0 1 0 0 0 6 0 1 0 
4 -1 6 0 6 1 4 -1 4 1 6 1 4 -1 
1 0 6 0 6 1 1 0 4 1 2 0 2 0 
4 0 4 1 4 -1 4 0 6 1 4 1 4 -1 
Language_18
7
0
0 1 2 5 6 
a b c d e 
0 0 4 0 2 0 0 0 3 1 1 0 1 0 
3 0 4 -1 4 -1 4 -1 3 0 4 -1 3 0 
3 1 2 0 0 0 3 0 5 0 2 0 3 0 
3 1 3 0 3 0 3 -1 3 1 4 0 4 0 
3 1 2 0 6 0 6 0 0 0 2 0 5 0 
4 0 4 1 3 1 4 -1 4 -1 4 1 4 1 
0 0 1 0 3 1 1 0 1 0 6 0 6 0 
3 1 3 1 4 -1 3 0 3 0 3 0 3 1 
6 0 3 0 2 0 2 0 5 0 5 0 6 0 
3 1 3 1 4 1 3 1 4 0 4 0 4 1 
Language_19
7
0
4 6 
a b c d e 
0 1 2 0 0 0 4 0 5 1 6 0 4 0 
3 -1 2 1 5 1 5 1 2 0 2 0 3 1 
1 0 3 0 0 1 3 0 2 0 6 0 1 1 
0 1 1 -1 2 -1 2 -1 1 1 1 0 2 1 
4 0 1 1 6 0 0 0 6 0 2 1 1 1 
3 0 0 -1 2 0 2 -1 2 1 0 -1 2 -1 
3 0 3 1 3 1 0 0 6 0 0 0 1 1 
5 1 1 -1 5 1 5 -1 1 0 3 -1 2 0 
5 0 3 1 4 0 3 1 2 0 6 0 1 0 
3 0 3 1 5 1 5 1 0 -1 5 0 0 1 
Language_20
7
0
1 2 3 6 
a b c d e 
6 0 0 0 0 0 2 0 2 0 3 0 5 0 
5 1 0 1 5 1 5 0 5 0 4 0 4 -1 
5 1 3 0 3 0 1 0 4 1 5 0 3 0 
5 1 4 -1 5 0 0 1 5 -1 4 -1 4 0 
1 0 3 0 0 0 4 1 3 0 1 0 5 0 
4 1 0 0 0 1 5 -1 5 0 4 1 5 -1 
0 0 5 1 3 0 5 1 5 1 4 0 4 1 
5 1 5 -1 5 1 4 1 4 -1 4 -1 0 1 
0 1 0 1 1 0 6 0 0 1 6 0 2 0 
5 1 5 0 5 -1 0 -1 0 0 4 0 0 1 
Language_21
7
0
0 2 3 5 6 
a b c d e 
0 0 4 0 2 0 4 1 4 1 2 0 3 0 
1 1 1 1 4 0 1 0 1 -1 1 -1 1 -1 
6 0 2 0 3 0 5 0 3 0 2 0 2 0 
4 -1 1 -1 1 -1 4 0 4 1 4 -1 4 1 
2 0 1 0 5 0 4 1 4 1 1 1 6 0 
4 1 1 -1 1 1 1 1 4 0 4 0 4 0 
3 0 1 0 5 0 2 0 3 0 0 0 3 0 
1 -1 4 0 4 1 4 -1 1 -1 1 -1 4 -1 
3 0 3 0 4 1 4 1 1 0 1 0 5 0 
1 -1 4 -1 4 0 1 1 1 -1 1 -1 4 -1 
Language_22
7
0
0 1 2 3 5 
a b c d e 
5 0 6 0 0 0 2 0 1 0 1 0 0 0 
4 -1 6 1 4 0 4 0 4 -1 6 -1 6 -1 
0 0 1 0 2 0 3 0 3 0 4 0 2 0 
6 0 4 1 4 -1 6 1 6 -1 6 0 6 -1 
4 1 5 0 2 0 3 0 1 0 4 1 0 0 
4 0 4 0 6 -1 4 0 6 0 6 0 4 -1 
5 0 2 0 6 0 2 0 2 0 6 1 2 0 
4 -1 6 -1 6 -1 6 0 4 -1 4 1 4 -1 
1 0 2 0 3 0 6 0 5 0 2 0 5 0 
6 1 4 1 6 0 4 -1 4 -1 6 -1 6 0 
Language_23
7
0
0 3 6 
a b c d e 
0 0 5 1 5 0 5 1 0 0 4 0 1 1 
2 -1 2 0 4 0 1 0 2 0 1 -1 4 1 
1 0 0 0 3 0 2 0 4 1 4 0 1 0 
4 1 1 -1 4 1 5 -1 5 1 5 0 4 0 
3 0 0 0 6 0 4 1 3 0 3 0 2 1 
2 1 1 -1 5 1 1 1 5 1 5 0 5 0 
4 0 2 0 0 0 3 0 4 0 1 0 3 0 
5 0 1 1 2 1 5 1 1 0 2 -1 5 0 
5 1 6 0 6 0 0 0 0 0 4 0 6 0 
4 0 4 -1 4 -1 5 1 2 -1 1 -1 5 0 
Language_24
7
0
0 2 3 
a b c d e 
2 0 2 0 3 0 3 0 6 1 3 0 5 0 
1 -1 1 1 5 -1 6 0 1 0 4 1 6 -1 
2 0 5 1 5 0 3 0 4 0 5 0 5 1 
4 0 4 1 6 0 1 -1 1 -1 6 -1 6 0 
4 0 0 0 1 0 3 0 1 0 5 0 4 0 
5 1 6 0 1 -1 4 1 5 -1 4 -1 5 -1 
3 0 4 1 2 0 5 0 3 0 0 0 6 0 
4 -1 4 0 4 -1 1 -1 4 -1 1 -1 6 1 
5 0 6 1 1 0 4 0 0 0 2 0 4 0 
5 1 6 0 1 1 4 -1 6 0 6 -1 5 0 
Language_25
7
0
0 4 
a b c d e 
1 0 6 1 6 0 5 1 2 1 4 0 1 1 
2 0 2 1 5 -1 6 -1 1 0 5 1 1 -1 
0 0 0 0 4 0 5 0 6 1 2 1 2 0 
6 0 3 0 3 1 6 1 5 1 5 1 1 1 
0 0 2 0 1 1 6 1 4 0 4 0 0 0 
5 0 6 -1 1 -1 5 1 5 1 6 1 3 1 
0 0 3 0 0 0 6 0 3 0 0 0 6 1 
5 0 3 1 6 1 5 -1 6 -1 2 1 1 1 
2 1 1 1 5 0 0 0 5 0 5 0 3 0 
2 1 6 0 5 1 1 1 3 0 1 -1 5 1 
Language_26
7
0
0 4 5 6 
a b c d e 
1 1 3 1 6 0 3 0 3 1 2 1 3 0 
2 -1 2 1 3 1 1 0 3 -1 1 0 2 0 
3 1 0 0 4 0 1 1 3 0 0 0 6 0 
2 -1 3 1 2 -1 2 -1 2 1 1 0 1 0 
1 0 2 0 2 0 5 0 6 0 1 1 1 1 
1 -1 2 -1 3 -1 1 0 1 -1 3 -1 3 0 
5 0 6 0 6 0 2 0 0 0 1 0 2 0 
3 1 3 1 2 1 1 -1 3 0 1 -1 2 -1 
6 0 6 0 1 0 6 0 5 0 5 0 0 0 
2 -1 2 1 2 0 2 0 2 1 1 -1 2 -1 
Language_27
7
0
2 3 6 
a b c d e 
1 0 4 1 0 1 1 0 0 1 1 1 2 0 
4 -1 5 0 5 1 4 -1 5 -1 4 1 0 0 
6 0 0 1 0 0 1 0 3 0 2 0 3 0 
1 1 1 1 4 0 4 1 5 0 1 -1 5 -1 
0 1 2 0 0 1 5 0 1 0 6 0 1 1 
4 0 4 1 4 0 1 1 0 1 0 0 5 1 
1 1 0 0 4 1 1 0 3 0 0 0 5 0 
5 0 0 0 4 1 0 -1 5 0 1 -1 1 1 
4 0 6 0 3 0 6 0 1 1 1 0 6 0 
5 0 1 -1 4 0 1 1 1 1 5 -1 4 0 
Language_28
7
0
2 3 4 6 
a b c d e 
2 0 1 1 3 0 1 0 1 1 0 1 1 1 
1 -1 0 -1 1 0 1 0 1 0 5 0 0 1 
5 1 5 1 2 0 6 0 1 0 5 1 0 1 
1 -1 1 0 5 -1 0 -1 5 0 0 -1 1 1 
5 1 1 1 3 0 4 0 1 1 6 0 0 1 
0 1 5 -1 5 0 1 -1 5 1 5 0 0 1 
4 0 1 1 2 0 1 1 6 0 4 0 4 0 
5 -1 0 -1 5 -1 1 1 1 -1 1 -1 0 0 
2 0 5 0 6 0 6 0 1 1 3 0 0 0 
5 1 0 -1 1 -1 1 -1 5 0 0 1 5 -1 
Language_29
7
0
0 2 3 5 
a b c d e 
2 0 0 0 1 0 4 0 2 0 6 1 3 0 
6 -1 6 1 4 0 4 1 1 0 6 0 4 1 
0 0 3 0 6 1 2 0 0 0 5 0 2 0 
4 -1 6 -1 4 -1 4 -1 1 -1 1 0 4 1 
0 0 6 0 2 0 5 0 2 0 6 1 6 0 
4 1 4 -1 4 -1 4 -1 1 -1 6 1 6 -1 
4 0 5 0 1 0 3 0 5 0 4 1 3 0 
4 0 4 1 4 1 6 -1 4 0 4 1 6 1 
2 0 0 0 6 0 5 0 6 1 3 0 0 0 
4 0 1 1 4 0 1 -1 1 -1 4 1 4 -1 
Language_30
7
0
1 3 5 6 
a b c d e 
5 0 4 1 5 0 0 0 3 0 4 1 3 0 
0 1 4 1 4 1 2 0 4 0 0 -1 4 0 
1 0 6 0 4 1 4 1 4 1 5 0 0 0 
2 0 2 0 0 1 2 0 0 -1 2 1 2 1 
5 0 0 1 5 0 3 0 4 0 2 1 2 0 
4 1 4 0 4 0 0 0 2 -1 2 -1 0 -1 
3 0 2 1 1 0 4 1 0 0 1 0 4 1 
2 0 2 0 0 -1 4 1 2 -1 0 1 0 0 
3 0 3 0 6 0 3 0 5 0 4 1 5 0 
2 0 2 1 0 0 4 0 4 1 4 1 0 1 
Language_31
7
0
3 4 5 6 
a b c d e 
4 0 3 0 3 0 1 1 6 0 1 1 5 0 
2 0 0 1 1 -1 1 -1 0 0 0 -1 2 -1 
3 0 2 1 5 0 6 0 3 0 6 0 3 0 
2 -1 2 0 1 0 1 1 0 -1 0 0 2 0 
5 0 5 0 3 0 2 0 5 0 4 0 4 0 
0 1 2 0 0 -1 2 1 1 -1 1 0 2 -1 
0 0 1 1 1 1 4 0 0 0 0 0 0 1 
0 1 0 1 2 -1 2 1 1 -1 1 1 1 -1 
2 1 4 0 5 0 2 1 1 0 1 1 3 0 
2 -1 0 -1 2 1 2 1 2 0 2 1 1 0 
Language_32
7
0
0 1 2 6 
a b c d e 
2 0 3 1 1 0 0 0 6 0 3 1 0 0 
3 -1 4 -1 5 -1 5 1 4 -1 4 0 4 1 
2 0 2 0 3 0 1 0 6 0 3 0 2 0 
3 0 3 1 5 0 3 -1 5 1 5 1 4 1 
2 0 4 1 5 1 4 1 1 0 0 0 0 0 
3 1 4 1 3 0 4 0 4 -1 4 1 4 1 
1 0 4 1 2 0 5 1 4 1 5 1 2 0 
4 0 3 1 5 0 4 1 5 0 4 0 4 1 
1 0 1 0 6 0 2 0 0 0 5 1 5 0 
4 -1 5 0 5 1 5 -1 3 1 5 1 5 0 
Language_33
7
0
1 3 4 5 6 
a b c d e 
1 0 1 0 0 0 3 0 6 0 0 1 4 0 
0 1 0 0 0 0 2 0 0 0 0 1 2 -1 
2 0 6 0 5 0 5 0 1 0 3 0 1 0 
0 1 2 0 2 1 2 1 0 1 2 1 0 -1 
3 0 1 0 5 0 6 0 6 0 4 0 5 0 
2 -1 2 -1 0 0 2 0 0 0 2 -1 2 0 
4 0 2 0 6 0 4 0 5 0 0 1 2 0 
2 -1 2 1 0 0 0 -1 0 0 2 -1 2 1 
4 0 4 0 0 1 1 0 1 0 0 0 1 0 
2 -1 0 -1 2 0 2 -1 0 -1 2 0 2 0 
Language_34
7
0
0 5 
a b c d e 
1 1 2 0 5 0 2 0 6 1 2 1 4 0 
4 0 4 -1 6 1 1 1 6 -1 2 -1 3 1 
6 1 5 0 5 0 0 0 0 0 0 0 2 0 
6 0 6 -1 2 1 4 0 3 -1 6 0 2 -1 
4 0 5 0 1 1 0 0 6 0 2 1 1 1 
2 0 1 0 6 1 6 1 6 0 2 -1 2 1 
6 1 6 1 3 1 5 0 5 0 3 1 5 0 
3 0 1 -1 3 1 3 0 3 1 6 -1 4 1 
3 0 2 0 3 0 2 1 2 0 1 0 5 0 
6 0 1 1 1 1 4 1 2 -1 4 -1 3 1 
Language_35
7
0
0 1 2 4 
a b c d e 
1 0 0 0 6 1 3 1 2 0 6 1 4 0 
5 1 5 0 5 -1 6 0 6 1 6 0 6 0 
3 0 5 0 3 0 3 1 6 1 6 0 5 1 
3 -1 3 0 6 -1 3 0 5 -1 6 1 5 -1 
3 1 2 0 1 0 1 0 1 0 4 0 4 0 
5 -1 3 0 6 1 6 -1 5 0 6 1 3 -1 
2 0 5 0 1 0 3 0 0 0 3 1 4 0 
6 1 6 -1 5 1 3 0 3 1 3 -1 3 0 
6 0 2 0 6 1 0 0 2 0 0 0 6 0 
3 1 5 0 6 1 3 1 6 1 3 0 3 1 
Language_36
7
0
2 4 5 6 
a b c d e 
3 1 3 0 0 1 2 0 0 1 6 0 0 0 
1 1 3 0 0 -1 0 1 1 1 3 -1 3 1 
3 1 0 0 1 1 6 0 3 0 0 0 2 0 
3 1 0 0 3 1 3 1 3 0 3 0 3 -1 
2 0 4 0 2 0 0 1 2 0 6 0 5 0 
1 -1 0 -1 0 1 0 0 0 -1 0 1 0 1 
6 0 6 0 1 0 5 0 2 0 4 0 1 0 
1 -1 3 1 0 0 3 -1 3 -1 1 1 0 -1 
4 0 6 0 2 0 3 1 3 0 0 0 2 0 
0 1 0 0 1 0 3 0 1 1 0 0 3 -1 
Language_37
7
0
0 2 3 4 5 
a b c d e 
2 0 3 0 3 0 6 0 3 0 2 0 4 0 
1 1 1 0 1 0 1 -1 1 0 1 0 6 1 
4 0 4 0 3 0 4 0 1 1 3 0 1 0 
6 1 1 -1 6 0 1 1 6 0 1 0 6 1 
3 0 4 0 2 0 1 0 0 0 5 0 0 0 
6 -1 6 1 1 -1 6 1 1 -1 1 0 6 0 
0 0 1 1 1 1 1 0 4 0 3 0 3 0 
6 0 6 1 1 1 1 1 6 0 1 1 6 1 
4 0 0 0 1 0 0 0 1 0 5 0 5 0 
6 -1 6 1 6 0 1 -1 6 1 6 0 1 0 
Language_38
7
0
2 3 4 5 
a b c d e 
3 0 1 0 2 0 2 0 1 1 5 0 2 0 
1 -1 6 -1 6 0 1 1 6 -1 0 -1 6 -1 
2 0 5 0 1 0 0 1 1 1 2 0 2 0 
0 0 1 -1 6 0 1 -1 6 1 1 -1 6 1 
2 0 1 1 2 0 4 0 4 0 6 1 5 0 
1 -1 6 -1 1 0 0 0 1 0 6 -1 0 -1 
3 0 1 1 2 0 5 0 3 0 4 0 6 0 
0 1 0 -1 0 0 1 1 0 1 1 -1 0 0 
5 0 3 0 5 0 6 1 4 0 3 0 0 1 
1 0 6 0 6 1 6 0 0 0 0 0 6 -1 
Language_39
7
0
0 2 3 6 
a b c d e 
5 1 2 0 5 1 1 1 3 0 3 0 5 1 
4 1 4 -1 5 0 1 -1 5 1 1 0 4 0 
0 0 3 0 4 0 0 0 1 1 4 1 1 1 
4 1 1 0 4 -1 5 0 4 -1 1 -1 5 -1 
0 0 3 0 5 1 4 1 4 1 5 0 1 0 
4 0 5 1 5 -1 5 0 4 0 4 -1 5 -1 
2 0 4 0 6 0 3 0 2 0 5 0 6 0 
1 1 4 -1 1 -1 1 0 5 -1 4 -1 4 1 
5 1 5 0 6 0 6 0 1 0 1 1 4 1 
4 0 4 1 4 1 5 0 4 1 4 -1 4 -1 
Language_40
7
0
2 3 4 6 
a b c d e 
3 0 5 1 1 1 0 1 6 0 5 0 6 0 
1 -1 0 1 0 -1 5 1 1 0 0 1 5 1 
6 0 1 0 1 0 2 0 1 1 4 0 0 1 
1 0 0 1 5 0 1 0 1 -1 5 0 1 0 
1 0 0 0 6 0 1 0 4 0 5 0 5 1 
1 -1 5 1 1 0 1 -1 0 1 1 -1 0 1 
4 0 5 0 4 0 2 0 1 0 0 0 2 0 
5 0 5 0 5 -1 5 0 0 -1 5 -1 0 0 
2 0 5 0 0 1 2 0 4 0 2 0 5 0 
0 -1 5 1 5 0 5 0 0 1 0 1 0 -1 
Language_41
7
0
5 6 
a b c d e 
0 1 0 1 2 0 0 1 1 0 1 1 5 0 
1 0 3 1 1 0 2 -1 0 1 4 0 1 0 
1 1 1 1 4 1 3 1 2 0 0 1 0 0 
1 -1 4 0 0 -1 1 -1 1 0 0 -1 0 -1 
5 0 3 0 6 0 3 0 6 0 4 1 6 0 
1 1 1 0 3 -1 3 -1 0 1 1 1 3 -1 
6 0 2 0 1 1 4 1 4 0 6 0 4 1 
3 -1 4 1 4 -1 4 -1 1 1 1 -1 3 1 
0 0 5 0 0 1 5 0 4 1 3 0 0 1 
2 -1 0 0 4 1 1 -1 2 1 1 0 3 1 
Language_42
7
0
2 
a b c d e 
6 1 0 0 4 0 3 1 5 0 0 1 3 0 
5 -1 5 1 4 0 5 -1 3 0 4 0 3 1 
5 0 5 1 2 0 1 0 4 0 0 1 1 1 
4 0 1 1 3 0 6 0 6 0 1 -1 3 0 
3 0 1 1 2 0 6 0 0 0 3 0 3 0 
1 1 3 0 4 1 5 0 0 1 6 1 0 0 
1 1 5 0 0 1 3 0 5 0 6 0 4 1 
4 0 6 -1 6 -1 6 1 0 1 6 1 4 1 
2 0 5 0 5 1 5 0 6 1 6 0 5 1 
3 0 6 -1 0 -1 3 1 3 1 0 1 5 0 
Language_43
7
0
3 4 5 
a b c d e 
3 0 6 0 6 1 3 0 6 0 2 0 6 0 
0 0 1 -1 1 1 2 -1 1 -1 2 0 1 1 
0 0 0 1 2 0 5 0 3 0 2 0 4 0 
0 -1 0 1 0 1 6 1 0 0 0 -1 1 0 
1 1 1 0 1 0 1 0 1 0 5 0 5 0 
1 1 2 0 1 1 6 0 2 -1 2 -1 2 1 
3 0 2 0 5 0 3 0 4 0 2 0 1 0 
6 1 1 1 1 1 0 1 6 0 6 -1 2 -1 
6 0 3 0 4 0 1 1 3 0 4 0 6 0 
6 1 0 1 2 -1 1 -1 6 1 2 1 2 0 
Language_44
7
0
2 4 6 
a b c d e 
3 1 6 0 5 0 5 1 2 0 0 0 6 0 
0 1 3 1 5 0 1 1 0 0 5 1 0 0 
1 0 0 0 1 1 3 0 6 0 2 0 3 0 
1 0 5 0 1 1 1 -1 1 0 0 1 1 -1 
6 0 0 0 3 1 5 0 4 0 3 1 4 0 
0 -1 0 1 5 0 5 0 3 1 3 1 3 0 
0 1 0 0 1 1 5 1 6 0 0 1 5 0 
3 -1 3 1 1 0 0 1 3 0 5 1 1 -1 
6 0 6 0 2 0 4 0 3 0 6 0 6 0 
1 0 1 -1 0 -1 0 1 5 0 5 -1 0 0 
Language_45
7
0
2 3 4 6 
a b c d e 
4 0 2 0 1 0 1 0 5 1 1 0 2 0 
0 1 1 1 5 0 0 1 5 -1 5 1 0 1 
0 1 2 0 4 0 3 0 1 1 1 1 5 0 
1 -1 1 0 0 1 0 0 5 -1 0 1 0 -1 
0 0 3 0 6 0 5 0 0 0 4 0 5 1 
1 0 1 0 5 1 5 0 0 0 1 0 1 0 
2 0 5 0 1 0 0 0 4 0 1 1 3 0 
0 -1 0 -1 0 0 5 0 1 0 1 -1 5 1 
0 1 5 1 0 0 4 0 0 1 0 0 0 0 
5 1 5 0 1 1 5 0 1 0 1 -1 0 1 
Language_46
7
0
0 1 3 
a b c d e 
5 1 0 0 3 0 4 1 1 0 4 0 2 0 
5 1 2 1 6 0 5 0 2 0 2 1 6 1 
6 1 2 0 0 0 4 0 1 0 6 1 6 0 
2 1 2 0 5 0 5 1 6 -1 4 -1 5 0 
1 0 3 0 3 0 1 0 4 1 1 0 4 0 
5 0 6 1 6 1 2 1 6 1 5 -1 4 -1 
0 0 3 0 6 0 0 0 1 0 1 0 6 0 
6 1 6 1 5 0 5 0 4 1 2 0 2 -1 
5 1 6 1 6 0 4 1 5 0 0 0 0 0 
2 -1 6 -1 6 1 6 0 6 -1 2 1 5 1 
Language_47
7
0
5 
a b c d e 
4 1 3 0 0 0 4 0 6 0 5 0 4 1 
6 -1 2 1 6 -1 2 1 1 -1 6 1 2 0 
4 0 4 1 1 1 6 0 5 0 5 0 2 1 
6 -1 6 0 1 1 1 0 3 -1 3 -1 4 1 
2 1 4 1 1 1 1 0 2 0 5 0 2 1 
6 0 3 0 1 0 0 -1 1 0 2 0 1 1 
4 1 3 0 4 1 1 1 3 1 4 1 6 0 
4 1 6 -1 3 -1 4 0 3 -1 3 0 2 0 
6 0 2 1 2 1 2 1 2 0 6 0 4 0 
1 0 6 0 3 0 1 1 0 1 6 0 3 1 
Language_48
7
0
2 3 4 
a b c d e 
3 0 0 0 1 0 3 0 1 1 2 0 5 0 
6 1 5 0 1 0 0 1 6 -1 5 0 1 1 
5 0 5 1 1 1 0 0 5 0 5 0 6 0 
1 0 1 0 6 1 5 -1 6 -1 6 -1 1 0 
6 1 0 1 5 1 5 1 5 0 2 0 3 0 
0 -1 5 -1 6 0 0 1 1 0 1 -1 0 1 
6 0 5 0 2 0 4 0 0 0 0 1 4 0 
6 -1 5 -1 5 0 1 -1 1 0 0 -1 1 1 
6 1 3 0 5 1 5 1 1 0 1 1 0 0 
5 1 6 -1 6 0 6 1 1 0 5 1 1 1 
Language_49
7
0
4 5 6 
a b c d e 
3 0 1 1 4 0 0 0 3 1 0 0 0 1 
0 -1 1 1 3 -1 0 -1 2 -1 3 0 2 0 
0 1 4 0 1 1 6 0 1 0 5 0 2 0 
3 -1 0 -1 3 1 2 -1 2 0 3 1 2 -1 
3 0 6 0 2 0 6 0 1 0 0 0 5 0 
2 0 1 0 3 1 1 1 0 1 2 0 2 -1 
3 0 5 0 4 0 5 0 6 0 5 0 1 0 
3 0 1 0 3 1 2 1 0 0 3 1 1 -1 
0 1 4 0 6 0 4 0 6 0 5 0 1 1 
2 -1 0 -1 2 -1 1 0 3 0 0 -1 0 -1 
Language_50
7
0
1 2 3 4 5 
a b c d e 
3 0 3 0 6 0 1 0 5 0 2 0 4 0 
0 -1 0 -1 6 1 6 1 0 1 0 0 0 1 
1 0 4 0 2 0 1 0 0 0 0 1 4 0 
0 1 6 -1 0 -1 6 1 6 1 6 -1 6 -1 
2 0 6 1 1 0 4 0 2 0 3 0 2 0 
0 0 0 1 0 -1 0 0 0 -1 6 1 6 1 
2 0 0 1 3 0 1 0 2 0 5 0 4 0 
0 1 0 -1 6 -1 0 -1 0 1 6 -1 0 1 
4 0 4 0 2 0 1 0 2 0 5 0 0 0 
0 -1 0 1 0 1 6 1 6 0 6 1 0 1 
Language_51
7
0
6 
a b c d e 
6 0 3 1 6 0 1 1 5 0 3 1 1 0 
0 1 4 0 3 -1 0 1 4 -1 2 -1 2 0 
4 1 2 0 5 1 5 1 2 0 6 0 6 0 
4 1 4 1 1 -1 3 0 1 0 4 0 2 1 
5 0 4 1 2 1 5 0 0 0 1 0 1 1 
1 0 0 1 1 1 5 0 3 1 4 0 2 1 
1 0 3 0 0 1 3 1 6 0 2 0 0 0 
3 0 5 0 0 -1 2 0 3 1 5 0 1 0 
2 1 2 0 6 0 5 1 1 1 2 0 6 0 
0 -1 0 1 2 0 3 -1 4 -1 5 0 0 1 
Language_52
7
0
1 2 4 
a b c d e 
0 1 2 0 1 0 2 0 0 1 3 0 4 0 
6 0 3 -1 3 -1 5 1 6 -1 5 -1 3 1 
3 0 6 0 0 0 1 0 4 0 5 0 6 1 
6 -1 3 1 3 -1 6 1 6 1 3 0 3 1 
5 1 2 0 5 0 5 1 3 1 5 1 5 0 
5 1 3 1 0 -1 3 0 5 1 6 0 5 0 
0 0 6 1 0 1 0 0 4 0 1 0 2 0 
5 0 5 0 3 -1 0 0 6 0 0 -1 5 1 
4 0 6 1 0 1 2 0 3 0 1 0 5 1 
6 -1 0 1 3 0 6 0 0 1 3 -1 6 1 
Language_53
7
0
0 2 3 4 5 
a b c d e 
4 0 6 0 3 0 1 1 2 0 1 1 5 0 
6 1 1 -1 6 -1 6 1 6 0 1 1 1 0 
5 0 3 0 5 0 0 0 3 0 1 0 4 0 
6 0 6 -1 1 1 6 -1 1 -1 1 0 6 0 
1 1 3 0 5 0 0 0 5 0 1 0 4 0 
6 1 6 1 6 -1 6 -1 6 1 1 1 1 -1 
2 0 2 0 3 0 1 1 4 0 1 0 5 0 
1 0 1 0 1 -1 1 -1 1 1 6 -1 6 -1 
2 0 3 0 0 0 6 1 2 0 2 0 5 0 
1 1 6 0 1 1 1 -1 6 0 6 1 1 0 
Language_54
7
0
5 6 
a b c d e 
1 1 2 0 3 1 3 1 2 0 5 0 0 1 
0 0 0 1 3 1 3 0 2 1 2 -1 2 0 
2 1 1 0 1 0 2 0 1 0 4 0 0 0 
4 0 3 1 3 1 1 0 4 -1 3 -1 1 1 
1 1 3 1 3 1 4 1 4 0 1 1 1 0 
0 -1 1 0 0 -1 4 -1 0 1 4 -1 3 -1 
6 0 5 0 6 0 6 0 5 0 1 1 4 1 
2 -1 4 1 3 0 4 -1 0 1 4 1 0 1 
3 0 2 0 2 0 2 0 1 1 5 0 1 1 
0 1 4 0 3 -1 2 0 4 1 2 1 1 -1 
Language_55
7
0
3 
a b c d e 
4 0 5 1 3 0 5 0 0 1 2 1 0 1 
1 1 5 1 0 1 4 -1 2 -1 4 0 1 -1 
3 0 6 0 3 0 4 1 4 0 4 1 1 0 
1 -1 2 1 1 -1 5 1 1 0 5 0 2 1 
1 0 3 0 4 0 0 0 3 0 4 0 4 0 
2 0 5 0 2 0 5 0 5 -1 0 0 2 -1 
4 0 5 0 6 0 0 1 6 1 0 0 5 0 
6 0 5 1 2 1 5 0 4 0 2 -1 0 -1 
3 0 3 0 0 0 2 0 2 1 1 0 2 1 
2 0 1 -1 2 1 0 0 2 0 1 0 1 -1 
Language_56
7
0
3 4 
a b c d e 
2 1 6 1 3 0 6 1 0 1 5 0 3 0 
5 -1 0 0 6 1 1 1 0 0 6 0 1 0 
3 0 0 1 3 0 1 0 5 1 3 0 3 0 
0 1 1 -1 2 -1 1 1 1 -1 6 0 0 1 
3 0 1 1 5 1 5 0 5 0 5 0 6 1 
5 1 6 0 5 0 1 1 2 -1 5 0 5 -1 
4 0 1 0 4 0 6 1 6 0 3 0 0 1 
2 0 6 1 0 1 0 -1 0 1 1 -1 6 1 
4 0 5 0 6 0 5 0 5 1 2 0 5 1 
5 -1 6 0 6 0 6 1 2 0 5 0 2 1 
Language_57
7
0
0 2 5 6 
a b c d e 
1 0 4 1 6 0 3 0 4 1 1 1 6 0 
3 -1 4 1 3 1 1 -1 3 1 1 1 4 1 
4 0 2 0 3 0 0 0 4 1 5 0 1 0 
1 -1 4 0 3 0 3 -1 3 -1 4 1 1 0 
3 0 0 0 1 1 4 1 0 0 4 1 0 0 
3 -1 4 1 3 1 4 1 1 1 1 -1 3 0 
1 0 6 0 0 0 1 1 4 1 4 1 6 0 
3 1 3 1 3 0 3 1 4 -1 3 0 3 1 
4 0 6 0 5 0 2 0 2 0 1 0 6 0 
3 -1 3 -1 4 -1 4 1 3 0 3 0 4 0 
Language_58
7
0
2 
a b c d e 
1 1 5 0 2 0 4 1 4 0 0 1 5 0 
1 1 6 0 5 1 1 -1 4 1 1 1 3 1 
5 1 0 1 0 1 2 0 5 0 1 0 1 0 
1 0 0 0 3 1 5 1 0 1 6 0 6 0 
3 0 2 0 1 1 5 1 1 0 2 0 2 0 
1 1 5 1 6 -1 3 1 6 0 0 1 0 -1 
4 0 1 1 3 1 0 1 3 1 1 0 4 1 
1 -1 1 1 4 1 6 0 3 0 4 0 1 1 
1 1 6 0 2 0 0 0 4 1 4 0 1 1 
1 1 5 1 0 -1 5 1 6 1 5 -1 3 0 
Language_59
7
0
2 3 5 6 
a b c d e 
3 0 4 1 3 0 4 0 1 0 3 0 0 1 
0 1 4 0 0 1 1 0 1 -1 0 0 4 0 
1 0 1 1 6 0 1 0 4 0 0 1 5 0 
0 -1 4 0 1 1 1 0 4 0 1 0 4 -1 
3 0 3 0 6 0 5 0 5 0 2 0 5 0 
1 0 0 1 1 -1 0 -1 1 -1 4 0 4 0 
1 0 6 0 2 0 1 0 4 1 6 0 4 0 
0 1 1 1 0 0 0 1 0 -1 0 -1 0 1 
2 0 5 0 5 0 5 0 1 0 0 0 1 0 
1 -1 4 -1 0 1 0 0 4 1 4 1 0 1 
Language_60
7
0
1 5 6 
a b c d e 
3 0 3 1 2 1 0 0 0 0 4 1 0 1 
0 0 2 -1 3 1 3 -1 0 -1 0 1 2 0 
2 1 6 0 0 1 2 1 1 0 5 0 5 0 
3 0 0 0 2 -1 2 1 3 1 3 1 3 -1 
2 0 5 0 1 0 1 0 0 1 1 0 1 0 
4 0 2 0 4 -1 2 -1 0 -1 0 0 4 0 
0 0 0 1 2 1 2 1 5 0 6 0 6 0 
0 -1 0 0 3 -1 2 1 4 1 2 1 2 0 
4 1 5 0 4 1 4 0 3 1 0 0 1 0 
3 0 2 1 2 -1 4 -1 2 0 3 0 3 1 
Language_61
7
0
0 2 5 
a b c d e 
5 0 5 0 2 0 6 1 0 0 2 0 1 0 
1 1 6 1 1 -1 1 -1 4 -1 6 0 1 -1 
0 0 2 0 4 0 3 0 3 1 5 0 6 1 
3 0 6 0 4 0 4 -1 1 1 3 1 4 1 
1 0 1 1 5 0 0 0 3 1 4 0 2 0 
4 -1 4 0 1 0 6 1 4 -1 3 -1 6 -1 
0 0 5 0 0 0 3 1 6 0 0 0 3 0 
3 -1 4 1 3 1 3 -1 3 -1 6 0 3 -1 
5 0 2 0 4 0 6 0 2 0 6 1 2 0 
4 -1 4 -1 4 1 4 -1 1 -1 6 0 6 0 
Language_62
7
0
6 
a b c d e 
6 0 2 1 0 0 3 0 6 0 0 0 4 1 
5 1 2 -1 4 1 5 0 5 1 4 -1 2 0 
0 1 4 0 1 1 2 1 3 0 6 0 2 1 
3 -1 5 0 4 -1 2 0 2 1 0 0 0 0 
5 0 3 1 5 1 3 1 4 0 1 0 5 1 
1 1 2 1 5 -1 3 0 2 1 2 1 5 -1 
1 1 2 1 6 0 1 1 2 0 3 1 5 1 
4 1 3 -1 5 0 0 -1 0 1 0 -1 0 0 
4 1 0 0 2 1 6 0 3 0 4 0 1 0 
4 0 2 0 2 -1 0 -1 3 1 1 0 3 -1 
Language_63
7
0
2 3 
a b c d e 
2 0 6 0 4 0 0 1 3 0 0 0 3 0 
1 0 5 -1 4 -1 4 1 0 0 0 -1 4 -1 
5 0 2 0 3 0 0 1 1 1 3 0 1 0 
5 0 4 0 0 0 0 1 4 1 5 1 4 0 
3 0 5 0 3 0 2 0 1 0 3 0 0 0 
1 -1 4 0 5 -1 5 1 5 -1 5 -1 6 -1 
6 0 0 0 2 0 3 0 6 1 6 1 1 0 
4 1 4 -1 6 -1 4 0 0 -1 6 -1 0 0 
6 1 5 0 2 0 4 0 3 0 1 1 1 0 
6 -1 4 -1 4 -1 6 -1 4 0 1 0 0 -1 
Language_64
7
0
0 1 2 4 5 
a b c d e 
6 1 1 0 1 0 2 0 1 0 3 0 3 0 
6 1 6 0 6 1 3 -1 3 -1 3 1 3 -1 
1 0 3 0 5 0 0 0 3 1 0 0 2 0 
6 0 3 -1 3 0 3 -1 3 -1 6 -1 3 -1 
0 0 4 0 3 1 4 0 2 0 0 0 3 1 
6 1 3 1 6 -1 6 -1 6 -1 3 -1 6 1 
2 0 5 0 3 1 2 0 1 0 0 0 4 0 
3 0 6 1 6 1 6 -1 3 1 6 0 6 0 
3 1 3 0 0 0 5 0 6 1 5 0 1 0 
6 -1 3 0 6 -1 3 0 6 1 3 0 6 0 
Language_65
7
0
6 
a b c d e 
1 0 1 1 4 1 2 0 6 0 0 1 0 0 
4 -1 0 1 0 0 4 0 2 1 5 0 1 -1 
4 1 0 0 3 0 0 0 3 1 6 0 4 0 
3 0 5 -1 1 0 0 1 1 1 0 0 2 -1 
1 1 6 0 0 1 3 1 3 1 1 1 4 1 
2 -1 4 0 4 0 0 -1 1 -1 4 0 3 0 
5 1 6 0 4 0 2 0 4 0 4 1 5 0 
2 0 4 1 2 0 4 1 5 0 5 -1 5 -1 
6 0 2 0 2 1 3 1 5 1 3 1 5 0 
5 -1 1 1 3 1 1 -1 1 0 4 -1 0 -1 
Language_66
7
0
1 3 
a b c d e 
4 1 0 1 6 0 4 0 5 1 5 1 4 1 
2 1 4 1 0 -1 6 -1 4 -1 0 0 6 -1 
2 0 3 0 1 0 6 1 6 0 0 0 4 1 
6 0 5 -1 6 -1 6 -1 5 -1 6 -1 2 1 
1 0 6 0 3 0 2 0 6 1 6 0 2 0 
0 -1 4 1 0 1 2 0 4 -1 4 1 6 -1 
4 0 0 1 1 0 6 1 4 0 6 0 0 1 
5 -1 5 -1 2 0 5 0 5 0 2 -1 4 0 
3 0 0 0 5 0 5 0 5 1 3 0 3 0 
2 0 4 0 0 -1 6 1 2 1 6 0 0 -1 
Language_67
7
0
0 2 3 5 
a b c d e 
2 0 1 0 0 0 1 0 5 0 0 0 2 0 
6 1 1 0 1 0 1 0 4 -1 4 1 1 0 
6 1 0 0 4 0 0 0 5 0 0 0 0 0 
6 -1 1 0 6 -1 4 1 4 -1 6 -1 1 0 
0 0 4 0 2 0 1 0 2 0 1 1 5 0 
4 1 1 0 4 0 6 0 6 1 6 1 4 1 
1 0 3 0 4 0 6 1 1 1 4 1 3 0 
4 -1 1 0 1 -1 6 0 4 0 6 1 1 1 
6 0 4 1 3 0 2 0 5 0 0 0 2 0 
6 1 4 0 6 1 1 -1 6 -1 4 -1 4 0 
Language_68
7
0
2 3 4 6 
a b c d e 
4 0 4 0 1 1 3 0 3 0 2 0 0 1 
1 -1 1 1 5 0 0 1 5 -1 5 1 5 -1 
6 0 1 0 4 0 4 0 4 0 6 0 1 1 
5 1 0 1 0 -1 1 -1 1 1 5 1 0 0 
3 0 4 0 5 1 1 0 0 0 5 1 3 0 
5 1 1 0 0 1 1 -1 5 0 0 0 5 -1 
0 0 5 1 2 0 1 0 3 0 6 0 3 0 
5 0 5 1 5 1 1 -1 1 -1 0 1 1 1 
4 0 1 0 4 0 5 0 2 0 1 0 2 0 
0 -1 1 -1 0 0 1 1 5 -1 5 0 1 0 
Language_69
7
0
0 1 3 6 
a b c d e 
6 0 4 0 6 0 5 0 3 0 4 0 4 0 
4 -1 5 -1 2 0 2 0 5 0 4 0 4 1 
1 0 2 0 2 0 6 0 0 0 2 0 6 0 
2 1 2 1 5 0 4 1 5 -1 5 0 5 -1 
4 1 5 1 6 0 1 0 6 0 3 0 1 0 
2 0 2 1 2 -1 4 1 4 1 5 -1 5 1 
6 0 2 0 2 0 3 0 5 1 6 0 6 0 
4 0 5 0 5 1 4 1 2 0 5 0 5 1 
3 0 3 0 2 0 0 0 0 0 1 0 5 1 
5 1 2 -1 4 -1 4 1 4 1 5 0 4 0 
Language_70
7
0
0 3 5 
a b c d e 
0 0 2 0 3 0 1 1 5 0 2 0 0 0 
4 0 2 -1 4 0 4 -1 4 0 6 1 4 -1 
4 1 6 1 2 1 5 0 0 0 6 0 6 1 
4 -1 4 1 2 0 2 1 6 1 4 0 2 0 
1 0 0 0 5 0 6 1 5 0 0 0 6 1 
6 0 1 0 1 -1 2 0 4 1 4 -1 2 -1 
5 0 5 0 1 0 1 0 6 0 3 0 1 0 
1 0 4 0 2 0 6 1 1 -1 4 -1 2 -1 
3 0 3 0 1 1 4 1 6 0 1 0 5 0 
4 0 2 1 6 0 1 1 6 -1 1 -1 2 1 
Language_71
7
0
0 1 3 5 6 
a b c d e 
0 0 1 0 5 0 6 0 2 0 1 0 0 0 
4 0 2 -1 4 0 4 1 2 0 2 1 4 1 
2 1 3 0 6 0 2 0 5 0 3 0 1 0 
4 -1 4 1 4 1 2 0 4 0 4 -1 4 1 
0 0 5 0 6 0 1 0 4 0 5 0 1 0 
4 0 2 0 2 0 2 1 4 1 4 1 4 0 
2 0 4 0 0 0 3 0 1 0 2 1 3 0 
4 1 2 -1 2 -1 4 -1 2 -1 2 1 4 1 
1 0 0 0 3 0 6 0 0 0 1 0 0 0 
4 -1 4 1 4 1 4 0 2 -1 2 0 2 -1 
Language_72
7
0
0 5 
a b c d e 
2 0 0 0 4 1 0 0 6 1 5 0 5 0 
3 0 1 1 4 1 4 1 3 -1 1 1 3 1 
0 0 2 0 2 0 4 0 2 0 0 0 1 1 
1 0 4 0 2 0 2 0 4 1 1 -1 4 -1 
3 0 5 0 0 0 4 0 0 0 3 1 6 1 
3 1 4 1 2 1 1 1 3 -1 3 1 3 1 
1 1 2 0 3 1 4 0 4 0 6 0 4 1 
3 -1 1 1 6 -1 1 1 6 0 4 0 3 -1 
4 0 1 0 0 0 0 0 3 1 6 0 5 0 
4 0 1 -1 3 1 4 -1 6 1 3 -1 1 1 
Language_73
7
0
3 6 
a b c d e 
0 1 1 1 2 0 3 0 4 1 5 0 0 0 
1 0 1 -1 0 0 4 1 0 0 2 0 5 -1 
2 0 5 0 2 0 5 1 1 0 1 0 4 1 
5 0 2 -1 4 1 5 -1 2 1 0 0 2 0 
5 0 2 1 3 0 5 0 0 0 6 0 3 0 
5 0 2 0 5 -1 4 -1 2 -1 5 -1 2 1 
2 0 2 1 6 0 5 0 4 0 3 0 6 0 
4 0 0 1 4 1 4 0 1 0 2 -1 2 -1 
2 0 2 1 1 0 0 1 1 0 3 0 2 0 
0 1 4 1 1 -1 1 -1 1 0 5 1 1 -1 
Language_74
7
0
1 4 6 
a b c d e 
1 0 5 1 4 0 2 1 6 0 1 0 3 1 
5 -1 3 -1 3 0 3 -1 3 -1 2 -1 3 1 
0 0 2 0 3 0 6 0 6 0 6 0 5 0 
5 -1 3 0 2 0 0 1 2 -1 3 0 5 1 
0 0 3 0 2 0 1 0 1 0 0 1 1 0 
0 0 2 0 3 1 5 0 0 1 0 1 2 0 
3 0 6 0 4 0 6 0 4 0 4 0 0 1 
3 1 5 0 5 1 5 1 3 1 3 0 0 1 
5 1 5 0 3 1 1 0 0 1 1 0 3 0 
2 0 0 -1 3 0 2 -1 0 1 3 1 0 -1 
Language_75
7
0
1 2 6 
a b c d e 
0 0 1 0 3 0 1 0 1 0 2 0 2 0 
3 -1 3 0 3 0 5 -1 0 -1 4 1 4 1 
4 1 3 1 6 0 1 0 2 0 6 0 5 0 
4 -1 3 0 5 -1 5 0 0 -1 3 -1 5 0 
4 0 2 0 2 0 0 1 0 1 2 0 6 0 
3 1 5 1 5 -1 0 0 4 1 5 0 5 -1 
1 0 0 0 1 0 4 0 5 0 4 0 4 1 
0 1 4 -1 0 0 0 1 0 -1 3 0 5 0 
1 0 4 0 4 0 4 1 5 0 3 0 0 1 
5 -1 4 0 4 -1 4 0 0 1 5 0 0 -1 
Language_76
7
0
1 2 6 
a b c d e 
5 1 0 0 6 0 1 0 4 0 1 0 4 0 
3 0 4 1 4 0 4 -1 5 0 4 -1 0 1 
0 0 0 0 2 0 0 0 0 0 4 0 3 1 
0 -1 5 0 0 0 5 -1 3 -1 3 -1 3 0 
2 0 6 0 6 0 1 0 4 1 3 0 5 0 
4 -1 0 1 5 1 4 1 0 -1 3 -1 0 -1 
4 0 4 1 0 1 1 0 1 0 0 1 1 0 
3 0 4 1 3 1 0 -1 0 1 5 -1 3 1 
4 0 2 0 0 1 0 0 1 0 0 1 3 0 
5 -1 4 1 5 -1 4 1 5 1 4 -1 5 -1 
Language_77
7
0
1 5 
a b c d e 
4 0 4 1 2 0 3 0 1 0 3 0 4 0 
3 -1 2 0 3 0 0 -1 0 1 2 -1 6 -1 
5 0 3 0 2 0 0 1 6 0 1 0 5 0 
0 0 3 0 6 1 2 0 6 -1 3 -1 0 1 
6 1 6 0 0 0 3 1 2 0 5 0 5 0 
4 1 3 -1 6 -1 3 0 4 -1 4 0 2 0 
6 0 0 0 1 0 5 0 3 1 5 0 6 0 
2 1 3 1 0 1 2 -1 0 -1 6 -1 6 0 
3 0 2 0 5 0 3 0 6 1 3 1 2 0 
2 -1 4 -1 2 -1 2 1 6 0 3 0 3 -1 
Language_78
7
0
1 2 3 6 
a b c d e 
3 0 4 1 6 0 4 1 2 0 2 0 1 0 
5 -1 5 -1 5 1 4 0 0 1 5 0 5 0 
2 0 4 1 2 0 4 1 2 0 3 0 3 0 
4 0 0 -1 0 0 4 1 0 1 5 -1 5 1 
5 1 4 0 5 0 0 0 0 0 6 0 1 0 
0 -1 5 0 0 0 4 0 5 -1 5 0 5 0 
1 0 2 0 2 0 1 0 5 1 2 0 6 0 
4 0 4 -1 0 -1 4 -1 0 1 4 0 0 -1 
1 0 4 0 4 1 1 0 4 1 2 0 3 0 
4 -1 4 0 0 -1 5 1 0 -1 4 -1 0 1 
Language_79
7
0
0 1 5 6 
a b c d e 
2 0 0 0 5 0 1 0 5 0 1 0 0 0 
4 -1 4 0 4 0 4 0 4 -1 2 1 3 1 
3 0 0 0 1 0 0 0 5 0 5 0 5 0 
4 1 3 1 4 0 3 -1 4 1 3 0 4 0 
0 0 5 0 5 0 4 1 5 0 6 0 6 0 
4 0 4 1 2 -1 2 -1 2 -1 3 1 4 -1 
2 0 6 0 0 0 2 0 3 1 0 0 3 1 
4 -1 2 0 3 0 4 0 3 1 4 -1 3 0 
6 0 4 0 5 0 0 0 0 0 6 0 0 0 
4 0 4 1 2 1 3 1 4 -1 4 1 4 1 
Language_80
7
0
2 3 5 6 
a b c d e 
4 0 3 0 1 1 6 0 4 1 6 0 3 0 
4 1 1 -1 1 -1 0 1 1 0 4 0 4 0 
1 1 2 0 1 0 5 0 1 1 0 1 1 1 
0 0 4 -1 0 0 1 0 0 -1 0 0 1 0 
3 0 3 0 6 0 6 0 4 1 2 0 3 0 
4 1 1 1 4 0 1 -1 0 -1 1 0 1 -1 
1 0 3 0 1 0 4 0 3 0 3 0 0 1 
0 1 0 -1 1 1 4 -1 0 1 1 1 0 1 
4 1 2 0 2 0 0 1 0 1 3 0 6 0 
1 0 4 1 0 -1 0 -1 4 0 1 1 4 -1 
Language_81
7
0
3 4 5 
a b c d e 
4 0 1 0 6 0 2 1 1 0 3 0 5 0 
1 0 0 0 0 -1 2 0 6 0 1 0 6 -1 
0 1 6 0 0 1 2 1 6 1 2 0 6 1 
0 -1 0 1 1 0 6 0 1 0 0 0 0 0 
0 0 4 0 4 0 0 0 0 0 4 0 1 1 
0 0 1 1 0 0 1 1 1 1 1 0 6 -1 
0 0 1 0 3 0 3 0 2 0 5 0 2 0 
2 0 2 1 0 1 0 0 6 0 6 -1 1 1 
4 0 5 0 6 1 0 1 0 0 6 0 4 0 
1 0 6 1 2 -1 1 1 1 -1 0 0 2 1 
Language_82
7
0
0 4 5 
a b c d e 
0 0 1 1 5 0 1 1 0 0 5 0 3 1 
6 1 2 1 2 1 3 0 6 -1 3 1 6 0 
4 0 3 0 2 0 0 0 2 1 5 0 2 1 
6 -1 3 -1 6 -1 2 -1 2 0 3 0 3 0 
2 0 5 0 3 0 0 0 2 0 5 0 2 1 
3 0 3 -1 2 1 3 -1 2 -1 1 -1 1 1 
3 1 6 1 6 1 6 1 2 1 6 1 2 0 
3 1 6 1 2 1 6 1 1 -1 6 1 6 -1 
2 1 4 0 5 0 3 0 6 1 5 0 4 0 
3 -1 6 1 1 0 1 1 6 -1 2 0 3 1 
Language_83
7
0
2 4 
a b c d e 
0 1 0 0 1 1 4 0 1 1 2 0 0 1 
5 1 6 0 5 0 5 1 0 1 6 -1 6 1 
1 0 0 1 6 1 4 0 5 0 4 0 0 1 
0 -1 0 0 6 1 1 1 5 -1 5 0 5 1 
6 0 5 0 4 0 0 0 0 0 5 0 4 0 
6 1 3 0 3 1 3 0 0 -1 1 0 3 1 
3 0 1 0 0 1 2 0 2 0 1 0 4 0 
5 1 0 -1 5 1 1 1 3 1 6 1 6 1 
6 0 5 0 5 1 2 0 3 1 3 0 5 0 
5 0 1 1 5 1 0 -1 0 1 1 -1 5 -1 
Language_84
7
0
1 2 3 4 5 6 
a b c d e 
5 0 3 0 2 0 2 0 3 0 0 1 1 0 
0 1 0 1 0 0 0 -1 0 -1 0 1 0 1 
0 1 0 1 4 0 3 0 1 0 1 0 1 0 
0 0 0 -1 0 1 0 -1 0 -1 0 -1 0 0 
1 0 4 0 3 0 1 0 0 1 1 0 3 0 
0 1 0 1 0 0 0 1 0 0 0 1 0 -1 
3 0 3 0 4 0 6 0 3 0 0 0 2 0 
0 1 0 1 0 1 0 1 0 -1 0 -1 0 -1 
1 0 1 0 6 0 1 0 1 0 4 0 3 0 
0 1 0 1 0 1 0 0 0 1 0 -1 0 0 
Language_85
7
0
0 1 5 6 
a b c d e 
4 1 2 1 4 0 5 0 3 1 2 0 1 0 
2 0 3 1 3 0 3 0 3 1 4 -1 2 -1 
0 0 3 1 3 1 6 0 3 0 2 1 4 1 
2 -1 2 -1 2 1 2 -1 3 1 2 0 4 -1 
6 0 4 0 5 0 1 0 5 0 1 0 6 0 
4 -1 4 -1 2 0 2 1 4 -1 2 -1 3 0 
3 0 5 0 1 0 2 0 5 0 4 1 4 0 
2 -1 4 -1 4 1 2 0 3 1 3 1 4 0 
5 0 4 1 4 0 1 0 4 0 1 0 3 1 
4 1 3 1 4 0 2 0 3 -1 3 -1 4 1 
Language_86
7
0
0 3 4 5 6 
a b c d e 
5 0 6 0 6 0 2 1 2 0 2 0 5 0 
1 1 1 0 2 1 2 -1 1 -1 1 -1 1 -1 
4 0 3 0 3 0 1 1 5 0 1 1 6 0 
1 -1 1 0 2 -1 1 -1 1 0 2 1 2 0 
6 0 1 1 2 1 5 0 4 0 0 0 3 0 
1 1 1 -1 1 0 2 1 2 1 2 1 1 0 
4 0 5 0 4 0 5 0 6 0 4 0 1 1 
1 -1 1 1 1 -1 1 -1 2 0 1 0 2 0 
6 0 1 0 4 0 5 0 0 0 2 0 0 0 
1 1 2 1 1 -1 2 1 1 0 1 0 2 1 
Language_87
7
0
0 6 
a b c d e 
5 1 1 1 6 0 6 0 3 0 2 0 5 0 
5 1 5 1 3 1 4 1 2 0 1 -1 5 -1 
1 1 4 0 6 0 4 0 5 1 0 0 1 1 
4 1 3 1 3 1 5 -1 4 1 1 -1 1 0 
5 0 2 0 1 0 4 1 6 0 6 0 2 1 
4 1 3 1 2 0 1 1 5 1 3 -1 4 -1 
1 1 1 1 5 0 3 0 0 0 5 1 5 0 
1 0 1 -1 5 -1 4 0 4 1 2 -1 4 -1 
2 0 2 0 0 0 3 1 0 0 3 0 1 1 
4 1 4 1 5 1 5 0 4 0 4 -1 5 -1 
Language_88
7
0
2 4 5 
a b c d e 
5 0 5 0 6 1 6 1 4 0 0 1 3 0 
6 1 3 1 6 -1 1 -1 0 1 1 0 6 1 
4 0 5 0 5 0 5 0 0 1 0 1 4 0 
1 1 6 -1 0 1 3 -1 1 0 1 0 0 1 
1 1 3 0 0 0 1 1 4 0 5 0 0 0 
1 -1 3 1 3 0 3 -1 1 1 3 -1 3 -1 
0 0 0 1 4 0 0 1 4 0 4 0 5 0 
6 1 6 1 0 1 0 1 0 -1 0 -1 0 -1 
0 1 0 1 5 0 2 0 5 0 2 0 2 0 
1 0 1 1 6 0 6 -1 3 1 1 0 1 -1 
Language_89
7
0
0 1 3 4 5 6 
a b c d e 
0 0 1 0 6 0 0 0 3 0 4 0 2 1 
2 1 2 1 2 0 2 1 2 1 2 0 2 1 
2 0 3 0 6 0 6 0 1 0 2 1 5 0 
2 0 2 0 2 0 2 0 2 0 2 -1 2 1 
6 0 2 1 3 0 2 1 2 1 5 0 2 1 
2 0 2 1 2 -1 2 1 2 0 2 1 2 -1 
1 0 0 0 1 0 3 0 1 0 1 0 1 0 
2 1 2 0 2 0 2 1 2 0 2 1 2 0 
1 0 2 1 0 0 3 0 0 0 6 0 1 0 
2 1 2 -1 2 -1 2 1 2 0 2 -1 2 -1 
Language_90
7
0
1 2 3 5 6 
a b c d e 
2 0 3 0 4 0 0 0 3 0 6 0 5 0 
4 0 0 1 0 0 4 -1 4 -1 4 0 0 1 
4 0 4 1 4 0 3 0 0 0 5 0 5 0 
0 0 0 0 0 -1 0 -1 4 1 4 -1 4 -1 
1 0 6 0 0 1 1 0 4 1 3 0 3 0 
0 -1 0 -1 0 1 0 0 4 0 0 0 0 0 
6 0 0 0 4 1 3 0 6 0 2 0 2 0 
0 1 0 1 0 1 4 1 4 -1 4 1 4 1 
4 0 2 0 2 0 2 0 6 0 4 0 4 1 
4 0 0 -1 4 1 4 -1 4 0 0 1 4 -1 
Language_91
7
0
2 3 4 5 6 
a b c d e 
6 0 2 0 6 0 2 0 5 0 0 0 4 0 
0 -1 0 0 0 -1 0 -1 1 -1 0 -1 1 -1 
3 0 5 0 1 0 2 0 3 0 6 0 1 1 
1 0 0 -1 0 0 0 -1 1 1 1 1 1 -1 
4 0 5 0 4 0 3 0 3 0 4 0 1 1 
1 1 1 -1 1 1 1 0 0 1 0 1 1 0 
3 0 3 0 6 0 2 0 4 0 0 1 2 0 
0 -1 0 -1 1 1 0 -1 0 0 1 1 1 0 
2 0 1 0 1 1 1 0 0 0 3 0 4 0 
0 0 1 0 0 -1 1 1 0 -1 1 -1 1 -1 
Language_92
7
0
1 2 3 5 
a b c d e 
4 0 1 0 3 0 2 0 6 0 0 1 5 0 
0 -1 0 -1 4 -1 0 -1 0 -1 4 0 4 1 
6 1 4 1 3 0 0 0 6 1 1 0 6 1 
0 0 0 1 0 -1 0 1 4 1 6 0 0 -1 
4 1 4 0 5 0 3 0 2 0 4 1 0 0 
4 -1 6 1 6 1 6 1 6 0 6 -1 0 -1 
1 0 5 0 3 0 6 1 3 0 0 1 2 0 
4 -1 4 0 0 -1 0 -1 0 1 4 0 6 1 
6 0 4 0 6 0 3 0 4 1 2 0 2 0 
6 0 0 1 6 0 4 0 6 1 6 -1 6 0 
Language_93
7
0
0 5 6 
a b c d e 
2 0 3 0 3 0 3 1 5 0 3 0 2 0 
4 -1 1 1 2 -1 1 0 1 0 2 -1 4 1 
0 0 0 0 6 0 2 0 6 0 4 1 1 0 
2 -1 2 1 4 -1 4 1 1 1 1 1 3 1 
0 0 4 0 5 0 6 0 0 0 0 0 1 0 
2 0 2 1 3 -1 3 1 1 0 1 0 3 1 
2 1 6 0 6 0 5 0 1 1 6 0 3 1 
1 -1 1 1 4 0 1 0 4 1 4 -1 4 1 
6 0 6 0 1 1 5 0 4 1 4 1 4 1 
2 1 1 -1 1 -1 4 -1 1 1 1 1 2 1 
Language_94
7
0
0 1 3 6 
a b c d e 
2 1 1 0 6 0 5 1 1 0 3 0 4 1 
4 0 2 0 2 1 5 -1 5 1 4 -1 5 1 
1 0 6 0 3 0 4 1 6 0 1 0 1 0 
2 -1 2 0 5 -1 2 -1 4 1 4 -1 5 1 
5 1 2 0 0 0 2 0 2 1 3 0 0 0 
2 0 2 1 5 0 2 -1 4 0 2 1 2 1 
5 0 5 1 6 0 3 0 5 0 2 0 1 0 
2 0 2 1 2 -1 4 -1 5 0 5 1 5 0 
0 0 2 0 2 0 1 0 4 0 5 0 0 0 
4 -1 4 0 4 0 2 0 5 -1 4 1 2 0 
Language_95
7
0
0 5 
a b c d e 
2 0 6 0 5 0 0 0 6 0 3 0 3 0 
3 -1 3 0 2 1 1 1 3 -1 2 -1 3 -1 
0 0 4 1 6 0 2 1 4 1 2 0 5 0 
6 1 2 1 1 0 1 -1 4 1 1 0 2 1 
4 0 4 1 2 1 4 1 2 1 5 0 0 0 
6 0 3 0 4 0 2 -1 6 0 6 0 4 -1 
6 1 0 0 6 1 5 0 4 1 6 1 4 1 
4 -1 6 0 2 -1 4 1 2 -1 6 1 2 0 
1 0 6 1 3 1 0 0 4 0 0 0 4 0 
4 1 2 0 2 -1 1 -1 6 1 3 0 2 1 
Language_96
7
0
0 1 2 3 5 6 
a b c d e 
0 0 2 0 6 0 1 0 3 0 0 0 4 1 
4 1 4 0 4 -1 4 1 4 1 4 1 4 0 
4 0 2 0 6 0 3 0 4 1 3 0 6 0 
4 1 4 -1 4 1 4 1 4 0 4 -1 4 1 
2 0 2 0 1 0 0 0 6 0 6 0 1 0 
4 0 4 1 4 1 4 0 4 -1 4 1 4 0 
3 0 5 0 2 0 4 0 6 0 3 0 3 0 
4 -1 4 0 4 1 4 0 4 -1 4 -1 4 0 
3 0 2 0 3 0 1 0 6 0 2 0 5 0 
4 -1 4 -1 4 -1 4 1 4 0 4 -1 4 -1 
Language_97
7
0
0 1 2 5 6 
a b c d e 
0 0 5 0 5 0 0 0 2 0 5 0 6 0 
4 -1 3 1 4 1 3 1 4 -1 4 0 4 1 
4 1 6 0 6 0 3 0 0 0 4 1 5 0 
4 1 4 0 4 1 3 0 3 -1 4 0 3 0 
0 0 6 0 6 0 4 0 0 0 4 0 2 0 
4 0 3 0 4 1 4 0 4 -1 4 1 3 0 
6 0 4 1 5 0 5 0 0 0 1 0 5 0 
3 0 3 -1 4 -1 3 1 4 0 3 -1 3 0 
1 0 1 0 1 0 6 0 3 0 5 0 1 0 
3 -1 3 0 3 -1 4 0 3 -1 3 1 4 0 
Language_98
7
0
1 2 3 6 
a b c d e 
5 1 6 0 6 0 5 0 1 0 2 0 3 0 
0 1 4 1 4 -1 4 -1 4 0 4 1 4 0 
2 0 3 0 1 0 3 0 5 0 1 0 6 0 
5 1 5 -1 5 1 0 0 4 0 0 0 0 -1 
5 0 4 0 4 1 2 0 5 1 1 0 1 0 
0 0 4 1 4 -1 0 -1 5 0 0 0 4 0 
1 0 2 0 6 0 0 1 5 1 5 0 4 0 
0 -1 4 0 5 1 5 1 4 -1 4 1 0 0 
0 0 1 0 3 0 5 0 3 0 4 1 1 0 
0 0 5 1 0 -1 0 0 0 1 0 -1 5 0 
Language_99
7
0
1 3 4 6 
a b c d e 
4 0 4 0 1 0 2 1 0 1 4 0 3 0 
0 0 2 0 5 -1 5 0 5 0 5 -1 5 0 
5 0 0 0 6 0 2 1 1 0 5 1 0 0 
2 1 0 1 5 1 2 0 0 1 0 -1 2 -1 
3 0 6 0 6 0 1 0 5 0 5 0 0 1 
5 0 0 -1 5 0 5 0 0 0 2 -1 0 0 
3 0 4 0 1 0 2 0 3 0 0 0 0 1 
5 -1 2 0 5 -1 5 -1 2 1 2 -1 0 0 
5 0 0 1 6 0 6 0 0 0 1 0 4 0 
5 -1 0 1 5 -1 2 -1 2 0 5 -1 2 0 
