100
Language_0
5
0
1 3 
a b 
1 0 3 0 0 0 4 1 3 0 
4 -1 2 0 2 -1 4 1 4 0 
2 0 4 0 2 1 3 0 2 0 
2 0 2 0 4 0 0 -1 2 0 
Language_1
5
0
0 1 3 
a b 
1 0 3 0 3 0 1 0 2 0 
4 1 2 -1 2 0 4 -1 2 -1 
1 0 4 0 0 0 0 0 2 0 
2 -1 2 1 4 -1 4 1 2 -1 
Language_2
5
0
2 
a b 
3 1 2 0 0 1 1 0 1 1 
1 1 1 -1 1 1 1 1 4 0 
1 0 1 0 2 0 2 0 1 0 
0 0 4 0 1 -1 1 0 0 0 
Language_3
5
0
1 3 
a b 
0 1 1 0 3 0 0 0 0 1 
4 1 2 -1 0 1 4 1 0 1 
1 0 4 0 0 0 4 0 2 1 
2 1 0 -1 2 -1 2 1 0 -1 
Language_4
5
0
0 2 4 
a b 
1 0 2 0 2 0 3 0 2 0 
3 1 3 -1 1 0 1 1 3 0 
4 0 0 0 3 0 0 0 0 0 
3 1 3 1 1 1 1 -1 1 0 
Language_5
5
0
1 2 4 
a b 
3 1 2 0 4 0 3 1 1 0 
0 1 3 0 3 1 0 0 0 1 
4 0 0 1 0 1 3 1 4 0 
0 1 0 0 3 0 3 1 0 -1 
Language_6
5
0
0 2 
a b 
4 0 4 1 4 0 1 0 2 0 
4 -1 3 1 4 0 1 1 4 1 
4 0 4 0 1 1 3 1 0 0 
1 0 3 -1 4 0 4 0 4 1 
Language_7
5
0
0 
a b 
0 0 2 1 4 1 4 0 0 0 
3 0 3 1 1 0 1 1 2 0 
2 0 0 0 0 0 1 0 4 0 
2 0 3 0 4 -1 4 0 4 1 
Language_8
5
0
0 2 3 4 
a b 
2 0 0 0 1 0 0 0 3 0 
1 -1 1 1 1 0 1 -1 1 0 
2 0 3 0 3 0 4 0 1 0 
1 1 1 1 1 0 1 1 1 1 
Language_9
5
0
1 2 4 
a b 
1 0 2 0 2 0 1 0 4 0 
3 0 0 -1 3 -1 0 -1 0 -1 
3 0 4 0 1 0 2 0 3 0 
3 0 0 -1 0 0 0 0 0 1 
Language_10
5
0
0 
a b 
3 1 2 0 2 0 3 1 2 1 
1 0 4 0 4 0 4 -1 3 0 
4 1 4 1 2 1 2 0 0 0 
2 1 2 -1 1 0 3 0 3 1 
Language_11
5
0
0 4 
a b 
3 0 3 1 2 0 4 0 3 1 
1 -1 2 1 2 0 2 0 2 0 
1 1 0 0 1 1 4 0 0 0 
1 1 1 1 2 1 1 1 2 0 
Language_12
5
0
3 4 
a b 
2 1 1 0 4 0 3 0 2 0 
2 -1 0 -1 1 0 1 1 0 0 
0 0 0 0 3 0 3 0 3 0 
2 1 0 0 2 -1 0 0 0 0 
Language_13
5
0
1 3 4 
a b 
2 1 1 0 3 0 2 0 1 0 
0 1 2 0 0 -1 0 0 0 0 
3 0 4 0 3 0 1 0 0 0 
2 -1 0 1 2 1 2 0 2 -1 
Language_14
5
0
4 
a b 
4 0 1 0 1 0 3 1 2 1 
1 -1 3 -1 0 1 2 1 2 -1 
0 1 0 1 4 0 2 1 1 1 
1 0 3 -1 2 -1 1 -1 2 1 
Language_15
5
0
1 
a b 
3 0 0 0 2 1 4 0 1 0 
4 -1 2 0 2 0 4 -1 0 -1 
2 0 0 0 4 0 1 0 3 1 
4 -1 0 1 2 1 0 1 3 1 
Language_16
5
0
0 1 2 3 
a b 
4 1 2 0 3 0 3 0 2 0 
4 0 4 -1 4 1 4 0 4 1 
1 0 3 0 0 0 0 0 4 1 
4 1 4 0 4 0 4 -1 4 0 
Language_17
5
0
4 
a b 
2 1 4 0 2 0 0 1 1 0 
1 0 0 1 2 1 1 -1 1 -1 
0 1 4 0 4 0 4 0 4 0 
3 1 1 -1 3 0 0 -1 1 0 
Language_18
5
0
3 
a b 
3 0 2 1 0 0 0 1 1 0 
4 0 0 1 4 -1 4 0 4 -1 
3 0 4 0 4 1 1 0 4 0 
1 1 1 1 0 -1 1 0 1 0 
Language_19
5
0
1 3 
a b 
4 0 1 0 3 0 0 1 4 1 
0 -1 0 1 4 -1 2 1 4 -1 
1 0 3 0 2 0 2 1 3 0 
2 1 2 1 4 -1 2 0 2 0 
Language_20
5
0
2 3 4 
a b 
1 1 1 0 3 0 3 0 0 0 
0 -1 1 1 1 0 1 0 1 -1 
2 0 4 0 1 0 1 0 4 0 
1 -1 0 1 1 1 0 0 1 1 
Language_21
5
0
1 2 
a b 
1 0 1 0 3 0 4 0 2 0 
0 -1 4 0 4 -1 3 1 4 0 
3 0 1 0 3 1 4 1 4 0 
0 0 3 -1 4 -1 0 1 0 0 
Language_22
5
0
0 1 2 3 
a b 
2 0 4 0 2 0 4 1 3 0 
4 1 4 0 4 1 4 0 4 0 
3 0 0 0 2 0 2 0 1 0 
4 1 4 -1 4 -1 4 -1 4 -1 
Language_23
5
0
2 3 4 
a b 
0 1 4 0 1 1 1 1 0 1 
1 -1 0 0 0 -1 0 0 1 0 
0 0 3 0 2 0 2 0 1 1 
1 0 0 0 0 0 0 -1 0 1 
Language_24
5
0
1 3 
a b 
4 1 4 1 2 0 1 0 3 0 
0 0 4 0 0 1 4 0 0 1 
2 0 0 0 2 1 2 0 3 0 
2 -1 4 1 0 1 4 0 4 -1 
Language_25
5
0
0 2 3 
a b 
2 0 2 0 4 1 1 1 0 0 
4 -1 1 1 4 0 4 1 1 0 
3 0 2 0 0 0 4 1 2 0 
1 1 1 1 1 1 4 1 4 1 
Language_26
5
0
0 1 4 
a b 
1 0 4 0 4 0 0 0 4 0 
3 1 3 0 2 0 3 -1 3 -1 
2 0 1 0 2 1 1 0 1 0 
3 0 2 -1 3 0 2 -1 3 1 
Language_27
5
0
2 4 
a b 
4 0 4 0 2 0 2 0 3 1 
0 -1 3 1 0 0 1 -1 0 -1 
2 0 4 0 4 0 0 0 2 0 
3 1 1 -1 3 0 3 0 1 -1 
Language_28
5
0
1 2 3 4 
a b 
4 0 2 0 0 0 2 0 0 1 
0 -1 0 1 0 1 0 1 0 1 
3 0 3 0 0 0 1 0 1 0 
0 -1 0 -1 0 -1 0 1 0 1 
Language_29
5
0
0 
a b 
2 0 3 1 4 0 0 0 4 1 
4 -1 4 1 1 1 3 0 1 1 
4 1 3 1 4 1 1 0 0 0 
4 -1 3 0 4 -1 4 1 3 0 
Language_30
5
0
0 2 
a b 
1 1 4 1 2 0 0 0 0 0 
3 1 3 1 4 1 4 0 4 -1 
3 1 3 1 1 1 2 0 2 0 
1 -1 3 0 1 0 3 -1 3 1 
Language_31
5
0
1 3 4 
a b 
2 0 1 0 1 0 3 0 1 0 
2 -1 0 -1 2 1 2 0 0 0 
3 0 4 0 4 0 3 0 2 0 
2 0 0 -1 2 0 0 1 2 0 
Language_32
5
0
0 
a b 
1 0 0 0 3 1 3 1 3 0 
1 1 2 1 2 0 3 0 2 -1 
3 1 4 0 4 0 1 0 0 0 
3 0 3 -1 4 -1 2 -1 4 0 
Language_33
5
0
1 3 
a b 
3 0 4 0 3 0 2 1 0 0 
4 -1 4 1 2 -1 2 1 2 -1 
1 0 4 1 4 1 3 0 3 0 
4 1 2 1 2 1 0 1 2 -1 
Language_34
5
0
1 3 
a b 
4 0 0 0 3 0 2 1 3 0 
4 0 0 -1 4 -1 4 0 0 0 
4 1 4 1 4 1 1 0 2 0 
2 0 4 -1 2 0 0 -1 0 1 
Language_35
5
0
0 3 4 
a b 
3 0 4 0 4 0 1 1 4 0 
1 0 2 1 1 -1 1 1 2 1 
0 0 2 1 4 0 4 0 0 0 
1 1 2 1 1 0 2 -1 2 -1 
Language_36
5
0
0 1 2 3 
a b 
4 1 1 0 2 0 2 0 0 0 
4 1 4 -1 4 0 4 0 4 -1 
3 0 4 0 2 0 1 0 1 0 
4 -1 4 0 4 0 4 -1 4 -1 
Language_37
5
0
0 3 
a b 
4 0 4 1 0 0 4 1 4 1 
2 -1 4 0 4 0 1 0 1 -1 
1 0 2 0 0 0 4 0 3 0 
2 -1 4 -1 1 0 2 0 1 0 
Language_38
5
0
1 
a b 
3 0 4 0 3 0 4 0 3 1 
3 1 4 0 0 1 4 -1 0 1 
1 0 4 0 0 0 2 1 4 0 
3 0 4 -1 0 -1 4 -1 2 -1 
Language_39
5
0
1 2 
a b 
4 0 4 1 4 1 1 0 3 0 
4 1 4 0 3 -1 3 -1 0 -1 
0 1 2 0 4 1 4 1 4 1 
4 1 4 1 4 -1 3 -1 4 -1 
Language_40
5
0
2 4 
a b 
0 1 3 0 4 0 3 0 2 0 
3 0 0 -1 1 -1 0 0 3 0 
3 0 2 0 0 1 4 0 2 0 
3 0 1 0 0 -1 1 -1 3 0 
Language_41
5
0
3 4 
a b 
3 0 0 0 4 0 4 0 2 0 
2 1 1 0 0 -1 0 -1 0 0 
2 1 1 1 1 1 2 1 1 1 
1 0 0 0 2 -1 0 0 0 1 
Language_42
5
0
0 1 
a b 
2 0 2 0 4 0 4 1 3 0 
3 0 3 0 4 -1 4 -1 4 -1 
4 0 4 1 3 0 2 1 1 0 
2 1 2 0 3 -1 3 0 3 0 
Language_43
5
0
1 3 4 
a b 
2 1 0 0 3 0 3 0 1 0 
0 -1 2 0 0 1 2 -1 0 -1 
2 0 4 0 2 1 4 0 0 1 
0 0 0 -1 2 -1 2 1 2 -1 
Language_44
5
0
0 1 2 
a b 
1 0 3 0 2 0 3 1 1 0 
3 1 3 1 3 -1 3 0 4 -1 
4 0 0 0 1 0 0 0 2 0 
3 0 4 0 3 1 4 -1 4 1 
Language_45
5
0
2 
a b 
0 0 0 1 1 1 3 1 0 1 
0 -1 3 -1 3 -1 1 -1 1 0 
1 0 2 0 2 0 1 1 0 1 
1 1 3 0 0 0 4 1 4 0 
Language_46
5
0
0 4 
a b 
4 0 4 0 1 0 3 0 3 1 
2 1 3 -1 3 0 1 0 3 1 
3 1 2 1 3 1 4 0 2 1 
3 0 2 -1 1 1 3 1 2 1 
Language_47
5
0
2 3 4 
a b 
1 1 4 0 4 0 2 0 3 0 
1 0 1 -1 1 1 1 -1 1 0 
1 0 1 0 4 0 4 0 2 0 
0 -1 1 1 0 1 1 0 0 1 
Language_48
5
0
0 2 4 
a b 
2 0 4 0 3 1 4 0 1 1 
3 0 3 0 1 0 1 -1 3 1 
1 0 0 0 4 0 4 0 3 1 
1 1 3 1 3 1 3 1 1 -1 
Language_49
5
0
2 3 4 
a b 
4 0 2 0 3 0 1 1 4 0 
1 0 0 1 1 0 0 1 0 -1 
4 0 2 0 0 1 0 1 2 0 
0 1 0 -1 0 1 0 0 0 0 
Language_50
5
0
0 2 
a b 
2 0 0 0 3 1 3 1 4 0 
3 0 3 -1 1 -1 4 0 3 1 
3 0 1 1 4 1 1 1 1 0 
4 0 1 0 4 0 4 1 3 1 
Language_51
5
0
0 1 3 4 
a b 
4 0 4 0 3 0 2 0 0 0 
2 -1 2 1 2 -1 2 -1 2 0 
0 0 3 0 4 0 3 0 1 0 
2 0 2 0 2 -1 2 1 2 0 
Language_52
5
0
1 2 3 4 
a b 
2 0 0 0 3 0 1 0 0 1 
0 1 0 -1 0 -1 0 0 0 0 
2 0 4 0 4 0 3 0 4 0 
0 1 0 0 0 1 0 0 0 -1 
Language_53
5
0
2 
a b 
4 1 4 0 2 0 0 0 3 0 
1 0 1 1 0 1 3 0 0 0 
2 0 4 0 0 0 4 0 3 1 
1 0 3 0 3 0 3 0 0 -1 
Language_54
5
0
1 3 4 
a b 
1 0 2 1 0 0 2 1 2 0 
0 1 2 -1 2 0 2 -1 2 1 
4 0 3 0 0 0 0 1 2 1 
0 -1 0 0 0 0 0 0 2 0 
Language_55
5
0
2 
a b 
4 1 3 0 2 0 2 0 4 1 
3 -1 3 0 0 1 0 1 3 -1 
1 0 0 1 2 0 0 1 3 1 
1 0 1 1 1 0 3 0 0 0 
Language_56
5
0
0 3 
a b 
4 0 3 0 3 0 2 1 4 0 
2 -1 1 0 2 -1 4 -1 1 -1 
0 0 1 0 3 0 0 0 1 1 
2 1 4 0 4 -1 2 1 1 -1 
Language_57
5
0
1 4 
a b 
2 0 0 1 3 0 4 0 2 1 
3 1 2 0 3 1 3 0 3 -1 
1 0 4 0 1 0 2 0 2 0 
3 0 2 0 2 0 3 -1 0 0 
Language_58
5
0
0 
a b 
4 1 4 1 4 1 0 0 0 0 
4 1 2 -1 4 1 3 -1 1 0 
3 1 3 1 0 0 0 0 0 0 
4 0 1 0 2 1 4 1 1 1 
Language_59
5
0
2 3 
a b 
4 0 1 1 3 0 2 0 1 0 
1 0 4 -1 0 1 0 -1 1 1 
3 0 2 0 4 0 4 0 4 1 
4 -1 0 0 4 -1 1 1 4 -1 
Language_60
5
0
0 4 
a b 
2 0 3 0 1 1 1 0 1 0 
3 0 2 0 1 1 1 -1 3 1 
3 1 0 0 4 0 1 0 4 0 
1 1 2 0 1 1 1 -1 2 0 
Language_61
5
0
0 2 3 
a b 
3 0 4 0 2 0 1 1 1 1 
4 0 4 1 1 -1 4 0 4 1 
2 0 4 0 4 0 0 0 3 0 
1 0 4 -1 4 -1 1 1 1 1 
Language_62
5
0
0 2 3 4 
a b 
0 0 2 0 1 1 2 0 2 0 
1 1 1 1 1 -1 1 -1 1 -1 
4 0 1 0 3 0 3 0 1 1 
1 0 1 1 1 0 1 -1 1 -1 
Language_63
5
0
0 1 4 
a b 
4 0 4 0 3 0 1 0 0 0 
3 1 3 -1 3 -1 3 -1 3 1 
1 0 2 1 3 1 4 0 2 1 
3 0 3 1 2 0 3 0 2 0 
Language_64
5
0
0 3 
a b 
3 0 2 0 1 1 4 1 0 0 
1 1 4 -1 1 1 1 1 2 -1 
3 0 2 1 3 0 1 1 0 0 
1 -1 2 0 2 0 2 -1 1 0 
Language_65
5
0
3 4 
a b 
2 0 2 0 2 0 1 1 4 0 
0 1 0 0 0 1 0 0 2 0 
0 1 1 0 3 0 4 0 4 0 
2 0 2 0 1 0 1 -1 1 0 
Language_66
5
0
2 4 
a b 
4 0 1 0 0 1 2 0 1 1 
0 -1 3 0 1 1 1 -1 3 1 
1 1 4 0 1 1 1 1 2 0 
3 0 3 0 0 0 3 1 3 0 
Language_67
5
0
1 3 4 
a b 
0 0 4 0 4 0 3 0 2 1 
2 0 2 0 2 0 0 -1 2 0 
3 0 1 0 1 0 1 0 4 0 
2 -1 0 1 2 -1 2 -1 0 1 
Language_68
5
0
0 1 
a b 
4 0 4 1 1 0 2 1 0 0 
3 1 4 0 3 0 3 0 3 -1 
1 0 1 0 0 0 2 0 2 0 
2 1 2 -1 2 1 4 1 3 -1 
Language_69
5
0
2 3 4 
a b 
3 0 3 0 4 0 2 0 0 1 
1 -1 0 1 1 0 0 0 1 -1 
3 0 2 0 3 0 2 0 4 0 
0 0 1 1 0 -1 1 -1 0 0 
Language_70
5
0
2 4 
a b 
1 1 1 0 0 1 4 0 4 0 
3 -1 0 1 0 0 1 -1 0 1 
1 0 3 0 4 0 2 0 3 0 
3 -1 1 -1 1 -1 3 1 1 0 
Language_71
5
0
0 1 3 
a b 
0 0 3 0 1 0 0 0 2 0 
4 1 2 -1 2 -1 4 -1 4 0 
4 1 4 1 2 1 4 1 2 0 
2 -1 2 1 4 -1 2 1 2 -1 
Language_72
5
0
2 3 
a b 
4 0 1 1 1 0 2 0 2 0 
1 -1 4 0 4 0 4 -1 4 -1 
1 0 3 0 4 0 3 0 3 0 
1 -1 4 -1 1 1 1 0 4 0 
Language_73
5
0
0 1 
a b 
0 0 2 0 0 0 4 1 0 0 
4 -1 4 1 4 1 4 -1 4 0 
1 0 4 0 0 0 4 1 3 1 
4 1 4 -1 2 0 3 0 4 -1 
Language_74
5
0
0 1 3 4 
a b 
4 0 0 0 1 0 2 1 0 0 
2 -1 2 0 2 0 2 1 2 -1 
1 0 0 0 2 0 3 0 3 0 
2 0 2 -1 2 0 2 -1 2 0 
Language_75
5
0
0 
a b 
4 0 0 0 0 0 3 1 1 0 
1 0 4 1 1 -1 2 -1 1 1 
1 0 2 0 4 1 4 0 1 1 
2 -1 4 -1 1 -1 2 1 3 0 
Language_76
5
0
1 4 
a b 
2 0 3 1 1 0 1 0 1 0 
0 0 3 1 3 0 2 0 2 -1 
4 0 0 0 0 1 3 1 2 0 
0 1 2 1 0 -1 0 0 3 -1 
Language_77
5
0
0 1 2 
a b 
4 1 4 1 0 0 0 0 2 0 
4 -1 3 1 3 1 4 -1 3 0 
2 0 3 1 1 0 4 0 0 0 
3 0 4 -1 3 0 3 0 4 0 
Language_78
5
0
0 3 4 
a b 
4 0 4 0 0 0 4 0 1 0 
2 0 1 -1 1 1 1 1 2 -1 
0 0 2 0 3 0 2 1 0 0 
2 1 2 -1 1 0 1 1 2 1 
Language_79
5
0
0 4 
a b 
1 0 4 0 4 0 4 0 4 0 
1 -1 2 1 3 -1 2 0 3 0 
2 0 0 0 3 1 4 0 1 1 
2 -1 3 1 3 0 3 -1 3 -1 
Language_80
5
0
2 3 4 
a b 
2 0 4 0 3 0 1 0 3 0 
1 1 0 -1 0 -1 1 0 1 1 
3 0 1 0 3 0 1 1 4 0 
1 1 1 0 0 -1 0 0 0 1 
Language_81
5
0
0 
a b 
3 0 1 1 3 0 2 0 1 0 
2 0 2 0 4 1 1 0 4 -1 
1 0 3 1 0 0 2 0 0 0 
4 -1 4 1 2 0 4 1 1 1 
Language_82
5
0
0 1 
a b 
2 1 0 0 0 0 0 0 4 1 
3 0 4 -1 4 -1 2 -1 3 -1 
3 1 2 0 1 0 3 0 4 0 
2 1 2 1 2 -1 4 -1 3 -1 
Language_83
5
0
0 4 
a b 
2 1 2 0 3 0 4 0 0 0 
2 1 2 0 3 -1 3 1 1 -1 
0 0 4 0 2 1 1 0 4 0 
2 -1 3 0 2 0 1 1 2 1 
Language_84
5
0
2 
a b 
1 1 2 0 4 1 2 0 4 1 
3 0 1 1 4 1 4 0 1 1 
4 0 2 0 4 0 2 0 3 1 
4 0 1 -1 4 -1 1 0 0 0 
Language_85
5
0
1 2 4 
a b 
2 0 3 1 0 1 1 0 1 0 
3 1 3 1 0 1 3 1 0 0 
2 0 4 0 4 0 0 1 1 0 
3 -1 0 -1 3 0 0 -1 3 0 
Language_86
5
0
0 2 3 
a b 
0 0 4 1 4 1 3 0 4 1 
1 1 4 -1 4 1 1 1 4 0 
3 0 4 0 2 0 4 0 2 0 
1 1 1 0 4 0 4 0 1 0 
Language_87
5
0
0 1 
a b 
3 1 4 1 0 0 2 1 3 1 
3 -1 2 0 4 -1 2 -1 3 1 
3 0 2 1 1 0 1 0 3 0 
2 1 3 1 3 0 4 0 4 1 
Language_88
5
0
0 3 
a b 
3 0 3 0 4 1 1 1 4 1 
2 1 2 1 1 -1 2 -1 4 0 
1 0 0 0 2 1 3 0 4 0 
1 -1 4 0 4 -1 2 1 4 -1 
Language_89
5
0
4 
a b 
2 0 1 0 0 1 4 0 2 1 
3 0 0 0 0 -1 1 0 1 0 
1 0 1 0 4 0 3 0 2 1 
0 1 3 0 2 1 1 1 3 -1 
Language_90
5
0
2 3 
a b 
1 1 3 0 0 1 1 1 1 0 
1 -1 0 -1 1 1 4 -1 1 0 
4 1 2 0 0 1 0 1 4 1 
0 1 0 1 1 0 4 -1 4 0 
Language_91
5
0
1 
a b 
3 1 4 1 0 0 2 0 4 1 
4 -1 4 0 4 1 2 -1 3 1 
1 0 1 0 4 1 3 0 2 1 
3 0 3 0 0 1 4 0 0 -1 
Language_92
5
0
0 1 
a b 
3 1 4 0 0 0 3 0 4 0 
3 1 3 0 4 1 3 -1 2 1 
3 0 2 0 2 1 1 0 0 0 
4 1 4 -1 2 1 2 0 2 1 
Language_93
5
0
0 
a b 
2 0 4 0 4 1 1 0 1 1 
2 1 4 0 2 -1 1 0 2 -1 
1 0 3 1 3 1 2 1 3 0 
1 0 3 0 2 1 3 -1 4 0 
Language_94
5
0
0 1 2 3 
a b 
1 0 2 0 2 0 2 0 3 0 
4 -1 4 -1 4 -1 4 1 4 0 
3 0 1 0 3 0 4 0 3 0 
4 1 4 1 4 1 4 0 4 0 
Language_95
5
0
2 4 
a b 
3 0 4 0 1 0 0 0 3 1 
3 1 1 -1 0 0 0 -1 0 0 
4 0 4 0 1 0 0 0 2 0 
3 1 1 -1 3 -1 1 0 0 -1 
Language_96
5
0
2 
a b 
0 1 3 1 1 1 3 1 4 1 
3 1 0 -1 1 -1 1 0 3 -1 
2 0 1 1 4 1 1 0 2 0 
4 -1 1 0 4 1 4 0 4 1 
Language_97
5
0
0 2 
a b 
3 1 4 1 2 0 3 1 0 0 
4 0 1 -1 4 0 4 0 1 1 
2 0 2 0 4 1 3 0 3 1 
3 -1 4 1 1 0 1 1 4 0 
Language_98
5
0
1 2 3 4 
a b 
2 0 4 0 2 0 1 0 0 0 
0 1 0 0 0 -1 0 -1 0 1 
2 0 0 1 3 0 0 0 3 0 
0 1 0 -1 0 1 0 0 0 -1 
Language_99
5
0
0 1 
a b 
2 0 3 1 1 0 4 1 0 0 
4 1 2 1 2 0 4 0 4 0 
4 0 4 0 4 1 3 1 2 0 
3 0 4 -1 4 -1 4 1 4 0 
