100
Language_0
9
0
1 2 4 5 6 8 
a b c 
5 0 2 0 7 0 3 1 5 0 2 0 5 0 6 0 2 0 
3 -1 7 1 0 -1 3 -1 3 1 7 -1 7 -1 7 1 0 -1 
1 0 4 0 8 0 4 0 6 0 3 1 5 0 2 0 0 0 
7 -1 3 0 7 -1 7 0 0 0 3 -1 7 -1 0 0 3 -1 
2 0 3 1 0 0 8 0 7 1 3 0 6 0 4 0 7 0 
0 -1 7 1 3 1 3 1 3 0 3 -1 0 -1 0 0 3 1 
Language_1
9
0
0 2 4 
a b c 
3 1 5 0 8 1 0 0 1 1 2 0 2 0 6 1 7 1 
5 1 8 1 8 -1 1 -1 6 1 3 0 8 0 8 -1 6 0 
5 0 8 0 7 0 3 0 1 1 4 0 0 0 7 1 7 1 
7 0 7 -1 3 1 1 0 8 -1 8 0 7 -1 8 -1 5 -1 
4 0 2 0 0 0 3 0 0 0 6 0 7 1 6 0 8 1 
3 1 3 -1 6 0 3 -1 8 0 6 1 7 1 3 -1 5 1 
Language_2
9
0
0 1 2 4 7 
a b c 
3 0 2 0 5 1 5 0 5 1 7 0 2 0 0 0 3 1 
5 0 8 -1 3 0 5 1 8 -1 6 1 3 1 5 1 3 -1 
1 0 4 0 4 0 8 0 1 0 3 0 8 0 6 0 2 0 
5 0 3 -1 5 0 5 1 8 -1 3 0 5 1 3 1 5 -1 
1 0 7 0 8 0 2 0 4 0 5 0 1 0 4 0 1 0 
5 0 8 -1 8 0 5 1 3 0 8 1 3 0 6 1 6 0 
Language_3
9
0
0 4 5 6 
a b c 
8 1 6 0 7 0 7 1 3 1 6 0 5 0 7 1 2 1 
8 0 7 0 8 1 1 0 7 1 8 -1 2 -1 7 -1 7 1 
0 0 5 0 8 0 5 0 2 0 7 1 5 0 4 0 7 0 
8 1 8 1 8 -1 1 1 3 -1 7 -1 7 -1 3 1 2 1 
6 0 1 0 8 1 5 0 5 0 0 0 8 1 3 0 4 0 
1 -1 1 -1 8 0 2 -1 8 -1 2 -1 1 -1 7 0 2 1 
Language_4
9
0
0 1 4 5 6 7 8 
a b c 
7 0 8 0 7 0 0 0 7 0 7 0 7 0 0 0 1 0 
3 -1 2 0 2 -1 2 1 3 -1 2 -1 3 1 3 0 3 0 
2 0 1 0 3 1 1 0 4 0 0 0 7 0 2 1 1 0 
2 0 3 0 3 -1 2 1 3 -1 2 0 2 0 3 -1 3 1 
4 0 1 0 7 0 0 0 6 0 8 0 5 0 1 0 2 0 
2 0 3 0 2 -1 3 1 2 0 3 1 3 1 2 1 2 0 
Language_5
9
0
2 3 6 7 
a b c 
7 0 8 1 1 1 5 1 4 0 2 0 5 0 8 0 4 0 
8 1 4 1 1 1 8 0 8 -1 4 1 5 -1 5 0 5 -1 
7 0 3 0 1 1 1 0 0 1 1 0 5 0 7 0 8 1 
0 0 4 0 8 0 4 -1 8 1 1 -1 1 -1 1 1 1 1 
3 0 6 0 1 1 7 0 8 0 4 1 6 0 4 1 3 0 
4 -1 0 -1 8 -1 5 1 0 1 0 1 8 -1 8 0 8 -1 
Language_6
9
0
0 1 4 5 6 7 8 
a b c 
5 0 8 0 0 0 6 0 5 0 7 0 1 0 8 0 6 0 
3 -1 2 0 3 1 2 1 3 1 2 -1 2 1 3 0 2 1 
2 1 5 0 7 0 2 1 0 0 4 0 0 0 8 0 0 0 
3 0 3 0 2 1 2 1 3 1 3 0 3 -1 3 -1 2 1 
0 0 6 0 4 0 0 0 7 0 8 0 4 0 6 0 1 0 
3 1 2 -1 2 -1 2 0 3 -1 3 1 2 1 3 0 3 -1 
Language_7
9
0
0 3 4 
a b c 
7 1 4 0 4 0 3 0 2 1 0 0 8 0 1 0 1 1 
5 1 8 1 6 1 1 1 6 0 1 1 5 0 2 1 2 0 
3 0 1 1 2 1 5 0 3 0 8 0 1 0 5 0 1 0 
7 1 2 -1 6 -1 8 -1 5 0 7 0 7 -1 8 0 6 0 
2 1 7 0 4 0 0 0 5 0 1 0 7 1 3 0 0 0 
8 0 1 1 7 1 7 0 7 0 6 0 7 -1 1 1 8 -1 
Language_8
9
0
0 1 3 5 
a b c 
6 0 2 1 3 0 6 0 0 0 4 0 5 0 1 0 6 1 
6 0 4 0 7 0 4 -1 4 0 6 -1 2 -1 8 -1 6 0 
2 1 0 0 1 0 3 0 1 0 1 0 1 0 8 0 1 0 
8 0 7 1 6 -1 4 1 2 -1 2 1 6 -1 7 -1 7 1 
6 0 2 0 2 1 1 0 5 0 8 1 7 1 5 0 8 1 
6 1 7 0 2 1 6 1 8 -1 8 1 8 -1 8 -1 8 -1 
Language_9
9
0
0 1 4 5 6 7 8 
a b c 
3 0 6 0 1 0 3 1 4 0 2 0 7 0 4 0 6 0 
3 -1 3 0 2 1 2 -1 2 1 3 -1 3 0 3 -1 3 -1 
8 0 3 0 2 0 3 0 7 0 7 0 3 0 5 0 3 0 
2 0 3 1 2 1 3 -1 3 -1 3 -1 2 0 2 0 3 -1 
7 0 1 0 5 0 2 1 7 0 3 1 5 0 5 0 2 0 
3 0 2 -1 2 -1 2 0 2 -1 3 -1 3 1 2 0 3 -1 
Language_10
9
0
1 4 6 7 8 
a b c 
5 1 7 0 7 0 8 0 4 0 8 0 4 0 5 0 5 0 
0 0 2 0 3 -1 0 -1 3 -1 5 0 5 1 2 0 5 0 
2 1 4 0 1 0 0 1 2 1 2 0 7 0 6 0 5 0 
3 1 0 -1 5 0 2 1 0 -1 2 -1 0 -1 2 -1 3 0 
2 1 6 0 3 1 5 1 5 1 4 0 8 0 6 0 8 0 
3 0 2 -1 0 1 3 0 0 -1 3 1 2 0 5 -1 2 0 
Language_11
9
0
0 1 2 3 4 5 6 
a b c 
6 0 7 0 4 0 0 0 8 0 1 0 5 0 7 0 7 0 
7 0 7 0 7 -1 7 1 8 1 7 -1 7 -1 8 -1 8 -1 
2 0 2 0 7 1 0 0 0 0 2 0 6 0 7 1 5 0 
7 0 8 0 7 1 7 -1 7 -1 8 -1 8 -1 8 -1 7 -1 
4 0 1 0 4 0 4 0 7 0 5 0 3 0 0 0 1 0 
7 -1 7 -1 8 -1 8 -1 7 1 8 0 7 0 7 -1 7 1 
Language_12
9
0
1 2 8 
a b c 
7 1 2 0 4 1 5 0 2 0 3 1 0 0 1 0 7 0 
3 1 3 1 4 0 4 -1 3 -1 6 1 6 -1 0 0 4 0 
3 1 5 0 2 0 3 0 8 0 7 0 6 0 8 0 2 0 
6 1 6 -1 5 0 6 0 7 1 4 1 6 -1 5 1 7 1 
5 1 1 0 7 1 5 1 8 0 7 1 6 1 1 0 7 1 
3 -1 0 -1 6 0 7 -1 4 -1 6 1 5 0 4 -1 4 0 
Language_13
9
0
1 3 5 7 
a b c 
5 0 5 0 1 0 7 0 3 0 5 0 0 1 7 0 4 1 
4 1 4 1 2 0 4 -1 2 -1 2 1 8 0 0 0 4 1 
8 1 1 0 3 0 6 0 3 0 4 1 0 1 6 1 7 0 
0 1 0 1 2 1 0 0 6 0 2 1 2 -1 8 -1 6 0 
1 0 7 0 3 0 4 0 5 0 8 1 3 0 7 0 4 1 
0 -1 6 0 0 -1 8 -1 2 -1 6 1 2 1 8 0 8 0 
Language_14
9
0
1 5 7 8 
a b c 
4 0 5 0 7 0 6 0 7 0 3 1 8 0 5 0 7 0 
3 1 4 0 0 1 0 0 2 -1 0 -1 6 1 4 1 2 0 
3 0 8 0 7 0 4 0 1 0 2 1 3 0 0 0 0 0 
2 1 3 1 3 -1 2 0 2 -1 2 -1 3 -1 4 -1 0 1 
1 0 4 1 7 0 4 1 8 0 5 0 0 1 4 0 3 0 
6 1 4 0 6 1 6 0 3 -1 3 1 3 -1 0 0 3 0 
Language_15
9
0
1 4 7 
a b c 
3 0 0 0 5 1 3 1 5 0 1 0 5 0 7 0 4 0 
3 -1 6 0 0 1 3 1 2 -1 6 0 3 0 3 1 0 -1 
4 0 4 0 7 0 8 0 1 0 6 1 2 0 8 1 2 0 
6 -1 2 -1 0 0 3 1 6 1 2 0 0 0 5 1 0 0 
8 0 4 0 4 0 7 0 0 1 7 0 8 0 6 1 3 1 
3 -1 2 0 6 0 8 -1 3 -1 5 0 5 1 2 -1 2 -1 
Language_16
9
0
0 3 6 8 
a b c 
0 0 6 0 2 1 5 1 4 0 0 0 0 0 6 0 2 0 
7 -1 1 -1 2 0 2 1 5 1 7 -1 2 -1 5 1 5 -1 
4 1 4 1 7 1 3 0 5 1 2 0 0 0 6 0 6 0 
1 1 2 1 1 -1 7 -1 1 -1 4 -1 4 0 7 0 2 1 
2 0 3 0 7 0 2 0 3 0 7 0 7 1 8 0 0 0 
5 1 1 -1 7 1 5 1 4 -1 4 -1 2 0 2 0 2 1 
Language_17
9
0
3 5 7 
a b c 
3 0 1 0 2 0 7 0 1 1 2 0 3 0 1 0 1 1 
2 -1 1 1 4 -1 0 1 1 0 6 -1 6 1 0 -1 4 1 
5 0 6 1 3 0 8 1 8 1 2 1 8 0 2 0 1 1 
2 0 2 -1 2 -1 4 -1 6 1 8 0 0 -1 6 0 4 1 
8 0 2 1 3 0 1 0 6 0 1 1 2 0 0 0 6 0 
0 1 8 1 4 1 1 -1 1 1 8 1 1 1 1 0 8 1 
Language_18
9
0
1 2 6 7 
a b c 
1 0 3 0 1 0 5 0 7 0 6 0 5 0 2 0 8 0 
5 1 4 -1 8 0 0 0 4 -1 0 1 0 1 3 0 5 0 
4 0 0 0 4 0 1 0 4 1 0 0 8 1 4 0 2 0 
3 -1 8 1 8 -1 4 -1 0 -1 8 0 5 0 5 1 3 0 
2 0 2 0 1 0 7 0 0 0 7 0 3 0 7 0 3 0 
4 0 4 0 8 1 8 -1 3 1 0 1 5 -1 3 1 0 0 
Language_19
9
0
0 1 2 3 4 6 7 8 
a b c 
0 0 2 0 8 0 8 0 8 0 7 0 3 0 5 0 7 0 
5 1 5 0 5 0 5 0 5 1 5 0 5 -1 5 0 5 0 
4 0 4 0 6 0 2 0 7 0 3 0 2 0 2 0 0 0 
5 0 5 0 5 1 5 0 5 0 5 0 5 0 5 1 5 -1 
1 0 7 0 5 1 0 0 4 0 5 0 8 0 5 1 6 0 
5 1 5 1 5 0 5 -1 5 -1 5 0 5 1 5 1 5 1 
Language_20
9
0
0 3 5 6 7 
a b c 
1 0 1 1 0 0 1 1 1 1 4 0 7 0 8 1 3 0 
1 1 8 1 4 1 4 1 2 1 4 0 1 1 8 0 1 -1 
0 0 8 1 4 0 5 0 2 1 5 0 6 0 8 0 6 0 
4 -1 4 0 8 -1 4 0 4 -1 4 1 1 0 2 0 4 0 
6 0 2 0 1 0 7 0 3 0 3 0 0 0 5 0 2 1 
1 -1 2 1 1 1 1 1 8 -1 4 -1 1 -1 8 1 4 -1 
Language_21
9
0
1 2 4 8 
a b c 
6 1 4 0 2 0 1 0 0 1 6 1 1 0 2 0 2 0 
0 0 7 0 7 -1 5 1 0 1 7 1 5 0 5 0 5 1 
7 0 5 1 8 0 4 0 1 0 4 0 4 0 0 0 5 1 
3 1 0 0 3 0 7 0 3 1 6 1 7 0 6 0 6 0 
0 0 2 0 8 0 4 0 3 1 2 0 8 0 4 0 0 1 
3 1 0 -1 5 -1 3 1 7 0 3 -1 6 1 7 -1 6 1 
Language_22
9
0
0 3 4 5 6 8 
a b c 
1 1 6 0 2 1 7 0 8 0 8 0 8 0 2 0 4 0 
1 0 7 1 7 -1 1 1 2 -1 7 1 7 0 7 -1 1 1 
5 0 5 0 6 0 2 1 8 0 3 0 5 0 3 0 1 0 
2 1 7 1 2 0 7 0 7 1 2 1 2 -1 1 0 7 0 
1 0 6 0 8 0 2 1 0 0 8 0 1 0 3 0 0 0 
2 1 2 -1 7 1 1 -1 2 0 1 1 2 0 7 1 1 0 
Language_23
9
0
1 4 
a b c 
1 0 3 0 6 1 1 0 4 0 5 0 2 0 7 1 1 0 
0 -1 2 1 6 0 7 1 2 0 6 1 5 -1 2 -1 2 -1 
1 0 8 1 4 0 1 0 2 0 2 1 4 0 3 0 8 1 
8 0 0 -1 2 0 8 -1 6 0 8 1 7 -1 7 -1 2 0 
4 0 4 0 0 0 5 0 1 0 8 1 5 1 8 1 7 0 
0 -1 8 0 0 -1 0 -1 5 1 8 1 5 0 7 1 7 0 
Language_24
9
0
0 2 4 5 
a b c 
6 0 0 0 5 0 5 0 7 0 6 0 0 0 3 1 0 0 
8 0 8 0 7 0 6 -1 7 -1 8 -1 8 -1 7 -1 8 0 
5 0 8 1 3 0 7 0 0 0 4 0 8 0 7 0 1 0 
3 -1 8 1 7 -1 3 1 7 0 8 0 7 -1 6 -1 7 0 
6 1 4 0 8 0 5 0 7 0 7 1 3 1 2 0 6 0 
8 -1 6 1 8 0 8 1 8 1 1 1 6 0 8 0 3 1 
Language_25
9
0
0 1 3 4 7 
a b c 
6 1 2 0 4 0 2 1 1 0 3 0 4 0 3 0 6 1 
2 -1 5 1 2 1 6 0 6 1 8 1 8 -1 5 -1 8 0 
3 0 7 0 2 0 5 0 3 0 4 0 5 1 7 0 6 0 
5 -1 8 1 5 -1 8 -1 6 0 8 0 2 1 5 1 8 1 
8 1 4 0 5 0 2 1 3 0 4 0 8 1 2 0 7 0 
2 -1 6 1 8 -1 5 -1 8 1 6 1 6 -1 8 0 5 -1 
Language_26
9
0
0 3 8 
a b c 
4 1 3 0 6 0 7 1 8 0 7 1 3 0 6 1 6 1 
2 1 5 -1 7 0 4 0 2 -1 2 1 5 -1 6 0 4 0 
3 0 2 0 6 1 3 0 0 0 3 0 0 0 0 0 0 0 
7 0 2 -1 1 -1 2 1 1 1 7 0 4 -1 5 -1 6 0 
4 1 8 0 5 0 7 0 2 1 4 1 4 1 5 0 0 0 
1 1 6 -1 4 -1 1 1 2 -1 4 0 1 0 7 -1 7 -1 
Language_27
9
0
4 5 8 
a b c 
8 0 0 1 7 1 1 1 3 0 2 0 1 0 0 1 6 0 
1 1 3 0 2 0 7 -1 3 1 3 0 1 1 1 0 2 1 
7 1 4 0 0 1 2 0 7 1 5 0 0 1 2 0 5 0 
2 0 6 1 6 -1 2 1 3 0 2 1 6 -1 3 -1 2 -1 
0 1 5 0 1 0 0 0 7 0 6 1 8 0 0 0 7 1 
0 -1 1 -1 1 -1 3 1 1 0 2 -1 6 0 7 1 6 1 
Language_28
9
0
1 3 4 
a b c 
0 0 6 0 3 0 2 1 4 0 3 0 3 0 6 0 4 0 
8 1 8 1 5 -1 0 0 2 1 7 1 8 0 0 0 6 0 
7 1 3 0 7 1 6 1 0 0 0 0 7 1 8 0 0 1 
8 -1 6 1 0 0 0 -1 7 -1 7 1 2 0 6 0 5 0 
4 0 8 1 4 0 0 0 3 0 0 0 8 0 7 1 1 0 
0 1 2 0 2 -1 2 1 7 0 7 0 0 -1 7 1 2 1 
Language_29
9
0
1 2 5 7 
a b c 
4 0 0 0 2 0 1 0 5 0 3 0 5 0 1 0 0 1 
4 0 6 0 4 1 3 0 0 -1 4 1 6 0 6 1 6 1 
4 1 3 0 0 1 0 1 1 0 5 0 7 0 0 0 5 0 
0 1 0 1 8 1 3 1 0 1 4 0 4 1 6 1 4 1 
2 0 0 1 8 1 8 0 0 0 3 1 1 0 8 1 7 0 
8 0 0 0 4 1 3 -1 6 -1 3 -1 8 0 0 -1 4 -1 
Language_30
9
0
0 1 5 6 
a b c 
0 0 5 0 2 0 7 0 2 0 7 1 7 1 6 0 8 0 
8 -1 4 1 7 1 8 0 4 -1 7 -1 8 0 7 1 8 1 
3 0 8 1 8 1 3 0 3 1 3 1 1 0 1 0 0 0 
8 -1 7 0 8 -1 2 0 7 -1 4 1 8 -1 4 1 2 0 
4 0 4 1 8 0 6 0 3 1 0 0 3 1 7 1 1 0 
8 0 2 0 8 0 3 -1 4 -1 7 -1 3 1 4 0 4 1 
Language_31
9
0
0 1 2 3 4 6 8 
a b c 
2 0 5 0 4 0 7 0 4 0 1 0 3 0 2 0 6 0 
7 0 7 0 5 -1 7 1 5 1 5 -1 5 0 5 0 5 1 
2 0 1 0 7 1 6 0 0 0 2 0 8 0 8 0 0 0 
5 0 5 0 7 1 5 1 7 1 5 -1 7 1 5 1 7 -1 
6 0 7 1 4 0 1 0 0 0 7 1 8 0 8 0 5 1 
5 -1 7 -1 7 1 7 0 5 -1 7 0 7 0 5 1 7 1 
Language_32
9
0
2 3 4 8 
a b c 
3 0 1 1 0 1 1 1 2 0 5 1 4 0 8 0 3 0 
5 -1 5 -1 5 0 1 -1 7 0 6 0 7 0 0 0 6 -1 
8 0 0 1 8 0 8 0 3 0 7 0 1 1 8 0 3 0 
1 1 6 -1 6 -1 7 0 7 1 0 1 5 0 1 1 7 -1 
0 0 6 0 5 1 7 0 6 1 3 0 5 0 4 0 0 1 
1 1 7 -1 0 0 6 -1 1 0 1 0 0 -1 6 0 5 -1 
Language_33
9
0
0 1 4 7 8 
a b c 
5 1 4 0 8 0 4 0 5 1 7 0 3 0 6 0 5 1 
3 -1 3 1 5 0 2 0 5 0 5 -1 6 -1 3 -1 3 1 
7 0 1 0 3 0 2 1 2 0 1 0 1 0 4 0 8 0 
6 1 2 1 5 0 5 0 5 1 6 0 6 -1 2 1 3 1 
2 1 6 1 6 1 6 1 3 0 7 0 5 1 6 0 7 0 
2 0 3 1 2 -1 2 -1 5 -1 5 0 2 0 2 -1 5 1 
Language_34
9
0
1 5 6 
a b c 
3 1 2 0 6 0 1 0 8 0 1 0 5 0 2 1 0 0 
2 0 4 1 3 0 3 0 0 -1 7 0 2 1 7 -1 2 -1 
2 1 8 1 1 0 7 0 4 0 2 1 5 0 1 0 7 0 
7 -1 7 0 0 -1 3 -1 7 1 7 -1 8 -1 4 -1 2 0 
2 0 8 0 7 1 3 0 0 1 3 1 4 0 8 0 2 0 
4 1 0 1 8 -1 0 1 3 0 0 -1 2 0 4 -1 7 1 
Language_35
9
0
3 5 
a b c 
8 1 8 1 3 0 1 1 7 0 5 0 1 0 4 0 1 0 
7 1 4 0 0 0 4 0 7 1 6 0 1 0 1 0 0 1 
0 1 7 0 5 0 7 0 3 0 7 0 1 1 4 1 4 0 
6 -1 2 -1 2 0 6 0 7 -1 0 0 2 1 1 0 4 0 
1 0 0 1 7 0 4 0 1 0 5 0 5 0 6 0 7 1 
6 1 0 1 4 -1 6 1 2 1 0 0 4 -1 0 0 4 0 
Language_36
9
0
0 2 4 7 8 
a b c 
8 0 2 0 4 0 2 0 6 1 1 1 7 0 4 0 7 0 
5 1 5 1 6 0 6 -1 3 -1 5 0 6 0 3 1 1 1 
1 0 8 0 0 0 0 0 7 0 3 0 7 0 2 0 4 0 
6 -1 6 1 6 0 5 0 3 -1 6 -1 3 0 5 1 5 0 
7 0 4 0 7 0 4 0 1 0 1 0 5 1 5 0 0 0 
1 0 3 1 5 -1 1 0 1 1 3 0 3 0 5 0 5 -1 
Language_37
9
0
0 1 3 4 5 6 7 
a b c 
3 0 4 0 1 0 6 0 6 0 8 0 4 0 0 0 2 1 
8 1 8 0 8 0 2 -1 2 -1 2 -1 8 0 8 -1 2 0 
1 0 1 0 0 0 7 0 1 0 7 0 3 0 7 0 7 0 
2 0 2 1 8 -1 8 -1 2 1 8 0 2 0 2 1 2 0 
7 0 2 1 4 0 3 0 1 0 0 0 7 0 5 0 7 0 
8 1 2 -1 2 0 8 0 2 0 8 1 2 -1 2 1 8 1 
Language_38
9
0
0 1 4 8 
a b c 
1 0 1 0 3 1 1 0 3 1 1 0 4 0 7 0 4 0 
7 1 2 -1 6 1 2 0 6 -1 6 0 7 -1 3 -1 5 -1 
0 0 1 0 3 0 5 0 0 0 6 1 0 0 6 1 4 0 
7 -1 2 -1 3 -1 2 1 3 1 2 1 7 -1 6 1 6 1 
8 0 4 0 7 1 5 1 0 0 5 0 0 0 1 0 1 0 
7 0 5 0 7 1 3 -1 2 -1 3 -1 6 -1 7 0 5 1 
Language_39
9
0
0 2 4 7 
a b c 
7 0 3 0 3 1 5 1 1 0 5 1 0 0 4 0 3 1 
6 1 6 0 1 0 1 0 5 0 6 0 3 -1 3 0 6 -1 
5 0 4 0 7 0 4 0 8 0 5 1 2 0 7 0 0 0 
1 -1 5 0 5 0 6 0 1 1 3 0 5 1 1 0 8 0 
3 1 7 0 6 0 1 0 1 1 8 1 7 0 2 0 8 1 
8 -1 1 0 5 -1 6 0 5 1 5 1 6 1 8 -1 6 0 
Language_40
9
0
7 
a b c 
0 0 7 0 4 1 5 1 8 0 7 0 1 0 8 1 2 1 
0 -1 6 1 6 0 6 0 8 0 1 0 1 -1 3 1 4 1 
7 0 5 1 8 0 5 0 0 1 0 0 4 1 4 0 7 0 
2 0 2 -1 2 -1 0 0 3 1 5 -1 4 1 0 0 5 1 
8 1 0 0 0 1 3 1 2 1 2 0 0 1 6 0 0 1 
0 0 8 1 2 -1 6 -1 5 0 6 -1 5 1 5 1 4 0 
Language_41
9
0
4 6 8 
a b c 
8 0 0 1 7 0 1 0 6 0 6 0 4 0 8 0 3 1 
5 0 1 -1 3 -1 7 0 1 1 2 0 2 1 5 1 7 -1 
6 0 6 0 5 1 3 0 4 0 8 0 6 0 2 0 2 1 
2 0 1 0 3 0 2 1 3 1 2 0 0 -1 1 0 0 1 
0 1 3 1 8 0 7 0 8 0 8 0 0 0 5 1 0 0 
0 -1 1 -1 2 1 0 -1 7 0 1 0 1 0 3 1 5 -1 
Language_42
9
0
0 1 2 3 4 5 8 
a b c 
8 0 3 0 5 0 5 0 6 1 5 0 2 0 5 0 5 0 
6 -1 7 0 7 -1 7 1 6 1 6 1 6 1 7 -1 7 -1 
8 0 8 0 3 0 7 1 1 0 5 0 7 0 6 0 4 0 
6 1 7 1 7 0 6 1 7 -1 6 0 7 0 7 0 7 1 
6 0 4 0 3 0 4 0 0 0 2 0 2 0 6 0 7 1 
7 0 7 -1 6 0 7 1 6 -1 7 -1 6 0 7 1 6 0 
Language_43
9
0
0 2 6 
a b c 
2 0 4 1 0 0 4 1 2 0 6 0 7 1 8 1 7 1 
5 1 8 -1 1 1 8 1 5 -1 1 1 5 1 8 0 8 1 
2 0 0 0 8 0 5 0 6 0 4 0 7 1 4 0 8 0 
3 1 3 -1 7 1 8 0 3 0 1 -1 3 0 7 0 8 -1 
1 0 4 1 6 0 5 0 5 0 6 0 5 0 5 1 1 0 
1 1 5 1 3 0 5 -1 8 -1 7 0 3 -1 3 1 4 0 
Language_44
9
0
6 7 
a b c 
3 0 8 1 1 1 4 0 5 0 7 0 5 1 3 1 0 1 
1 1 2 -1 2 1 3 1 2 -1 5 0 5 -1 8 -1 0 0 
2 0 3 1 2 0 5 0 3 0 7 0 5 1 7 0 3 1 
0 0 4 1 8 0 3 1 3 0 5 -1 5 -1 3 0 8 1 
6 0 4 1 4 0 0 0 4 1 4 1 4 1 6 0 8 1 
3 0 0 -1 3 1 1 0 0 1 2 -1 4 -1 5 -1 0 0 
Language_45
9
0
1 4 8 
a b c 
8 0 6 0 6 1 8 0 2 1 3 1 1 0 1 0 8 0 
2 -1 2 1 6 0 6 -1 5 1 6 -1 5 1 3 1 3 1 
4 0 8 0 1 0 4 0 0 1 0 0 2 0 7 0 7 1 
6 -1 3 -1 2 0 5 0 7 -1 2 1 0 -1 0 0 6 1 
3 0 8 0 3 1 6 0 5 0 6 0 3 1 6 1 0 0 
6 1 6 0 6 0 7 -1 7 1 7 0 7 1 2 -1 5 1 
Language_46
9
0
1 2 3 4 6 7 
a b c 
4 0 2 0 0 1 6 0 5 0 1 0 8 1 0 0 8 0 
5 0 5 -1 5 0 8 -1 8 -1 0 1 0 -1 0 1 8 0 
2 0 0 1 7 0 6 0 1 0 0 0 0 1 7 0 3 0 
0 1 5 -1 8 1 5 1 0 1 5 -1 0 -1 8 1 5 0 
1 0 1 0 2 0 7 0 6 0 1 0 2 0 1 0 4 0 
8 -1 5 -1 5 -1 0 -1 8 -1 8 0 0 1 8 1 8 -1 
Language_47
9
0
2 3 5 8 
a b c 
2 0 6 1 5 0 4 0 4 0 7 1 4 1 6 1 0 1 
7 1 0 0 1 1 4 1 4 0 4 1 4 1 4 1 7 1 
5 0 6 1 1 1 8 0 3 0 1 0 7 1 5 0 6 1 
6 0 7 0 1 1 7 0 0 1 1 -1 1 -1 7 -1 1 1 
8 0 5 0 4 0 8 0 4 0 2 0 0 0 1 1 0 0 
1 0 6 1 6 1 0 0 0 1 6 0 7 -1 1 -1 0 1 
Language_48
9
0
0 1 4 6 8 
a b c 
2 1 8 0 8 0 7 1 5 0 7 1 8 0 8 0 4 0 
7 -1 2 1 7 -1 2 1 7 -1 7 0 5 1 2 0 2 1 
1 0 2 1 2 0 3 0 3 0 2 0 1 0 1 0 2 0 
7 0 7 1 7 0 2 0 7 0 2 0 2 1 7 0 2 -1 
3 0 1 0 2 1 4 0 7 0 5 0 8 0 6 0 0 0 
5 0 7 1 5 -1 5 0 5 -1 7 0 2 -1 5 -1 2 1 
Language_49
9
0
0 1 2 3 4 8 
a b c 
5 1 3 0 0 0 7 1 3 0 3 0 2 0 6 0 6 1 
7 -1 7 0 5 1 7 0 6 1 5 -1 5 0 6 0 6 1 
4 0 8 0 8 0 3 0 5 0 1 0 0 0 3 0 6 0 
7 1 7 0 5 1 7 -1 7 1 7 0 6 0 7 0 6 0 
3 0 7 0 4 0 0 0 2 0 5 1 7 1 5 0 5 1 
5 1 7 -1 7 0 5 -1 7 1 7 0 7 1 5 -1 7 -1 
Language_50
9
0
0 1 2 6 8 
a b c 
3 1 3 1 0 0 4 1 5 0 5 1 3 0 2 0 7 0 
7 -1 7 0 3 0 3 -1 3 0 3 -1 7 -1 3 0 3 1 
5 1 6 0 0 0 4 0 6 0 3 0 8 0 3 0 5 1 
3 -1 3 0 7 -1 3 0 7 -1 4 1 4 1 5 1 5 -1 
5 0 1 0 7 0 8 0 6 0 1 0 0 0 7 0 6 0 
4 0 5 -1 3 -1 5 -1 3 -1 7 0 3 0 7 0 7 -1 
Language_51
9
0
1 2 3 6 7 
a b c 
7 0 8 1 3 0 8 1 6 0 0 1 7 0 4 0 2 0 
8 1 0 -1 0 -1 5 1 8 1 5 1 4 -1 0 1 8 0 
3 0 0 1 6 0 1 0 8 1 2 0 4 1 5 0 1 0 
4 -1 4 0 4 1 4 0 4 1 4 0 0 0 0 0 8 -1 
1 0 2 0 8 1 5 0 5 0 4 1 1 0 2 0 6 0 
5 1 5 0 8 1 4 1 4 -1 5 1 0 -1 8 0 0 0 
Language_52
9
0
5 6 7 8 
a b c 
8 0 8 0 3 1 4 1 2 1 0 1 0 0 1 0 4 1 
3 1 1 1 0 0 0 1 1 0 2 -1 3 1 2 0 2 -1 
6 0 4 1 2 0 5 0 7 0 2 1 3 1 7 0 0 0 
2 -1 3 0 0 1 0 -1 3 -1 1 1 3 -1 4 0 4 0 
5 0 8 0 5 0 1 0 1 1 4 0 1 1 7 0 5 0 
1 -1 0 -1 4 0 3 1 1 0 1 1 0 -1 2 1 2 1 
Language_53
9
0
1 4 6 8 
a b c 
6 0 4 0 4 0 8 0 7 0 7 1 3 1 6 0 6 0 
5 1 2 1 2 -1 0 0 2 1 3 1 5 0 0 1 7 1 
7 0 5 0 7 0 6 0 7 1 0 0 2 0 5 1 7 1 
3 0 5 0 5 0 2 1 0 1 7 0 0 1 2 1 7 0 
1 0 6 0 2 0 4 0 8 0 6 0 5 1 8 0 0 1 
7 0 3 -1 5 -1 2 1 5 1 0 1 7 0 7 1 2 0 
Language_54
9
0
1 4 5 6 7 8 
a b c 
6 0 4 0 7 0 5 0 3 0 2 1 5 0 8 0 2 0 
3 0 2 0 2 0 3 1 3 -1 2 1 2 1 0 0 0 -1 
1 0 1 0 5 0 1 0 2 0 0 0 8 0 0 0 4 0 
0 -1 3 0 0 0 0 1 0 1 3 -1 3 -1 2 -1 0 -1 
5 0 1 0 2 0 6 0 6 0 7 0 4 0 3 1 2 0 
3 0 3 0 0 0 0 1 3 1 3 0 2 -1 2 0 3 -1 
Language_55
9
0
1 2 3 4 5 7 8 
a b c 
4 0 7 0 3 0 0 0 4 0 3 0 2 0 1 0 6 0 
0 -1 0 -1 0 -1 6 1 0 0 0 0 0 0 0 0 0 -1 
1 0 4 0 1 0 6 1 8 0 7 0 2 0 1 0 5 0 
6 1 6 0 6 0 0 1 0 1 6 1 0 0 0 -1 6 -1 
4 0 6 0 3 0 2 0 8 0 3 0 7 0 3 0 2 0 
6 -1 6 -1 6 1 6 1 0 -1 6 0 0 1 6 0 0 1 
Language_56
9
0
0 1 2 3 8 
a b c 
4 1 0 0 4 1 2 0 1 0 6 0 1 0 0 0 4 1 
5 0 4 0 5 1 5 -1 6 1 6 -1 5 0 6 -1 4 1 
6 0 4 1 2 0 4 1 1 0 0 0 4 0 3 0 4 1 
4 -1 4 0 5 1 6 1 7 1 5 1 4 -1 4 1 6 -1 
4 1 8 0 4 0 2 0 4 1 1 0 4 0 3 0 5 1 
6 -1 6 -1 5 1 6 0 7 -1 4 0 6 -1 7 1 4 0 
Language_57
9
0
0 2 3 5 8 
a b c 
8 0 0 0 1 0 2 0 5 0 7 1 4 1 5 0 1 0 
7 0 4 0 6 1 4 0 1 -1 4 1 6 -1 4 -1 4 0 
5 0 8 0 3 0 5 0 3 0 7 1 6 0 4 0 2 0 
4 -1 4 -1 6 1 7 1 6 1 4 -1 7 1 6 0 1 0 
7 1 6 0 4 1 7 0 0 0 1 0 1 1 4 0 7 0 
4 0 7 -1 4 1 4 1 1 -1 6 -1 6 1 6 0 4 1 
Language_58
9
0
0 2 3 5 7 8 
a b c 
2 0 5 0 8 0 4 0 8 0 1 0 3 0 2 0 3 0 
6 0 4 -1 6 1 6 0 6 0 1 1 4 1 4 0 1 -1 
7 0 5 0 1 0 0 0 8 0 3 0 5 0 0 0 2 0 
4 0 1 0 6 0 1 1 6 1 6 0 1 -1 1 -1 4 -1 
3 0 6 0 1 1 5 0 5 0 2 0 1 1 0 0 8 0 
1 -1 6 0 4 1 1 -1 6 -1 6 -1 6 -1 1 1 1 -1 
Language_59
9
0
1 5 6 
a b c 
5 0 8 1 0 0 1 0 8 0 8 1 2 0 4 1 3 1 
3 -1 0 1 2 0 2 -1 8 -1 8 0 2 0 8 0 0 1 
6 0 5 0 7 1 2 0 1 0 8 1 4 0 7 0 5 0 
7 1 3 -1 7 0 2 1 4 -1 0 0 8 -1 8 0 7 -1 
8 0 2 1 1 0 0 0 8 1 3 1 4 0 5 0 2 0 
2 -1 8 0 2 -1 8 1 7 -1 2 1 3 -1 0 0 3 0 
Language_60
9
0
4 7 
a b c 
8 1 6 1 3 1 3 1 8 0 8 0 1 0 4 0 6 0 
1 1 0 0 5 -1 5 -1 0 1 5 1 1 0 6 -1 5 0 
5 0 8 1 4 0 6 1 6 0 8 0 0 1 5 0 5 0 
8 0 8 -1 5 -1 8 -1 2 -1 6 0 3 0 3 1 3 1 
0 1 7 0 2 0 8 0 2 1 4 0 1 1 7 0 7 0 
6 -1 8 0 2 0 0 0 2 0 5 1 6 -1 8 1 8 -1 
Language_61
9
0
0 1 2 4 7 
a b c 
0 0 0 0 4 0 5 0 2 0 8 0 3 0 1 0 1 0 
8 -1 8 1 8 0 5 0 6 1 6 1 3 -1 5 0 5 1 
3 1 0 0 1 0 8 1 5 1 2 0 7 0 8 1 0 0 
3 -1 3 0 3 -1 6 -1 6 -1 6 1 8 -1 5 0 8 0 
6 1 3 1 5 0 6 1 6 1 7 0 4 0 4 0 6 0 
3 1 5 0 3 0 8 -1 3 0 6 1 3 1 5 1 6 0 
Language_62
9
0
3 5 6 7 8 
a b c 
0 0 0 0 3 0 7 0 7 0 2 0 3 0 3 0 7 0 
2 1 1 -1 0 -1 2 -1 4 -1 2 -1 1 1 2 1 4 -1 
5 0 2 1 3 0 4 1 4 0 7 0 1 0 4 0 2 1 
0 0 0 1 4 0 0 -1 0 1 4 1 2 0 1 -1 2 0 
6 0 7 0 1 0 8 0 5 0 0 0 4 0 4 1 8 0 
0 1 2 0 2 0 0 -1 4 0 4 1 4 0 1 1 1 0 
Language_63
9
0
0 2 5 6 8 
a b c 
1 1 6 0 2 0 0 0 4 1 7 1 3 0 8 0 7 0 
7 0 4 0 7 1 7 -1 4 1 7 -1 3 1 4 -1 4 -1 
2 0 5 0 6 0 7 0 5 0 0 0 1 1 7 0 4 0 
7 1 3 0 3 -1 4 1 4 0 1 0 1 -1 1 -1 3 1 
3 1 1 1 3 0 0 0 0 0 6 0 6 0 7 0 4 0 
3 1 7 1 7 0 1 1 4 0 1 0 4 1 4 -1 4 0 
Language_64
9
0
0 2 3 5 
a b c 
0 0 3 0 2 0 4 0 8 0 7 1 2 0 3 0 2 0 
1 0 1 0 1 0 8 1 8 -1 6 -1 6 1 4 0 6 -1 
7 0 3 0 1 1 8 0 7 1 1 1 5 0 0 0 7 1 
8 -1 7 -1 1 1 4 0 1 0 1 0 8 -1 4 -1 4 -1 
2 0 4 0 7 1 3 0 0 0 1 1 5 0 3 0 3 0 
1 1 7 -1 8 0 8 -1 8 0 4 0 8 1 1 1 1 0 
Language_65
9
0
0 2 3 4 8 
a b c 
3 0 4 0 8 0 4 0 1 1 7 0 6 1 4 0 5 0 
5 0 5 1 7 1 5 0 6 -1 1 1 1 0 6 -1 5 -1 
5 0 4 0 0 0 1 1 4 0 2 0 7 0 2 0 8 0 
5 -1 6 -1 5 1 6 0 1 0 1 -1 6 0 7 1 7 -1 
6 0 6 1 6 1 1 1 5 0 6 0 2 0 0 0 7 1 
1 1 7 1 1 1 7 1 7 0 5 1 1 -1 5 0 1 1 
Language_66
9
0
0 1 2 4 8 
a b c 
8 0 0 0 5 1 6 0 3 1 2 0 3 1 5 1 2 0 
6 -1 7 1 6 1 5 1 5 1 7 0 5 0 6 1 5 -1 
1 0 6 0 7 0 5 1 7 0 5 0 4 0 7 1 3 1 
5 -1 3 1 5 -1 6 0 6 0 5 1 5 1 3 -1 5 -1 
2 0 0 0 5 1 8 0 7 0 3 1 0 0 4 0 3 1 
7 0 6 0 6 -1 5 1 5 -1 6 0 6 1 5 -1 5 0 
Language_67
9
0
0 2 3 5 
a b c 
7 0 1 1 1 1 8 0 5 0 0 0 0 0 2 0 2 0 
1 1 8 -1 4 -1 1 0 8 0 1 0 7 -1 8 -1 6 1 
3 0 1 0 0 0 6 0 5 0 6 0 4 0 7 0 7 1 
1 0 8 0 7 0 4 -1 8 1 1 0 1 -1 1 -1 7 1 
2 0 7 1 5 0 4 0 2 0 6 1 1 1 7 0 0 0 
8 -1 4 -1 1 1 7 -1 7 0 6 1 8 1 7 -1 1 1 
Language_68
9
0
0 3 6 
a b c 
6 0 3 0 0 0 3 0 3 0 6 0 7 0 8 0 4 0 
1 -1 1 1 8 0 1 0 7 0 7 -1 5 -1 7 -1 2 0 
4 0 6 0 3 0 5 1 7 0 2 0 2 0 5 1 2 1 
4 -1 2 0 8 -1 5 -1 4 -1 4 1 8 1 2 0 4 0 
7 0 6 0 8 0 5 0 1 0 2 0 4 1 6 0 1 1 
1 1 8 1 1 -1 1 1 8 1 1 1 4 0 8 -1 2 -1 
Language_69
9
0
1 3 4 7 8 
a b c 
8 0 5 0 7 0 3 0 1 0 3 0 7 0 1 0 6 1 
2 -1 2 -1 0 -1 5 -1 2 1 6 -1 5 0 0 -1 5 1 
6 1 0 1 6 1 3 0 7 0 3 0 1 0 5 1 2 0 
2 1 2 -1 0 1 2 -1 6 -1 5 -1 6 -1 6 1 6 1 
2 0 2 1 4 0 3 0 8 0 4 0 1 0 1 0 7 0 
0 -1 0 -1 5 1 0 0 2 -1 0 0 5 1 5 0 5 0 
Language_70
9
0
1 2 4 6 
a b c 
8 0 8 0 8 0 8 1 8 0 6 0 5 0 0 0 1 0 
5 -1 3 -1 7 -1 8 1 0 1 0 1 8 -1 7 1 3 1 
6 0 1 0 3 0 5 0 5 1 4 0 2 0 5 0 6 0 
5 0 0 1 8 1 0 -1 0 -1 7 -1 8 0 0 -1 5 0 
2 0 8 1 5 1 7 0 3 1 5 0 2 0 1 0 6 0 
3 -1 8 -1 5 0 5 -1 8 0 0 1 0 -1 5 0 8 -1 
Language_71
9
0
0 7 
a b c 
8 1 6 1 4 0 3 1 6 0 0 0 4 1 2 1 8 1 
6 1 1 -1 4 -1 6 -1 1 -1 3 -1 1 -1 6 -1 1 -1 
3 1 7 0 5 1 3 1 3 0 7 0 0 0 0 0 8 1 
2 0 4 -1 3 0 8 -1 1 1 6 -1 5 0 2 0 3 0 
6 0 8 1 8 0 8 0 2 1 5 0 4 0 6 0 7 0 
8 0 5 -1 4 1 3 1 5 0 2 1 8 0 6 -1 3 0 
Language_72
9
0
0 2 4 
a b c 
0 0 0 0 5 0 6 1 4 0 0 0 1 0 5 1 1 0 
6 -1 7 1 5 0 1 1 8 1 7 0 3 -1 5 0 1 1 
2 0 8 1 2 0 5 0 8 0 3 0 7 1 4 0 5 1 
8 1 6 0 7 -1 3 0 8 0 7 -1 7 0 1 -1 3 -1 
5 0 6 1 1 1 0 0 7 0 8 0 1 0 0 0 8 0 
1 -1 5 -1 7 0 6 1 5 0 6 -1 7 -1 6 -1 3 0 
Language_73
9
0
1 2 4 6 
a b c 
4 0 3 0 5 1 1 0 6 0 2 0 3 1 0 0 6 0 
3 -1 7 1 0 -1 0 1 8 0 3 0 7 -1 5 0 8 1 
5 0 3 0 2 0 0 1 4 0 6 0 5 0 6 0 7 1 
7 0 0 0 5 1 8 -1 0 1 3 0 3 0 5 0 0 -1 
5 1 7 1 6 0 5 1 7 1 5 0 0 0 8 0 2 0 
3 -1 5 -1 8 -1 5 -1 8 0 0 1 8 1 8 -1 3 -1 
Language_74
9
0
0 2 6 
a b c 
0 0 4 0 4 0 2 0 3 1 8 0 8 0 0 0 8 0 
1 0 3 0 7 1 8 -1 3 0 4 0 8 1 8 0 3 0 
8 0 3 0 0 0 5 1 4 1 5 0 8 1 4 0 3 1 
5 -1 3 0 3 -1 5 -1 7 1 1 0 3 1 8 -1 4 -1 
7 1 4 0 3 1 4 0 1 0 7 0 8 1 6 0 7 0 
1 1 4 0 8 1 5 0 3 1 5 -1 3 0 8 1 7 -1 
Language_75
9
0
1 2 7 
a b c 
4 1 4 0 1 0 8 0 0 1 2 0 3 0 6 0 0 0 
8 0 5 0 3 1 8 -1 6 1 5 0 3 1 6 -1 8 -1 
7 0 0 0 7 0 6 0 0 0 2 0 7 0 4 0 4 1 
8 0 0 0 3 -1 5 0 5 1 6 -1 0 -1 3 1 8 0 
5 0 2 0 6 1 6 1 2 0 2 0 6 0 1 0 1 0 
5 0 5 1 8 -1 6 1 0 0 8 0 8 0 8 0 3 1 
Language_76
9
0
0 3 5 8 
a b c 
5 0 6 1 0 0 2 0 0 0 7 1 6 1 8 0 4 1 
7 1 6 1 1 0 4 -1 2 1 4 1 2 1 7 1 2 -1 
1 1 4 1 7 1 2 0 8 0 1 1 7 1 6 1 4 0 
6 0 7 -1 2 0 7 -1 4 0 4 0 4 0 1 0 4 0 
7 0 3 0 1 0 7 1 8 0 1 1 3 0 5 0 7 0 
1 0 1 -1 6 1 4 0 6 -1 6 -1 1 0 4 1 7 -1 
Language_77
9
0
1 2 3 6 7 
a b c 
4 0 6 0 3 0 4 0 2 0 7 0 6 0 1 0 8 0 
0 0 5 -1 4 0 8 1 5 1 4 -1 8 0 8 -1 0 -1 
0 1 5 1 8 0 7 0 6 0 4 0 0 0 5 0 5 1 
0 -1 0 1 0 1 8 0 8 -1 4 0 0 0 8 -1 5 1 
8 0 1 0 6 0 3 0 3 0 8 1 8 0 2 0 7 0 
5 -1 5 1 8 0 5 -1 8 1 8 -1 4 -1 4 0 0 -1 
Language_78
9
0
0 1 2 4 5 
a b c 
1 0 1 0 0 0 4 0 0 0 5 0 5 0 3 0 5 0 
3 -1 6 1 6 1 6 -1 6 -1 7 1 3 -1 6 1 8 1 
2 0 8 0 2 0 8 0 1 0 4 0 1 0 8 0 2 0 
7 1 8 1 3 -1 7 1 6 0 8 1 8 0 7 0 3 -1 
5 0 0 0 4 0 2 0 2 0 7 0 1 0 8 1 3 0 
7 0 8 -1 6 0 8 -1 3 0 3 0 6 1 8 -1 3 -1 
Language_79
9
0
0 1 2 3 4 7 8 
a b c 
1 0 3 0 5 1 4 0 4 0 7 0 8 0 6 1 4 0 
5 0 6 0 6 0 6 1 5 1 5 1 5 1 6 1 5 1 
4 0 0 0 6 0 1 0 7 0 3 0 5 0 4 0 1 0 
5 -1 6 0 5 -1 6 -1 5 -1 6 0 5 -1 6 1 6 0 
3 0 6 1 3 0 1 0 2 0 0 0 0 0 5 0 8 0 
5 1 5 -1 6 -1 5 0 5 -1 5 -1 5 0 6 0 5 -1 
Language_80
9
0
0 1 3 4 5 6 
a b c 
4 0 5 0 4 0 2 0 5 0 5 0 3 0 5 0 1 0 
7 1 7 -1 7 -1 2 0 7 1 8 1 7 -1 7 1 8 -1 
1 0 6 0 4 0 7 1 4 0 4 0 8 0 2 0 3 0 
7 -1 2 1 2 1 8 -1 7 1 7 1 2 1 8 -1 8 0 
8 1 1 0 7 0 4 0 5 0 2 1 0 0 8 0 6 0 
2 -1 2 1 2 -1 7 1 7 0 7 -1 8 -1 7 1 2 -1 
Language_81
9
0
2 3 5 7 8 
a b c 
6 0 5 0 7 0 0 1 8 0 4 1 2 0 5 0 2 0 
6 1 4 0 4 1 4 1 4 1 6 -1 6 0 0 -1 1 1 
8 0 5 0 2 0 4 1 2 0 1 0 5 0 3 0 2 0 
0 1 1 -1 1 -1 6 0 0 0 6 1 4 0 4 1 1 -1 
2 0 5 0 2 0 3 0 6 1 7 0 0 0 2 0 7 0 
4 1 1 0 0 -1 6 0 1 0 0 1 1 1 6 -1 1 0 
Language_82
9
0
0 1 3 5 8 
a b c 
2 1 2 1 5 0 7 1 0 0 3 0 2 1 7 0 5 0 
4 0 2 1 7 0 2 -1 6 -1 6 0 6 -1 6 -1 4 -1 
2 1 8 0 6 1 1 0 1 0 1 0 6 0 6 0 1 0 
7 0 7 1 7 -1 6 1 2 -1 7 1 6 0 4 -1 4 -1 
7 1 0 0 2 1 2 0 3 0 2 0 5 0 4 0 1 0 
4 -1 4 0 4 0 2 0 6 -1 4 1 2 1 2 -1 2 -1 
Language_83
9
0
0 2 4 6 7 
a b c 
1 0 4 0 0 0 8 0 6 0 6 0 4 0 0 0 3 0 
5 0 1 0 8 0 3 1 5 -1 5 0 8 1 8 0 8 -1 
8 1 2 0 3 1 1 0 4 0 3 1 5 0 7 0 7 0 
3 0 3 0 5 0 1 1 5 0 1 0 8 1 5 1 5 0 
5 1 8 0 7 0 0 0 6 0 0 0 0 0 7 0 0 0 
1 -1 8 -1 1 -1 3 -1 3 -1 3 0 3 1 3 1 5 -1 
Language_84
9
0
0 2 3 
a b c 
2 0 8 0 2 0 1 0 2 0 3 0 2 0 5 1 7 1 
5 0 5 -1 1 -1 6 1 1 0 7 1 1 0 5 1 4 0 
5 1 0 0 8 1 2 0 4 0 1 1 5 0 6 0 3 0 
7 -1 5 0 7 0 4 1 6 1 6 0 5 1 4 0 1 0 
8 1 5 1 4 1 4 0 0 0 1 0 8 1 5 0 7 0 
5 0 5 0 5 0 5 -1 1 -1 1 1 4 0 8 -1 8 -1 
Language_85
9
0
2 4 6 8 
a b c 
2 0 7 0 7 0 6 0 8 0 3 1 1 1 0 1 3 0 
1 -1 1 -1 5 0 1 1 5 -1 0 1 0 1 7 -1 0 -1 
0 1 3 1 6 0 7 1 6 0 5 1 4 0 3 0 3 1 
5 -1 5 -1 1 -1 5 1 7 -1 3 1 0 0 0 1 0 1 
3 0 8 0 3 1 1 0 3 0 3 1 2 0 8 0 7 1 
5 -1 3 1 3 0 0 1 0 1 0 1 5 -1 0 -1 7 1 
Language_86
9
0
0 5 6 7 
a b c 
1 0 2 1 6 0 7 0 7 0 3 1 6 0 8 0 3 0 
1 1 2 -1 3 0 8 1 2 0 3 1 1 -1 4 0 1 1 
5 0 2 0 8 0 8 0 3 0 5 0 8 1 2 1 0 0 
4 -1 4 0 1 0 8 -1 3 -1 1 -1 1 1 3 -1 1 0 
1 0 0 0 3 0 7 0 1 0 7 0 2 0 6 0 8 1 
4 1 1 0 2 1 8 0 4 -1 2 -1 3 1 3 0 2 -1 
Language_87
9
0
3 6 7 
a b c 
0 1 6 0 7 0 2 1 4 1 7 0 7 0 6 0 2 1 
5 0 1 1 1 -1 8 1 0 0 8 1 0 0 2 -1 8 -1 
8 1 0 0 7 0 2 0 5 1 0 1 7 0 3 0 4 0 
0 1 1 1 4 -1 5 -1 0 -1 8 -1 0 0 0 0 8 0 
6 0 5 1 1 1 3 0 0 0 5 1 2 0 8 1 1 0 
4 1 1 -1 5 -1 2 0 2 0 8 -1 2 -1 1 -1 4 -1 
Language_88
9
0
1 3 4 5 
a b c 
0 0 2 1 4 0 2 0 4 0 3 0 0 0 3 0 6 1 
6 1 0 -1 6 0 0 -1 8 1 6 0 6 -1 7 1 8 -1 
5 0 1 0 6 0 8 1 2 1 2 1 5 0 5 0 7 0 
6 -1 6 -1 0 -1 2 -1 8 1 7 1 6 -1 8 -1 7 1 
1 0 3 0 4 0 8 0 6 0 1 0 4 0 5 0 1 0 
6 -1 2 0 2 0 0 -1 0 -1 6 0 2 -1 7 0 2 1 
Language_89
9
0
0 1 2 4 8 
a b c 
4 0 4 0 2 0 5 0 6 0 3 0 5 1 2 0 7 1 
7 -1 5 1 7 1 7 0 5 0 5 0 5 1 3 -1 6 -1 
8 0 2 0 8 0 4 0 2 0 6 1 4 0 7 1 8 0 
3 1 7 0 6 0 7 1 3 -1 3 0 5 0 5 -1 3 0 
0 0 4 0 7 0 0 0 0 0 1 0 7 0 4 0 1 0 
3 0 6 0 6 0 7 -1 5 -1 5 -1 3 -1 7 0 5 0 
Language_90
9
0
0 1 2 4 
a b c 
6 0 8 0 4 0 0 0 1 0 6 0 6 1 2 0 1 0 
5 -1 8 0 5 0 7 0 8 -1 3 0 6 0 3 0 8 0 
6 1 0 0 2 0 5 0 5 1 7 0 7 1 3 0 8 0 
7 1 3 -1 6 -1 3 1 5 -1 7 1 6 -1 5 0 8 -1 
2 0 6 0 6 1 3 0 5 1 3 1 0 0 8 1 1 0 
3 -1 8 0 7 -1 3 -1 8 -1 6 -1 3 -1 8 -1 3 -1 
Language_91
9
0
7 8 
a b c 
2 1 8 0 6 0 4 1 2 0 1 1 8 0 4 1 3 0 
1 1 0 -1 5 1 3 1 3 -1 5 1 5 -1 1 -1 3 0 
5 0 3 0 8 0 6 1 7 0 4 1 7 0 3 1 5 0 
3 -1 0 -1 2 0 5 1 0 1 5 -1 2 -1 0 -1 0 -1 
6 0 8 0 0 0 3 1 6 0 4 0 8 0 6 1 2 1 
3 1 5 1 1 0 3 -1 4 1 3 -1 5 0 3 0 0 0 
Language_92
9
0
0 8 
a b c 
7 0 7 0 7 0 5 1 8 0 5 0 4 1 6 1 3 0 
4 0 6 -1 5 1 1 1 2 -1 5 1 5 0 4 0 6 -1 
5 0 0 0 0 0 8 0 4 1 3 1 3 0 3 0 0 0 
4 -1 6 1 6 -1 4 0 5 -1 5 0 5 1 4 -1 5 1 
0 0 5 1 6 0 4 0 1 1 4 1 3 1 4 1 2 1 
5 -1 6 0 4 -1 7 1 5 -1 2 1 6 -1 7 1 5 -1 
Language_93
9
0
2 3 4 7 
a b c 
7 0 4 0 1 0 8 0 3 0 2 0 0 0 3 0 0 1 
1 -1 6 0 0 1 0 0 5 1 8 1 6 1 6 -1 6 1 
6 1 0 1 3 0 7 0 8 0 0 0 1 1 2 0 8 1 
8 0 5 -1 0 0 8 1 0 0 8 -1 8 0 0 0 0 1 
0 1 1 1 7 0 0 1 1 0 6 1 0 1 5 0 8 0 
1 1 6 -1 8 -1 5 1 1 -1 1 -1 0 1 6 -1 8 0 
Language_94
9
0
2 6 7 8 
a b c 
8 0 1 1 5 1 1 1 5 0 1 0 1 0 0 1 0 0 
0 -1 1 -1 1 -1 1 0 0 -1 3 1 3 -1 3 -1 3 0 
7 0 8 0 0 0 0 1 7 0 1 1 8 0 8 0 6 0 
5 0 4 1 3 1 0 -1 1 1 4 1 4 0 0 -1 4 1 
6 0 7 0 0 1 7 0 3 0 6 0 8 0 6 0 2 0 
4 0 4 0 4 0 4 1 0 1 3 0 1 0 5 1 4 1 
Language_95
9
0
0 3 7 
a b c 
6 0 3 0 4 0 4 1 0 0 3 0 8 0 7 0 5 1 
4 0 2 1 2 -1 1 1 1 0 1 -1 5 1 2 1 6 0 
6 1 3 0 2 1 1 1 8 0 2 1 8 1 5 1 8 1 
5 1 5 0 6 1 8 0 6 -1 2 -1 2 0 8 1 8 0 
2 1 5 0 7 0 1 1 8 0 2 1 2 0 7 0 0 0 
8 1 5 -1 5 -1 2 -1 5 -1 1 1 2 -1 4 1 2 0 
Language_96
9
0
0 2 3 4 5 6 7 8 
a b c 
5 0 1 1 8 0 6 0 0 0 2 0 4 0 0 0 3 0 
1 -1 1 1 1 1 1 1 1 1 1 1 1 0 1 0 1 0 
1 0 3 0 7 0 4 0 2 0 2 0 6 0 4 0 0 0 
1 1 1 -1 1 -1 1 -1 1 0 1 -1 1 1 1 -1 1 0 
0 0 6 0 4 0 5 0 8 0 1 1 7 0 3 0 1 0 
1 0 1 0 1 -1 1 -1 1 1 1 -1 1 -1 1 -1 1 -1 
Language_97
9
0
0 2 3 4 
a b c 
7 0 5 1 3 0 4 0 2 0 8 1 2 0 0 0 2 0 
6 0 7 1 7 -1 5 -1 7 0 8 1 6 -1 8 0 7 -1 
2 0 6 0 5 0 7 0 4 0 5 0 3 0 7 1 1 1 
1 1 8 1 6 1 1 0 8 0 5 -1 8 1 8 1 1 0 
2 0 1 1 0 0 7 1 4 0 1 0 5 0 4 0 5 0 
7 1 8 -1 6 -1 7 0 8 0 6 0 8 0 5 0 7 1 
Language_98
9
0
0 3 4 6 8 
a b c 
2 1 1 0 8 0 8 0 5 0 1 1 3 0 4 0 6 0 
5 1 7 0 2 1 2 1 7 1 7 1 7 -1 2 -1 5 -1 
3 0 5 1 2 0 8 0 7 0 6 0 7 1 7 1 4 0 
1 1 5 1 2 -1 7 1 5 1 5 0 2 0 5 -1 1 0 
0 0 0 0 4 0 5 0 6 0 6 0 3 0 4 0 7 0 
5 1 5 0 7 1 7 -1 2 0 2 -1 7 0 1 -1 2 1 
Language_99
9
0
4 6 7 8 
a b c 
0 1 7 0 0 0 4 0 8 0 1 1 6 0 1 1 2 1 
3 0 1 -1 0 -1 2 -1 2 -1 0 -1 1 0 5 -1 2 0 
1 1 0 1 4 0 6 0 5 1 0 1 1 1 0 1 6 0 
5 1 5 1 5 1 3 -1 3 -1 5 1 1 0 1 0 1 1 
4 0 4 0 7 0 1 1 4 0 5 1 1 0 8 0 3 0 
2 1 0 1 3 1 1 0 3 0 5 0 5 0 2 -1 1 -1 
